100
2 1
100 20
200 10
2 2
100 20
200 10
3 2
100 10
100 10
100 10
4 2
9 3
7 1
10 1
8 4
9 6
28985 2497
267287 89
20014 2039
21632 2152
27004 2777
28090 2379
22316 2713
26286 2327
210664 38
3 1
451132 646743
844459 89629
452830 692311
7 4
588924 16354
186732 51578
57646 167076
107559 89544
278103 34632
54612 176358
39442 244188
6 3
277005 506114
99584 414644
396391 228950
905124 533691
333167 838540
559869 507056
4 3
18010 98
3008 370268
3140 326185
3400 392018
2 1
690471 84781
58937 993244
5 3
443889 158424
188108 373842
269514 260924
591852 118818
82584 851529
6 3
3083 393642
3279 337472
3208 380811
17081 17
10807 6
3473 329110
3 2
37944 69069
269514 9724
34408 76167
5 1
434909 986536
119053 821055
612597 603733
143976 688580
248655 582259
7 4
3166 354664
3722 371883
3661 318969
19731 79
3397 335247
3946 399395
19614 58
7 5
964857 77197
78856 944558
188891 394323
119706 622225
959500 77628
131142 567965
450218 165440
10 10
1000000 1000000
1000000 1000000
1000000 1000000
1000000 1000000
1000000 1000000
1000000 1000000
1000000 1000000
1000000 1000000
1000000 1000000
1000000 1000000
8 2
46156 455766
932627 22556
414697 50727
70651 297750
550949 38182
85095 247210
36892 570214
78473 268071
10 7
293818 19750
249972 719368
713738 661639
615674 264176
73282 987846
240851 928719
756150 241485
700136 944920
344869 864873
13680 603494
4 1
412746 744186
885481 297950
241912 922169
504952 314112
3 2
23195 2545
214214 2
23693 2090
4 2
27984 2368
21560 2144
21211 2214
229165 89
7 5
26902 2861
26651 2320
211091 61
215034 96
20497 2944
23345 2887
20144 2804
6 4
76565 461265
408754 86401
48414 729474
352034 100322
119717 295002
164706 214423
5 3
141081 281736
63468 626262
268398 148092
206271 192696
925288 42957
8 6
3741 325710
3583 330895
16506 20
3207 347395
12211 90
3835 327028
3396 344461
3948 395681
2 2
847044 9842
11718 711436
7 1
27952 2597
21369 2697
22292 2834
25329 2979
273978 74
29465 2245
245559 52
8 3
378117 988375
307276 11666
896441 836472
221246 122348
47825 513428
718751 245374
609165 64320
705056 155105
6 3
882858 75219
126935 523163
89115 745191
775954 85582
146002 454841
239868 276851
6 1
433402 190435
597633 138103
139644 591038
156437 527592
232774 354571
440861 187213
2 1
460386 800718
714954 986815
8 2
11719 34
3101 324546
3524 340367
3867 322745
3816 310534
3227 336959
13500 98
3348 318571
4 3
296184 84249
65016 383801
127428 195822
837384 29799
2 1
27562 2132
222257 42
9 4
3326 318893
14268 25
3475 391263
3979 379922
18522 75
3727 380272
3632 379831
3060 387391
3577 331952
10 2
23856 2562
203716 15
23974 2984
284766 22
29498 2852
22826 2829
26348 2090
284030 59
20128 2901
22360 2480
8 2
29490 2604
26420 2295
20863 2244
29063 2277
26540 2720
28534 2231
287540 34
242507 40
9 5
3534 315952
14678 90
3068 363386
19715 26
3985 305462
3378 374621
3179 324517
3714 324992
3750 345494
2 1
556164 769755
632338 444846
3 2
44919 437784
855848 22977
738668 26622
9 3
520920 382325
547188 976355
100307 631265
952864 984554
245593 379804
836016 105743
216995 387081
699500 405226
245050 637791
4 3
660736 77242
465191 109711
277525 183899
111138 459218
3 2
31416 161253
539847 9384
7854 645012
5 3
928404 10626
145299 67896
115736 85239
382536 25789
29274 336996
8 4
521171 909987
436267 898108
801588 95422
58880 282910
988015 843276
206694 243035
535798 74504
4742 654147
4 1
3411 381262
3708 324505
3388 313086
10580 6
4 3
383061 126936
445179 109224
145928 333207
191142 254388
2 1
25409 2421
229063 19
4 1
14110 2
3130 360071
3678 395094
3127 370188
7 3
186856 445944
795989 104684
902514 92328
125161 665761
253370 328876
253616 328557
400308 208158
10 6
62244 68034
15561 272136
82824 51129
306153 13832
529074 8004
317492 13338
4347 974168
25636 165186
35496 119301
7176 590121
5 3
25704 293683
161704 46683
60639 124488
380562 19836
35496 212667
1 1
1 1
5 3
368049 28701
164713 64132
48876 216126
313658 33678
86847 121632
4 1
509952 844951
899550 412842
607974 885333
837451 408586
6 1
917611 946840
187251 598011
783867 803975
816369 305861
545206 852008
652862 621370
6 1
3670 388985
3049 392374
3199 371303
10167 45
13083 89
3430 303271
7 4
12276 856254
339822 30932
21793 482328
160776 65379
180264 58311
199578 52668
15022 699732
5 1
13701 58
3864 364475
13815 30
3217 320063
3938 345141
4 3
25631 2134
283245 4
29154 2062
27584 2609
6 4
632442 998717
681854 285317
183876 983170
808527 544689
45358 811341
556150 81127
5 3
816625 954607
99720 521939
437001 256205
775374 818611
569692 582259
4 3
22126 960876
144522 147108
91512 232323
115128 184667
9 5
268189 470057
876190 512272
764932 634757
593014 652832
838000 122479
256404 787695
83799 974224
7990 785258
802765 217901
4 3
252109 46872
239382 49364
251937 46904
43043 274536
9 6
256148 30
23522 2006
23376 2531
22860 2301
22385 2686
22436 2650
25406 2873
22105 2874
211064 7
3 2
20720 2853
215741 2
24801 2675
4 2
26372 2981
22769 2976
26830 2293
266001 77
9 2
14827 16
3692 330031
3186 324760
3056 387217
14638 80
3048 360422
3420 310259
3907 301015
3512 347276
5 3
250759 447892
598605 159654
621011 96532
785866 960772
922329 55207
10 6
27383 2144
23733 2484
29713 2815
20998 2829
244938 81
28570 2366
294449 16
24406 2804
226981 46
28464 2944
7 4
3938 367087
3366 374290
3771 378161
13470 65
3120 353670
19966 73
3256 341649
7 5
3017 321358
3176 338741
12352 94
3090 377700
3066 367194
16666 5
3977 382693
3 1
707986 899758
822239 970286
247533 772106
2 1
254838 87
23470 2344
8 6
94215 225607
96738 219723
62491 340138
25264 841338
106886 198862
545588 38959
390756 54396
37620 565007
10 2
169085 436773
784547 94133
537010 137524
626776 117828
187820 393205
113641 649869
132777 556209
526546 140257
177100 417006
205340 359656
7 4
3869 372908
16971 34
3173 393481
3842 391022
3633 384390
3806 331655
16832 50
6 4
92647 955192
89168 992460
591691 149564
269376 328521
181145 488535
560351 157929
4 3
23478 456228
165851 64584
426474 25116
312156 34314
8 3
428038 423742
580193 635349
590602 844215
870702 907723
940724 343545
219490 412212
872089 628650
25948 898600
3 1
620318 548356
810797 831432
342467 214716
3 2
3869 311586
11673 10
3742 385571
6 3
114935 543712
161590 386729
152069 410942
74735 836175
468147 133487
552998 113005
9 4
94755 745858
328703 215008
387451 182407
459619 153766
165706 426501
278491 253774
161958 436371
932384 75799
407107 173600
5 1
22399 2561
241000 87
219014 30
22260 2163
23582 2108
8 4
3251 371397
3120 309785
11122 90
3243 361914
10113 82
3377 386224
3907 393551
3533 335203
7 4
3353 337406
17452 45
3809 387692
14530 80
3661 316059
3525 350234
3099 353865
9 4
22569 2758
28519 2729
28184 2007
215936 98
28538 2326
218219 48
29889 2681
25688 2786
29464 2505
5 1
11435 36
3476 310610
19576 94
3845 312435
3931 347334
4 2
262091 300012
454711 172924
145050 542092
130682 601693
6 1
155405 312189
247374 196123
112542 431090
184133 263482
227752 213020
587514 82578
4 2
465080 162475
369482 204513
302270 249988
183687 411373
6 4
136493 203688
137268 202538
591192 47027
42476 654534
89838 309468
578088 48093
10 6
97867 157896
515592 29971
52632 293601
329681 46872
237677 65016
30996 498542
19737 782936
98728 156519
75768 203949
23188 666414
4 2
369955 198231
163583 448314
280465 261482
98210 746732
7 1
230102 99
20445 2020
24259 2967
231245 48
21850 2068
28283 2351
26715 2266
5 3
114552 278103
276318 115292
456617 69768
875007 36408
89913 354312
7 1
269395 234193
894164 70558
490076 128736
64843 972972
162015 389411
138951 454048
170325 370412