100
4 2
5 2
6 2
1000 1000
1000 1
1000 255
495 490
955 825
823 758
999 512
500 1
602 471
1000 2
984 870
788 631
4 1
754 730
2 2
550 424
361 359
1000 310
999 488
948 715
833 785
500 248
483 443
799 728
982 910
930 797
999 498
657 497
3 2
999 256
536 492
389 353
500 172
1000 128
1000 498
1000 127
500 255
1000 488
999 2
999 497
999 511
886 686
849 679
500 405
500 244
1000 256
1 1
999 127
500 256
268 256
500 117
999 998
968 756
748 662
440 358
1000 507
999 999
5 1
500 249
415 389
733 606
1000 499
719 619
500 2
667 502
1000 999
842 834
999 502
999 487
1000 500
999 412
924 784
1000 512
999 499
484 370
500 128
999 128
500 250
737 643
500 499
2 1
500 245
580 503
415 384
3 1
500 500
500 127
501 499
449 374
500 116
1000 511
500 67
999 1
1000 489
999 255
908 826
579 516