100
4 2
5 2
6 2
1000 1000
1000 1
500000 128
500000 262144
1000000 475713
273180 234987
1000000 499998
1 1
1000000 524288
500000 250000
593902 591002
1000000 262144
818872 805605
548568 457631
263640 233705
726786 614733
3 1
500000 127
1000000 1000000
500000 1
500000 262143
1000000 500000
1000000 128
1000000 513847
574988 467803
758001 714027
1000000 999999
781545 590920
988596 896785
500000 131071
908603 723827
733966 669136
500000 2
999999 262143
1000000 262143
999999 999999
766127 659378
1000000 2
999999 128
999999 475711
5 1
3 2
295947 238386
757044 746415
730543 605080
1000000 499999
999999 499999
325525 322371
4 1
603563 601080
658631 605203
999999 2
970467 889873
622769 599758
999999 405596
584177 483967
999999 499998
500000 249998
291258 282674
2 1
1000000 127
345422 321324
999999 524288
1000000 311529
482389 402157
781705 743207
404823 382661
500000 171016
319994 257667
500000 500000
999999 475712
999999 503941
261684 255887
999999 1
999999 127
972908 809732
999999 999998
500000 499999
444422 378048
500000 249999
1000000 524287
999999 262144
500000 131072
1000000 475712
500000 244670
430690 393246
830432 720895
2 2
653741 620007
675827 659444
500000 237857
500000 237856
999999 524287
999999 499997
1000000 1
873816 815962
351794 313043