113796925398360272257523782552224175572745930353730513145086634176691092536145985470146129334641866902783673042322088625863396052888690096969577173696370562180400527049497109023054114771394568040040412172632376
322615043836854783580186309282650000354271239929
72723460248141
4444705723234237498833973519982908519933430818636409166351397897095281987215864
926305439978556110345168148279287821152865667970711489644302195807201560695593260839033495142464219140896452459573
89
53193645363047428491370308446469609309956480560844941363428847958576455066558240319701707035338994711852685519455642703137273765731372642540796377854126340204575352673825498297174102574526190607037
23416728348467685
8934100808864840588968254846666500774662240852478275476653257837732021606120081759175720837328779800905373157
14012222329320380360477957577902026327196843291708621628988463816224289805272203709520415969453367214046785150335122978
5869837224475642233942560174083834122315824166562746183554346781470898130360035277192385590837389538679371521327153833059570875299922930518051591126932193110822625095515159363640483581
1779979416004714189
5034645418285014325766435419644478339818233
113796925398360272257523782552224175572745930353730513145086634176691092536145985470146129334641866902783673042322088625863396052888690096969577173696370562180400527049497109023054114771394568040040412172632376
2923602405716568564338475449381171413803636207598822186175234
5
11636390653418416980850249915594581159038678944868584489700931605805709880172285
2281217241465037496128651402858212007295
50037649861895889944281806870581945770817562873266522821303614932966358812510072427265769282187072202250806671411937176213
24157817
10261062362033262336604926729245222132668558120602124277764622905699407982546711488272859468887457959087733119242564077850743657661180827326798539177758919828135114407499369796465649524266755391104990099120377
7778742049
17167680177565
8146227408089084511865756065370647467555938
31940434634990099905
7540113804746346429
1081213530912648191985419587942084110095342850438593857649766278346130479286685742885693301250359913460718567974798268702550329302771992851392180275594318434818082
6557470319842
4181
1670521051256653841637126560614460756304620968521825962693973285419332485005221840483956053945201474108702846239809981459774415965
202401005213503038261932567177107618332887918916819829782797456368284639448671475316218754
3464106682483988328402919139389822461211646284154792727806764703776402307148103728021510421954730976821764771444006361950530673705542184390272133222561
13
129049549878268233256883381302815012467835672190109552534355121389997818506160385
83621143489848422977
61305790721611591
1365046504072321508231222244310422363877266660206444179119732408369866192876900278185575638836207240316520034980758670394197563455932861996357
34
382258862231028574261100281936883758817863493280896798025390698127550201491037179836377303873609973810592211414348973275388364055795515120
55
7654090467756936378415884538348976340768064993978954512095813
46368
3357838382244520814061902456520975379450185046072064315551019004437257320392585016666597950515462467420084841013084956530503810829210583388265552026315325093890
538522340430300790495419781092981030533
96151855463018422468774568
53316291173
6765
15635695580168194910579363790217849593217
2178309
1
554926040554257829308125788274680482815955849738659889938144313725789769599132698259438063468312512862179152906263350659689
