6 2.063 3.041 6.493 1.499
3.930 4.301
1.200 2.062
5.022 1.006
3.502 2.404
5.138 5.921
5.722 0.628
8 2.397 1.701 0.658 4.641
3.901 4.841
3.313 2.971
4.968 1.817
2.462 5.752
0.048 0.144
4.470 1.843
5.046 5.457
4.672 3.740
3 4.941 4.933 3.846 2.432
5.376 4.369
6.552 1.990
5.017 1.695
7 5.652 6.257 2.409 2.642
3.626 1.837
0.557 3.174
5.372 5.844
6.478 2.705
4.356 1.369
4.588 4.859
5.086 1.819
7 4.369 2.338 3.400 2.293
4.920 3.189
3.984 2.079
4.188 0.284
0.208 3.271
5.127 2.240
5.719 1.035
1.480 1.397
5 5.533 1.550 4.673 3.978
5.691 4.045
5.322 4.426
0.550 0.208
3.936 5.377
2.274 4.807
10 2.832 0.644 5.479 4.262
4.446 3.923
3.048 3.202
5.729 3.280
5.106 4.891
2.519 1.633
5.481 1.507
4.786 3.416
5.224 1.119
4.363 1.378
3.162 5.427
7 0.380 5.374 3.033 0.048
3.528 1.945
5.214 0.449
2.719 5.654
4.791 3.053
5.127 1.836
6.077 5.933
0.428 2.490
10 6.311 4.708 2.663 5.468
4.235 6.468
2.978 1.417
1.943 0.017
1.311 5.584
2.751 0.551
3.617 2.984
4.960 1.174
5.575 3.555
2.912 4.208
4.646 3.521
8 4.226 0.443 6.268 6.011
3.031 2.668
2.142 5.905
6.393 4.763
2.719 2.941
2.692 6.240
6.386 2.825
4.161 3.055
5.646 3.647
3 0.528 5.883 3.965 3.783
4.135 6.188
4.359 0.023
1.388 1.602
6 3.165 5.373 3.093 4.642
0.959 1.145
1.139 6.064
6.532 4.454
5.772 5.552
6.125 4.414
4.016 3.563
5 1.332 4.347 4.419 6.068
5.399 1.700
2.493 1.070
6.267 3.381
4.871 0.677
5.808 2.708
6 5.474 2.741 2.557 3.361
4.527 2.039
4.240 5.115
5.926 3.991
0.645 1.273
0.456 5.183
4.653 0.546
10 1.269 4.575 0.411 5.229
2.785 4.977
2.239 2.023
0.399 2.749
4.654 5.220
5.368 4.251
5.373 5.747
0.315 1.668
2.133 1.939
5.661 2.913
0.711 0.259
1 1.434 3.034 0.482 5.059
2.644 4.774
10 0.810 6.293 5.358 6.285
6.481 4.051
1.740 6.197
3.639 3.398
1.486 0.855
2.419 5.537
4.339 0.572
3.464 5.743
5.433 3.700
4.870 2.339
1.285 5.217
3 0.977 4.889 1.794 0.313
5.730 5.884
2.894 2.828
4.857 2.403
10 0.544 2.033 4.373 2.200
4.592 0.916
3.841 5.580
5.268 2.278
0.777 4.424
5.481 4.372
2.926 4.194
0.097 1.952
5.668 4.949
4.820 1.125
3.497 0.582
8 4.292 0.299 5.458 5.988
4.744 0.449
4.616 4.708
1.068 0.345
0.488 0.423
0.534 6.410
5.401 3.256
5.269 2.989
3.180 2.619
10 1.380 5.934 6.460 1.795
4.112 4.064
5.542 1.059
1.376 4.986
3.378 0.924
5.637 2.951
3.517 1.258
1.693 0.651
5.564 2.293
4.227 4.242
5.560 1.216
9 0.131 4.172 4.151 0.901
6.443 4.149
3.997 1.429
0.704 1.843
5.547 1.181
2.421 4.367
1.609 4.592
0.757 4.191
0.615 1.020
4.568 1.656
9 4.545 6.459 6.460 5.866
3.033 0.301
0.363 0.774
3.604 3.150
4.343 5.324
3.205 2.937
4.863 1.319
5.341 0.379
2.306 3.051
3.426 1.842
8 5.291 5.640 5.402 3.619
6.447 3.994
5.283 1.169
0.756 3.571
3.016 4.616
6.105 6.250
3.208 3.927
4.442 4.294
4.960 5.279
6 3.343 1.662 0.200 0.959
1.090 1.722
3.477 2.842
6.363 0.816
5.184 0.800
1.979 3.431
2.522 5.523
6 0.291 3.794 6.456 1.037
2.592 2.349
4.851 0.602
5.571 6.388
5.312 5.265
0.267 0.616
3.433 3.241
6 5.853 0.480 4.910 0.332
2.529 1.622
3.172 1.451
4.514 6.533
3.981 4.744
5.172 6.484
5.976 4.959
8 2.735 5.710 1.273 1.795
1.146 6.320
4.227 5.778
0.382 3.478
4.868 5.830
2.160 4.151
4.665 4.922
1.673 4.639
3.217 5.341
10 2.761 2.521 1.458 2.801
3.261 5.858
3.554 1.683
2.326 2.265
4.284 2.434
2.556 2.893
0.889 4.630
0.605 3.502
2.666 5.921
3.307 0.310
2.288 0.700
3 1.429 4.583 2.644 3.864
5.428 6.235
3.289 2.677
1.163 1.598
6 3.121 5.603 4.822 6.002
5.001 2.892
0.397 0.932
5.002 3.949
0.839 6.217
6.534 4.783
4.379 4.125
10 5.774 0.958 3.476 2.524
1.742 6.059
4.213 4.313
3.989 1.366
1.917 0.064
2.702 4.652
5.291 1.717
3.674 4.859
5.091 1.532
4.959 6.353
1.878 4.434
10 2.672 5.026 3.672 1.981
1.459 4.429
4.046 5.918
5.822 3.695
6.398 2.702
2.959 3.481
0.824 2.470
4.699 4.221
0.717 0.687
0.003 0.135
3.885 4.365
9 0.793 4.855 4.335 5.040
1.121 5.426
4.150 2.038
5.152 4.372
6.088 5.997
4.283 4.403
4.810 0.730
0.548 1.259
1.793 6.493
5.480 2.425
1 0.483 4.481 6.511 3.435
3.672 0.946
8 3.637 1.543 2.945 4.260
3.809 0.842
5.396 0.136
5.715 6.320
1.718 1.998
2.395 2.246
4.466 2.634
2.696 2.962
4.976 3.800
4 0.678 5.167 2.896 0.455
3.694 3.759
6.539 2.440
1.484 4.739
1.356 4.978
4 5.216 6.462 5.307 2.989
2.066 3.788
1.000 5.641
4.021 4.258
4.737 1.122
6 4.651 5.506 6.264 1.741
2.583 3.042
1.322 5.365
2.008 4.264
2.982 4.944
1.614 0.998
4.505 6.303
10 1.276 0.685 3.722 5.955
1.573 5.967
2.186 2.302
3.577 3.092
4.193 3.468
1.365 0.331
4.489 2.777
4.464 0.684
6.225 3.310
1.469 3.698
6.129 3.755
10 2.968 3.955 6.001 1.070
5.158 2.266
6.466 3.290
5.942 4.242
0.448 1.173
3.892 0.293
4.134 2.744
5.546 4.349
0.007 5.918
4.444 2.539
0.689 3.110
1 4.477 0.955 2.184 0.270
3.761 4.591
1 4.366 0.699 2.788 2.762
3.959 2.915
10 5.010 4.157 3.538 6.049
3.394 2.562
0.602 5.385
4.838 3.816
3.641 0.282
0.763 5.287
1.548 1.516
2.976 6.110
5.368 4.423
0.998 1.508
5.513 2.437
10 5.812 1.450 5.993 6.519
3.427 3.650
5.899 4.365
0.577 4.342
0.151 2.287
4.821 4.194
1.137 2.372
5.484 4.416
4.335 3.686
2.051 1.819
2.843 1.055
1 2.601 2.728 3.895 0.822
0.823 0.471
3 5.486 0.223 4.094 4.175
3.080 6.353
1.401 0.491
6.475 5.072
7 1.346 0.709 1.429 3.063
4.556 5.473
0.979 3.951
0.105 3.380
0.998 2.515
5.689 2.734
1.508 4.104
0.601 0.246
2 2.594 2.169 2.080 4.771
0.746 0.484
5.904 4.585
10 4.497 0.943 5.038 1.097
5.868 3.852
5.360 3.024
4.262 1.751
3.160 1.880
2.301 3.566
3.147 6.124
3.392 4.925
4.938 2.337
6.458 1.624
1.407 1.474
9 3.093 2.153 0.494 5.608
6.119 4.967
0.818 5.728
1.525 2.118
4.519 0.600
0.687 6.440
5.958 3.171
4.174 3.091
3.810 5.916
4.050 2.024
6 5.028 3.852 1.179 0.125
6.202 4.883
4.081 5.518
3.680 2.604
3.409 3.960
3.699 5.287
0.945 1.034
10 5.352 5.458 5.337 6.253
3.869 0.058
4.397 6.209
0.542 4.768
0.242 4.350
4.265 5.926
3.589 5.506
4.253 2.909
6.444 4.642
2.265 2.561
1.849 1.928
2 6.308 5.528 2.596 5.087
5.890 5.407
2.462 0.009
2 0.028 4.655 2.065 1.700
6.328 0.122
4.860 5.530
3 5.951 3.273 2.276 5.956
3.233 6.061
5.049 0.856
1.715 0.011
1 6.377 1.855 0.641 0.107
4.932 1.691
7 2.269 2.111 3.288 0.039
4.573 2.284
6.525 1.913
1.053 4.768
4.157 1.286
4.209 6.383
1.525 3.511
5.121 6.078
10 3.744 5.943 2.672 3.022
4.441 5.619
0.671 4.187
4.348 3.363
2.906 3.799
5.572 1.068
2.098 3.477
1.099 4.874
4.237 2.157
1.661 0.231
4.706 3.293
4 5.474 0.426 6.309 1.602
0.345 2.127
3.009 2.021
5.652 4.939
2.234 1.845
8 4.123 1.988 4.692 6.285
1.473 3.979
1.433 5.811
3.995 2.844
3.570 0.407
2.738 5.783
6.419 6.533
0.568 4.042
4.563 5.844
9 0.273 0.492 4.764 3.685
3.476 3.372
2.883 6.415
4.242 5.115
3.902 4.546
5.225 2.863
5.744 4.463
2.850 0.632
2.907 0.492
3.193 0.997
4 1.336 4.299 5.376 1.729
5.683 5.703
2.340 3.585
5.215 5.162
0.883 2.255
2 6.329 4.906 3.969 6.001
3.160 1.369
1.255 0.302
3 2.700 0.859 5.636 2.835
4.904 4.765
3.623 4.104
0.646 2.308
3 0.137 4.667 0.281 1.680
2.799 2.839
6.262 2.932
0.950 1.875
4 4.790 6.167 1.326 5.617
3.996 1.245
3.048 0.376
1.232 0.741
2.772 5.396
3 4.246 0.029 0.298 6.471
2.192 4.929
4.856 4.099
5.289 1.407
5 5.927 0.773 3.478 2.172
2.734 3.962
3.115 4.590
0.989 1.755
5.036 0.207
3.322 3.455
10 2.829 4.978 3.947 4.661
1.284 5.430
0.595 0.470
3.221 0.835
3.572 0.052
0.526 6.413
5.033 4.067
1.144 5.953
3.079 3.076
3.285 3.359
4.805 0.904
2 0.407 4.734 5.232 1.135
4.435 4.942
2.060 5.897
3 5.408 1.649 4.563 0.505
4.100 6.377
3.769 2.746
4.746 2.385
4 6.272 2.440 6.266 1.304
3.049 3.840
0.231 3.766
3.276 6.149
0.784 0.011
6 1.831 2.771 0.380 0.691
5.134 5.997
2.353 3.423
5.654 5.292
1.865 3.630
4.136 2.530
2.043 5.978
6 1.492 2.739 0.513 0.527
1.670 0.101
3.220 0.139
0.633 0.250
3.199 5.012
0.511 0.878
2.755 3.029
1 3.448 0.686 0.390 5.507
4.398 0.371
3 0.360 5.354 4.385 5.573
2.208 3.194
0.339 2.562
1.710 6.307
4 5.587 1.632 1.244 1.195
4.884 5.817
1.478 0.887
0.989 0.033
1.028 1.885
3 5.721 0.983 5.030 2.552
6.314 6.352
6.357 0.816
2.323 4.318
3 2.575 4.668 4.864 4.751
3.623 3.248
0.409 4.303
3.649 5.325
3 2.901 3.592 5.574 0.222
5.268 6.045
2.069 1.518
1.950 5.164
3 4.232 2.038 6.130 0.720
0.774 4.503
6.201 1.795
4.589 1.046
5 4.601 1.537 5.541 4.222
1.338 3.987
3.921 2.179
1.351 2.627
1.101 2.222
0.856 1.863
5 1.047 6.455 5.932 1.640
0.904 0.463
4.522 1.758
4.064 1.806
2.203 2.952
6.346 4.577
1 5.275 5.528 4.451 4.721
1.454 3.258
3 1.087 3.603 1.296 0.660
5.404 3.905
2.703 5.139
4.942 6.505
8 3.813 3.067 6.505 0.913
3.518 0.122
0.883 1.863
0.190 6.130
6.398 1.445
3.090 2.482
4.126 6.503
0.007 4.398
1.164 0.915
3 2.141 1.845 6.352 4.207
3.277 4.072
2.879 4.044
0.842 3.097
5 1.875 0.884 1.706 5.125
1.789 6.137
1.202 3.680
1.548 3.646
1.656 2.494
2.812 4.024
5 0.201 2.887 3.988 0.947
3.073 3.892
5.623 0.824
4.246 3.734
4.875 3.377
5.755 1.266
3 2.655 1.769 1.172 6.202
2.057 5.254
5.750 5.109
3.768 6.170
5 0.386 1.901 2.165 0.864
5.369 2.273
1.560 1.420
2.207 3.206
2.945 4.969
0.527 2.530
2 1.346 4.358 3.599 0.126
0.731 5.879
6.346 4.062
1 2.065 5.012 0.828 0.723
3.276 4.923
5 1.179 0.326 1.476 4.949
5.931 6.158
1.077 0.007
1.233 5.224
4.629 4.929
2.768 6.275
10 6.013 4.607 1.950 3.436
4.219 5.040
0.266 1.645
5.797 0.004
1.993 1.617
4.642 5.803
1.796 3.592
4.908 5.146
5.113 2.869
3.015 1.848
4.888 2.335
7 0.634 6.534 0.410 2.184
6.537 3.339
4.328 0.842
3.694 3.244
3.261 3.096
1.542 6.050
3.032 4.479
4.848 6.418
10 4.182 5.346 3.114 3.878
5.242 0.342
2.141 1.548
4.623 5.843
4.067 0.375
3.503 0.778
2.684 4.393
1.358 6.175
5.616 1.893
0.747 6.460
4.502 5.717
1 1.422 4.396 6.157 6.370
6.045 5.193
2 5.983 2.611 1.265 3.561
1.954 3.119
1.619 0.596
3 2.461 4.341 6.081 4.285
5.532 5.493
2.870 3.830
4.709 1.192
9 6.016 1.518 1.490 0.883
1.467 6.378
3.193 2.262
5.143 0.794
0.491 5.061
4.274 2.616
5.051 5.721
5.463 2.390
3.666 0.415
0.810 2.615
10 5.021 3.048 4.878 5.321
2.499 0.751
5.364 1.709
5.550 5.968
4.197 2.039
5.686 2.962
0.793 4.768
1.510 5.234
4.370 3.742
1.241 0.831
2.332 1.387
4 1.750 4.418 4.806 3.887
4.244 0.364
5.371 2.241
0.631 4.042
3.256 5.099
5 3.848 5.763 5.485 5.220
1.127 4.129
4.770 2.062
5.716 0.846
4.317 3.365
3.267 2.744
8 1.298 4.780 0.852 4.949
2.301 1.870
6.077 3.046
3.549 1.046
3.416 6.125
0.113 5.430
5.394 1.667
3.837 3.213
3.728 0.286
9 4.858 2.697 3.544 4.258
2.803 5.254
6.183 5.065
2.256 4.990
4.480 3.416
0.527 1.207
0.050 3.812
1.181 0.184
0.674 1.085
0.591 4.933
10 4.148 0.885 3.889 2.738
4.729 5.097
1.240 1.081
6.528 3.154
5.104 4.246
2.516 2.065
6.483 2.782
5.328 1.062
2.430 1.254
1.135 1.956
4.880 5.841
10 4.842 6.531 4.436 4.515
5.899 1.744
6.258 4.898
6.255 5.575
3.762 2.358
2.717 5.860
2.436 2.504
3.802 1.946
4.773 2.050
5.709 1.007
4.476 1.116
4 2.116 3.917 5.961 5.238
1.671 4.952
1.710 3.751
0.112 2.541
1.743 5.647
1 4.338 0.442 0.478 0.514
4.596 3.988
6 6.288 1.702 1.441 3.324
3.258 6.463
4.301 3.664
4.447 5.070
5.811 3.516
0.161 2.354
0.173 1.454
8 3.563 5.474 4.539 5.425
2.628 5.688
1.034 0.736
3.664 1.129
4.361 1.151
5.757 5.781
5.423 2.732
5.570 4.710
4.635 4.734
8 4.591 5.012 2.718 0.924
2.928 2.107
1.066 2.035
5.273 4.164
4.822 1.948
4.501 5.851
2.358 0.293
5.761 5.284
1.344 5.393
6 0.556 1.705 1.210 2.864
6.033 2.542
1.351 0.391
6.331 3.682
4.876 3.501
1.776 2.804
0.657 1.726
9 3.801 2.213 4.200 2.922
0.059 5.667
6.418 6.482
2.789 1.584
3.065 1.421
2.686 4.755
1.412 1.242
1.791 4.241
4.460 3.947
1.468 2.392
1 2.676 4.233 4.474 3.935
3.423 2.143
9 3.837 4.985 0.458 2.423
3.737 1.609
4.827 5.757
5.179 4.325
1.534 0.502
0.423 5.516
5.612 6.395
5.336 3.120
2.860 5.669
1.822 2.614
9 3.966 3.520 2.430 4.923
2.776 3.932
4.350 2.280
2.291 4.494
5.822 1.637
4.559 1.452
5.040 2.286
4.901 0.657
4.735 3.073
0.227 3.102
5 2.010 6.540 2.190 1.592
3.980 6.221
3.796 2.369
2.352 0.952
4.182 2.569
1.052 3.922
7 4.133 1.975 3.345 2.898
2.450 5.679
5.437 3.010
1.880 2.640
5.077 0.533
0.222 1.642
5.582 3.519
0.836 3.355
7 2.736 4.091 0.152 4.989
3.909 4.574
1.848 1.852
2.578 0.466
6.406 1.168
0.521 2.076
3.259 1.105
5.088 5.287
5 0.306 6.283 2.915 6.248
5.535 3.688
4.435 4.647
2.982 3.013
6.256 1.020
4.871 5.462
8 3.943 2.484 4.709 0.993
2.900 5.234
2.848 0.660
0.784 6.131
6.404 5.086
5.992 1.147
1.282 1.161
1.985 6.251
2.165 3.953
2 5.904 0.028 4.046 5.342
1.402 2.602
5.494 6.152
7 6.485 2.814 5.218 0.300
3.456 3.100
2.668 2.046
4.101 4.734
4.218 0.521
4.588 5.865
0.168 4.502
2.111 5.106
9 4.896 5.050 5.831 2.382
0.271 5.766
6.060 5.561
1.560 0.535
2.565 2.969
1.050 6.460
5.969 3.522
1.339 5.993
0.105 3.133
4.906 2.414
3 6.038 4.419 5.317 1.572
5.105 0.425
1.983 1.959
2.093 5.016
1 1.278 0.367 4.775 4.429
4.138 0.650
6 3.102 5.143 4.255 1.367
4.032 2.797
6.486 3.569
3.663 3.445
3.015 2.841
3.644 5.765
1.532 6.155
4 4.016 6.342 5.224 0.079
5.117 6.393
1.119 4.825
6.396 4.445
3.183 3.839
7 3.084 5.312 6.119 2.179
1.435 3.659
6.534 0.317
0.570 3.534
2.476 6.203
4.690 3.872
2.023 4.496
3.219 4.718
3 2.436 1.400 5.789 2.459
1.881 6.523
6.138 0.948
1.505 2.602
9 0.731 0.513 5.868 0.464
4.893 1.762
2.757 5.547
2.077 3.220
5.535 1.367
1.175 0.340
4.964 2.062
3.377 1.942
2.178 1.823
2.808 6.192
7 3.710 6.018 0.858 3.793
0.906 5.389
0.169 0.605
0.904 2.670
4.556 5.141
5.188 1.299
2.905 2.310
1.890 1.285
8 6.444 2.506 2.010 4.277
4.812 0.321
5.551 6.343
6.537 6.245
5.342 4.554
4.694 0.007
4.582 2.120
5.710 2.497
3.643 2.779
10 5.131 5.205 2.936 5.680
5.688 1.589
1.479 5.308
0.686 2.383
0.601 2.190
3.985 2.167
5.273 5.857
4.982 3.484
4.147 2.330
1.184 2.037
1.286 0.201
4 1.727 1.324 1.753 1.958
1.216 0.019
3.409 5.723
0.982 5.821
3.989 3.708
2 2.659 1.032 1.709 0.472
5.269 5.347
2.271 2.781
10 0.910 3.566 2.754 4.492
3.199 5.921
1.130 4.003
2.446 3.499
0.733 2.454
4.893 5.106
4.758 5.474
6.465 2.548
3.480 0.116
6.185 3.785
6.525 6.229
4 0.690 2.949 3.390 0.757
1.664 3.535
3.455 3.034
0.774 0.323
1.611 4.287
7 5.138 1.688 0.472 3.728
2.434 2.610
4.362 0.050
2.669 6.541
0.709 2.900
5.317 1.746
6.163 0.282
3.057 1.229
2 2.955 4.690 2.570 4.510
2.597 5.581
2.981 0.147
8 3.288 5.235 4.803 2.104
0.443 0.008
6.482 2.761
0.435 3.169
0.032 6.005
0.762 3.160
5.834 1.274
6.481 1.244
1.077 3.306
2 6.321 6.392 5.492 3.544
4.303 1.252
2.775 5.162
1 5.141 1.742 5.285 6.321
5.019 0.682
8 3.215 3.850 0.700 1.793
2.151 4.090
1.055 0.555
1.232 1.083
1.020 3.202
2.009 0.699
2.094 3.085
2.846 2.320
5.936 0.489
9 4.376 4.574 0.956 2.788
1.093 4.075
1.969 2.551
6.043 2.727
2.986 4.601
2.119 2.607
1.948 1.202
5.518 4.320
1.806 3.350
5.378 0.596
6 0.242 5.516 1.919 4.986
1.597 5.164
3.611 1.000
3.657 4.041
1.747 5.774
3.264 3.726
3.419 1.849
6 3.831 0.977 4.177 4.113
0.878 5.655
6.513 4.456
1.522 1.465
0.476 5.556
5.637 3.337
0.701 4.753
9 2.499 2.732 3.545 4.560
2.378 2.214
5.402 6.146
0.104 4.692
4.927 4.035
4.526 4.011
5.548 1.569
3.245 4.622
5.774 3.774
4.007 5.671
8 3.338 0.881 1.291 1.999
2.802 2.946
5.030 5.442
4.407 5.602
3.066 1.598
1.376 2.215
0.247 6.415
3.217 0.488
1.191 4.152
1 1.810 5.339 3.969 5.136
0.521 5.522
2 1.592 3.113 4.922 6.141
6.362 2.369
5.593 0.452
3 1.207 3.438 5.324 4.752
4.989 5.176
4.144 2.332
1.939 4.136
4 6.189 2.041 1.270 5.810
5.538 1.680
0.539 2.011
2.053 1.669
5.567 0.872
1 0.508 2.043 1.270 2.967
1.076 6.402
2 5.500 3.533 2.952 1.366
3.861 2.082
0.187 2.527
2 3.655 1.214 2.907 4.851
0.937 0.696
3.508 4.516
9 2.746 1.829 2.885 2.516
2.790 0.072
2.126 0.189
1.808 4.806
4.764 3.150
0.641 2.761
2.324 0.179
1.025 4.771
4.929 4.077
2.783 2.208
6 3.371 1.623 3.018 6.034
1.733 4.266
3.818 1.032
4.558 3.441
6.436 4.770
2.421 0.707
0.144 6.106
10 5.270 5.093 5.901 3.596
6.236 6.311
5.000 5.046
1.960 5.899
1.667 0.065
6.551 0.851
4.141 5.183
3.906 2.776
6.000 0.699
4.163 2.152
3.869 4.680
3 1.284 2.014 0.009 3.016
4.627 0.265
5.553 3.259
1.428 5.045
6 4.531 0.147 0.303 1.541
3.233 3.266
6.215 2.183
4.638 6.252
0.294 5.579
1.492 0.636
5.223 3.383
5 1.562 0.481 3.514 0.228
1.384 2.346
5.036 1.089
4.847 0.731
5.199 3.022
2.398 5.032
4 1.386 0.463 4.793 3.886
3.436 5.794
0.889 2.942
1.964 4.574
2.995 0.861
5 2.345 3.802 3.469 1.740
1.440 2.374
5.752 1.668
6.461 0.767
3.264 2.125
1.252 0.883
2 0.627 3.982 3.613 6.039
3.568 0.090
0.910 4.192
5 1.119 5.091 5.540 6.218
1.250 5.273
1.020 6.116
5.460 4.317
3.638 5.938
5.389 0.195
6 5.507 6.496 0.260 3.525
6.056 5.178
5.410 0.594
4.077 4.152
2.954 5.452
6.144 4.836
2.459 4.871
8 4.668 0.733 5.715 3.562
4.385 0.198
4.344 4.354
4.298 6.001
5.103 0.599
6.126 2.852
4.928 5.895
2.808 5.755
0.372 1.678
9 5.033 1.989 3.950 5.143
6.130 3.503
5.801 4.121
3.817 4.119
1.221 0.957
1.194 3.892
0.318 4.219
4.265 4.547
0.848 2.827
1.929 4.661
2 2.469 1.594 5.627 0.246
4.287 1.902
6.197 2.296
2 3.508 3.727 1.431 1.927
5.287 4.637
0.606 0.264
1 4.396 3.725 0.367 0.978
6.037 0.103
8 1.780 5.967 1.698 2.351
0.595 1.509
5.658 4.106
3.495 0.479
6.348 3.837
4.002 4.841
6.308 4.977
4.849 6.073
1.588 5.857
6 3.501 3.247 2.490 2.884
1.009 3.753
1.569 3.876
0.305 3.445
4.236 1.677
0.301 3.458
1.263 4.977
6 4.889 1.100 2.912 5.255
0.973 1.574
6.312 0.705
3.949 3.439
1.885 1.075
3.109 6.075
5.198 3.701
5 3.280 2.021 6.497 5.484
4.959 2.242
2.789 4.011
5.917 3.574
2.479 3.657
4.832 3.611
9 1.358 5.810 0.986 5.512
4.906 2.649
0.618 4.035
5.607 2.012
1.330 1.509
1.458 5.064
1.589 4.835
5.043 1.450
6.028 0.031
3.443 1.925
7 3.312 5.028 1.223 1.978
0.628 5.081
2.284 1.663
5.566 0.887
1.385 5.964
0.883 4.960
0.179 3.998
5.076 4.928
5 4.435 5.627 3.572 6.119
2.553 0.407
5.538 5.026
3.352 2.575
4.575 0.793
2.411 2.878
8 2.124 0.501 3.845 5.703
1.042 4.374
1.489 5.231
2.330 5.103
0.994 5.809
1.689 0.827
3.825 3.522
4.906 0.457
2.720 5.543
10 3.953 2.991 6.445 2.622
0.625 0.781
3.290 0.132
6.469 4.628
0.492 4.872
2.814 0.685
2.117 3.401
3.429 3.494
3.958 6.129
3.655 0.514
5.750 6.229
3 1.659 3.870 4.651 4.559
3.013 1.987
0.644 3.047
3.722 6.207
6 2.442 4.966 3.678 4.625
3.647 3.314
6.212 5.350
2.341 1.000
0.999 4.714
6.154 2.787
2.737 1.166
6 2.631 6.025 2.414 0.608
2.213 1.096
2.550 4.183
4.539 5.724
0.163 6.354
1.793 0.604
1.747 4.034
10 6.507 1.266 3.602 0.974
2.132 0.291
4.841 5.304
2.976 3.609
5.395 4.234
2.150 2.507
0.898 5.574
5.073 0.529
2.466 5.404
1.225 6.216
1.443 4.547
4 5.768 1.354 2.849 2.505
3.674 3.466
0.662 4.790
3.458 2.399
6.294 4.830
7 0.560 1.402 4.967 0.365
5.485 2.479
3.760 0.129
3.853 3.931
1.056 2.329
0.763 5.824
3.013 6.349
0.086 1.401
5 3.423 0.568 6.277 4.075
6.017 3.797
3.335 0.004
1.865 5.722
3.408 2.941
2.617 6.234
10 0.931 1.111 1.659 0.582
5.561 6.178
1.708 1.342
6.228 2.564
6.364 1.834
2.453 6.181
5.366 2.255
6.490 1.758
3.686 3.956
2.642 1.435
4.781 4.225
2 1.206 1.964 3.068 2.128
2.526 2.025
0.607 3.341
9 0.812 5.421 3.469 3.789
0.365 3.295
3.610 3.946
5.441 1.330
0.325 5.007
4.498 6.350
1.103 6.548
3.456 5.195
2.593 5.144
3.905 5.175
4 0.077 2.210 4.275 4.056
1.502 3.986
3.310 0.200
6.113 5.516
1.030 0.157
9 0.025 4.968 6.541 6.410
3.188 2.349
5.736 1.328
0.116 4.045
6.195 1.437
4.561 2.332
6.356 3.223
4.940 1.590
3.911 3.397
3.057 1.962
5 2.326 6.142 0.600 6.172
4.045 0.643
0.820 3.077
3.691 0.150
5.555 0.643
4.232 3.700
1 1.295 5.681 4.306 5.871
2.320 6.127
4 3.905 3.662 3.786 2.752
4.717 2.392
3.030 2.233
4.078 4.358
3.173 4.102
6 3.677 5.380 0.447 5.488
6.396 1.651
6.120 1.009
2.898 2.882
4.484 3.288
6.020 4.940
4.271 1.181
4 4.236 1.742 4.620 2.573
3.970 1.704
2.059 4.307
2.708 1.387
3.377 4.675
2 4.811 1.577 4.168 5.649
0.025 2.241
2.323 1.780
5 4.482 3.278 2.884 3.703
6.515 1.192
3.685 3.624
0.359 1.576
5.797 3.909
0.157 5.927
7 4.443 3.616 1.187 5.856
4.892 1.187
2.953 2.480
2.731 3.707
2.430 2.814
4.486 6.368
3.663 3.229
1.472 6.342
8 5.207 1.236 3.104 6.540
3.380 1.813
3.489 5.637
5.487 3.494
5.441 2.685
4.241 6.506
1.734 3.149
2.502 4.140
2.655 3.536
4 2.303 1.681 3.463 1.340
1.096 4.431
4.320 5.563
5.252 4.204
3.574 5.624
5 1.353 2.761 2.591 1.547
4.793 3.526
1.308 4.313
6.155 4.266
1.972 0.327
4.968 4.987
4 4.625 1.162 5.416 5.349
0.615 2.345
3.422 6.112
3.547 5.860
5.760 5.873
2 2.019 0.612 4.796 2.540
1.123 2.883
0.517 1.968
7 6.081 3.377 3.307 6.417
2.840 6.431
4.600 0.157
6.375 3.627
4.299 2.422
4.533 2.956
1.816 1.338
5.419 1.725
1 3.965 4.781 3.415 2.321
5.077 5.726
1 3.311 5.250 4.023 1.570
2.989 4.171
9 3.394 1.740 1.611 5.292
2.375 5.830
1.376 0.331
0.273 3.530
2.201 0.912
6.264 5.675
4.248 0.399
4.846 0.384
0.294 1.744
1.478 2.948
2 6.005 4.070 0.787 4.330
3.429 1.411
0.251 2.047
2 0.553 2.424 1.837 2.953
5.070 1.973
5.722 5.863
9 3.925 3.417 5.980 2.301
3.303 6.138
5.573 1.096
4.816 2.369
2.451 3.052
5.109 0.531
2.170 2.787
6.239 5.183
0.896 3.661
5.652 3.671
3 1.432 1.038 5.827 1.336
1.902 2.572
1.955 4.756
0.014 4.225
9 6.410 2.285 3.841 6.121
6.233 4.444
0.558 0.690
3.554 1.457
0.115 6.091
1.073 4.997
3.823 4.969
3.671 0.943
5.894 2.533
5.382 2.411
6 3.847 5.019 5.456 6.346
3.533 3.654
4.133 2.686
3.212 3.142
2.289 3.742
2.343 0.566
4.532 6.377
10 0.492 2.457 6.497 3.501
5.938 3.788
5.462 0.903
0.244 3.345
3.199 5.946
4.048 2.312
1.481 0.349
5.865 6.094
0.268 4.110
4.687 3.775
4.728 3.089
3 2.839 3.931 5.242 4.154
1.509 4.599
3.448 2.263
2.483 4.661
2 4.811 1.230 5.990 4.667
4.563 1.941
3.251 1.247
1 3.284 2.829 2.707 1.774
3.725 5.016
7 6.165 2.555 0.221 3.785
4.221 5.638
4.961 6.207
5.015 2.775
0.931 3.513
3.971 0.582
3.676 2.536
1.460 2.363
3 2.920 6.056 0.084 3.365
0.162 3.883
5.496 3.082
4.584 5.138
4 2.754 0.286 3.478 0.800
1.030 5.802
4.928 5.657
4.668 2.992
4.020 4.696
3 2.384 0.720 5.199 5.010
2.291 5.277
4.210 1.988
1.730 1.380
6 4.026 4.544 3.224 4.073
4.284 5.802
0.076 4.060
5.695 3.307
5.893 1.891
4.789 4.458
1.235 6.091
4 4.576 0.553 1.900 3.895
3.457 4.695
5.434 3.341
5.573 0.857
6.119 1.121
3 1.759 6.366 4.860 3.309
2.975 4.709
2.115 0.544
4.585 5.340
5 1.037 1.925 5.688 3.096
5.766 1.850
4.266 4.671
5.492 6.384
2.582 2.301
0.313 5.229
3 3.612 3.326 0.759 4.644
4.455 6.546
0.573 0.553
0.338 0.379
2 4.672 2.052 5.496 0.491
2.954 6.021
6.040 5.316
9 0.141 3.205 0.266 4.473
2.405 1.775
3.546 1.216
2.895 2.752
5.535 6.055
4.559 3.986
0.176 6.177
1.091 1.915
2.412 6.447
5.040 2.734
7 5.223 6.171 0.702 0.060
2.437 1.990
4.357 4.998
4.584 4.186
0.908 3.541
0.455 3.419
3.361 5.651
1.054 2.250
8 2.439 5.777 0.744 0.617
3.283 1.400
0.056 3.771
4.088 4.580
5.770 5.715
5.536 2.403
0.716 1.319
1.360 0.174
0.346 0.951
4 6.005 4.399 5.058 2.234
4.739 1.744
6.099 0.070
3.035 3.836
3.586 4.984
5 2.108 5.623 5.598 3.451
5.940 5.513
4.442 1.132
3.569 1.636
4.543 1.453
3.574 0.565
6 5.452 4.924 0.260 1.007
5.968 0.721
2.838 2.567
4.932 5.573
4.235 3.369
4.843 2.197
4.311 2.554
5 2.766 1.084 3.494 2.423
0.342 1.148
5.890 3.008
1.202 1.002
0.319 4.629
0.223 5.427
7 0.023 1.071 6.091 4.255
4.377 1.605
2.388 4.765
4.611 5.974
0.301 3.282
0.611 5.335
1.963 0.015
3.315 0.063
5 6.234 2.118 3.835 5.716
0.628 4.520
6.131 4.871
0.157 5.737
1.031 4.105
6.073 3.238
8 0.814 3.765 0.549 0.106
5.367 5.336
6.500 4.631
2.732 3.913
3.449 6.508
5.771 0.765
3.942 2.974
1.604 4.953
5.287 3.575
6 5.880 3.666 3.893 5.814
5.271 1.372
3.553 2.078
3.297 6.497
5.137 3.012
4.472 5.596
4.129 5.058
4 5.467 1.281 2.782 2.035
4.969 2.384
3.159 2.057
3.390 5.604
1.731 5.970
10 6.215 5.754 5.718 0.929
6.155 6.448
2.614 2.421
4.789 4.306
3.099 2.783
4.488 1.511
1.562 1.352
5.739 4.781
0.011 4.196
2.830 4.519
0.789 2.455
7 4.851 2.180 4.530 6.200
5.599 0.902
3.474 4.517
4.365 2.710
5.515 5.218
2.745 1.839
5.093 0.896
0.950 2.633
2 0.462 2.975 5.663 6.206
1.586 5.253
3.310 6.021
2 0.962 5.623 6.173 5.323
1.935 6.193
3.191 6.534
3 0.804 3.596 5.783 3.486
5.551 1.288
3.339 0.480
5.255 0.967
8 0.441 3.197 0.956 2.889
4.987 6.048
2.736 2.117
4.601 1.850
2.834 2.815
4.949 3.644
1.936 4.990
5.319 0.600
4.532 5.453
4 4.562 4.088 3.772 3.674
2.292 3.474
3.356 5.699
3.977 0.550
5.301 5.383
8 2.395 4.871 3.001 2.871
0.990 1.705
5.705 5.525
3.670 3.994
0.894 5.937
2.026 6.186
0.167 6.115
5.457 0.140
0.058 3.753
2 5.356 2.470 6.117 0.011
5.840 3.708
6.317 4.634
9 3.830 0.512 1.806 2.108
0.348 4.208
3.081 1.822
3.088 3.663
3.304 2.943
6.553 5.958
0.186 3.199
0.974 1.168
4.855 6.355
2.098 2.331
6 3.433 3.803 3.156 2.574
2.400 2.591
4.227 4.042
0.991 2.140
4.780 0.144
3.594 4.834
2.444 5.050
8 5.959 4.424 0.490 5.869
2.860 1.183
4.308 0.947
0.454 5.415
3.724 4.055
1.014 4.391
6.476 2.752
5.030 5.091
0.344 1.909
3 0.779 2.653 4.324 3.650
6.238 2.922
0.903 6.434
5.629 6.045
5 5.340 3.297 2.329 5.689
0.778 1.172
4.439 3.643
3.569 2.929
0.708 5.487
0.548 5.402
10 2.410 2.644 5.881 1.037
0.266 3.965
2.473 3.647
2.495 5.988
2.752 3.297
4.657 2.147
1.732 0.369
4.716 1.289
0.531 5.341
1.185 0.971
3.587 6.340
8 4.225 2.645 5.323 5.818
5.828 5.670
6.430 2.433
4.541 1.469
6.094 4.280
2.475 2.042
6.296 5.274
2.624 1.399
1.593 0.212
10 2.119 5.402 6.045 4.742
4.894 3.527
3.329 6.109
5.589 0.562
0.118 5.545
0.207 3.305
3.098 2.620
2.857 3.793
4.126 2.610
6.314 2.652
6.176 2.736
10 1.967 0.263 2.943 2.121
3.230 1.974
0.349 1.559
5.882 3.505
0.030 0.621
6.490 1.334
0.790 1.690
5.053 6.403
3.791 3.310
1.109 3.112
6.036 3.193
9 5.353 6.141 0.074 3.137
6.224 5.779
4.512 6.286
6.075 0.379
4.344 1.435
1.377 2.988
3.008 5.418
4.872 6.296
6.039 4.832
2.375 3.047
8 3.690 4.217 0.491 6.337
2.749 0.263
2.304 2.407
4.232 2.223
2.658 0.960
4.466 4.050
5.812 4.335
5.077 3.457
5.716 5.356
1 2.946 6.415 1.056 1.963
1.378 2.108
4 5.271 5.588 4.988 5.229
0.130 4.405
3.758 2.486
0.845 5.547
3.993 3.231
5 5.829 2.347 2.021 6.039
4.072 5.923
0.895 0.387
0.363 2.918
4.344 4.471
3.904 2.426
6 3.301 5.180 4.706 4.201
5.375 1.202
3.369 0.135
5.665 2.842
4.521 0.701
1.849 0.896
1.393 2.729
4 0.951 2.174 3.892 6.236
5.730 0.531
5.775 4.311
1.849 2.301
3.300 4.205
9 3.373 3.218 1.091 5.007
0.441 3.092
3.751 2.768
2.726 5.215
1.248 5.114
4.228 4.638
1.204 5.380
6.146 5.273
0.710 0.672
5.812 5.751
2 3.379 4.502 0.822 5.106
2.770 2.158
0.127 6.219
4 1.357 6.310 2.747 4.576
0.514 0.922
0.980 2.120
4.521 0.869
4.705 0.138
2 4.479 6.043 4.772 1.580
3.174 1.559
1.940 2.068
9 0.902 5.555 3.808 2.376
0.091 1.743
1.076 5.386
3.629 0.584
6.065 5.594
2.056 0.612
4.904 5.594
6.117 5.946
2.232 4.116
2.389 0.869
4 1.669 6.189 1.881 2.736
3.185 4.181
1.601 2.405
3.308 0.093
6.381 3.698
9 3.998 6.284 2.981 0.285
5.844 3.123
5.149 3.818
0.711 6.224
3.460 3.808
4.877 0.235
6.233 2.298
0.177 4.649
2.588 5.426
0.645 4.778
9 1.997 6.306 2.501 5.489
4.640 0.115
1.583 3.739
1.006 1.223
1.834 3.642
1.715 5.837
1.350 5.096
6.181 1.754
2.776 4.700
4.929 2.521
7 6.149 6.462 5.585 2.069
2.468 0.998
0.970 2.412
1.278 2.953
6.458 1.793
3.540 5.354
5.754 0.419
5.720 2.344
8 5.780 3.813 3.729 1.071
4.623 6.100
2.225 3.963
5.783 4.670
2.638 4.326
1.700 6.530
0.474 4.380
0.007 6.134
6.448 5.001
7 6.263 0.340 0.320 2.853
0.673 5.316
1.530 2.370
4.169 1.627
6.505 3.715
5.911 0.987
5.464 0.293
1.695 6.360
6 2.480 4.227 5.227 6.285
3.606 4.820
4.432 5.838
3.703 2.348
0.205 5.769
2.311 5.548
5.491 4.246
8 2.913 1.488 5.543 1.235
4.559 5.606
0.013 3.511
2.795 3.224
5.566 0.451
2.050 4.630
5.608 1.947
2.630 2.165
4.017 6.311
7 0.185 5.218 1.671 5.831
2.851 0.906
3.679 2.619
4.467 3.989
1.026 2.414
2.395 2.939
0.631 5.650
3.548 0.489
6 5.337 1.513 3.720 3.113
3.218 3.556
4.837 5.783
5.408 2.827
0.980 4.352
2.216 5.052
1.903 2.599
8 3.959 3.090 5.100 5.698
4.742 0.757
4.243 3.360
2.828 0.062
3.258 5.632
5.898 2.822
5.760 3.974
1.399 3.469
4.607 2.037
7 5.813 2.657 2.873 5.831
0.045 5.708
4.725 5.781
4.102 4.187
4.694 0.083
0.426 0.011
0.969 2.812
2.588 3.646
10 0.575 0.596 2.936 4.871
4.731 0.817
1.371 3.555
5.588 5.620
5.254 2.720
5.166 3.408
1.363 3.562
1.567 5.242
5.923 4.948
4.614 1.800
0.251 6.307
9 6.361 4.495 3.530 6.148
2.093 0.944
5.412 6.343
4.805 0.312
2.180 1.150
4.907 3.041
2.518 4.317
5.979 3.328
0.412 5.035
0.046 4.896
1 0.180 1.295 2.050 1.667
5.247 1.935
4 2.139 5.313 0.183 4.127
4.558 1.906
1.758 0.932
1.720 5.396
2.010 4.545
9 3.483 3.475 6.045 3.374
1.155 4.608
5.159 2.023
2.080 0.263
3.713 3.385
5.179 4.040
1.326 1.547
5.580 2.437
0.888 2.204
0.151 2.463
6 0.588 3.769 2.231 3.109
1.470 3.324
1.347 2.819
1.427 0.642
5.532 0.420
3.217 5.692
6.108 1.657
10 1.281 0.911 0.877 4.170
0.867 0.131
2.272 1.576
4.206 3.130
0.803 1.302
4.397 5.168
1.369 3.352
5.348 1.889
4.668 6.364
4.075 0.492
4.263 5.724
3 0.527 5.746 2.623 6.507
4.339 6.200
4.437 1.762
2.977 0.236
4 3.602 1.741 4.309 2.660
2.269 4.192
4.220 4.011
4.316 4.967
5.590 4.792
2 4.539 5.723 0.976 3.188
0.256 1.607
5.734 1.323
8 2.188 6.024 2.072 3.106
3.823 2.028
1.166 4.851
0.674 5.764
0.852 6.486
1.936 1.395
1.838 5.481
2.735 1.111
5.269 5.640
7 1.078 3.944 1.289 1.399
4.203 1.790
2.567 3.769
1.065 6.148
4.614 0.936
1.512 0.407
5.640 4.003
5.842 1.138
3 0.647 2.322 4.200 1.239
1.726 5.167
1.252 3.906
5.538 0.508
3 0.824 0.763 2.446 0.658
5.760 1.239
0.979 5.130
6.161 2.347
6 3.792 0.076 0.300 5.696
6.362 1.258
5.180 1.924
0.342 5.301
2.214 4.624
3.610 0.219
3.685 6.067
8 5.110 2.657 0.846 3.996
1.895 4.881
5.500 0.819
2.737 3.573
2.444 3.820
5.372 4.631
6.105 3.957
4.342 6.428
1.354 3.193
10 5.134 2.979 0.931 1.068
3.385 3.124
1.645 1.288
0.292 4.235
1.478 4.371
5.118 3.411
5.374 2.994
3.825 1.634
1.830 1.740
2.068 1.955
2.826 0.249
1 1.505 1.573 4.192 3.618
0.861 0.662
10 3.700 0.723 0.115 2.330
2.135 5.992
1.991 6.528
3.175 2.229
0.704 3.688
3.422 1.903
6.114 1.299
0.509 6.359
4.689 2.306
5.477 0.121
1.726 6.292
6 3.138 1.288 3.398 5.227
5.422 4.903
4.545 1.520
1.132 1.479
4.224 3.275
1.650 6.005
1.894 5.253
6 2.759 4.115 0.629 0.840
3.324 2.443
0.192 4.044
6.201 5.373
3.161 4.598
5.553 2.691
0.971 5.901
8 6.377 0.987 0.291 2.790
4.170 0.638
0.869 4.947
2.256 2.575
6.087 3.772
2.417 0.174
3.665 3.787
2.164 0.874
1.227 6.211
2 0.797 0.984 4.352 2.753
5.158 1.242
1.357 2.148
6 5.090 1.087 1.063 4.328
6.138 2.053
4.353 5.595
1.581 0.607
1.576 3.970
3.649 6.391
5.937 5.886
9 1.473 0.565 5.220 2.451
5.824 3.094
6.399 3.465
2.023 6.208
6.157 4.795
4.878 2.974
4.330 5.399
2.055 1.322
6.546 0.320
4.352 3.289
8 5.742 6.330 4.570 4.080
0.026 2.559
4.679 0.895
4.323 0.478
1.499 3.416
2.313 4.846
6.073 5.333
1.221 3.700
1.423 3.702
7 5.860 6.492 2.135 5.060
2.529 4.998
6.448 2.257
5.917 2.306
1.144 0.028
4.426 4.632
0.771 2.615
5.854 2.445
2 3.434 2.060 5.386 0.977
1.939 5.764
1.263 0.196
2 1.995 2.911 0.287 5.563
2.155 1.348
0.827 5.522
10 2.814 0.576 6.284 6.351
1.700 3.237
5.621 3.630
2.840 2.730
3.606 0.490
4.956 0.125
3.864 1.657
0.356 1.410
5.000 5.731
5.718 5.791
0.159 1.052
8 5.614 5.449 0.518 2.564
6.500 1.687
3.050 4.996
6.387 1.806
0.502 2.500
1.233 0.193
3.240 4.389
4.094 0.874
4.002 4.332
9 2.795 1.294 5.794 3.289
6.478 5.619
1.206 0.728
4.332 3.530
4.654 4.324
3.568 5.187
3.814 3.481
1.179 4.745
4.065 4.852
1.158 6.115
2 5.980 5.331 1.896 1.764
0.813 1.092
1.359 2.685
5 4.971 6.038 6.426 6.001
5.208 2.392
6.031 4.610
5.966 6.287
1.356 5.531
1.820 4.329
10 3.035 0.399 5.060 5.086
5.440 3.606
1.788 0.449
0.367 6.458
3.990 4.991
3.344 4.015
6.092 2.093
1.717 4.880
0.533 5.741
5.459 0.582
2.636 4.329
7 1.897 2.470 3.276 6.507
4.824 4.764
2.209 0.575
2.591 0.069
0.405 0.112
5.440 3.976
5.984 3.383
3.197 1.720
1 4.824 6.211 5.859 5.248
2.007 6.053
3 0.632 1.377 1.351 5.414
3.070 5.483
1.271 1.072
3.725 2.134
4 0.478 1.055 2.308 2.036
5.263 2.182
3.248 4.511
5.751 0.150
2.772 1.450
5 6.349 6.489 4.755 1.564
6.032 2.743
2.743 3.286
1.117 5.625
3.479 0.057
4.460 1.296
5 4.121 3.939 1.016 3.909
5.825 5.212
4.602 2.908
0.538 6.349
5.321 0.002
4.989 0.880
5 3.774 6.280 6.443 5.562
3.403 3.665
3.974 4.503
4.971 1.544
4.599 1.635
1.456 0.911
1 1.379 5.314 1.643 5.827
2.335 5.353
2 6.301 4.563 2.578 5.613
3.948 4.538
3.677 1.016
2 4.988 4.169 0.908 4.580
0.826 5.258
4.609 4.988
9 0.481 1.904 0.309 2.934
3.033 4.682
5.711 2.494
5.808 4.862
4.716 3.007
6.093 2.295
6.269 2.450
2.611 0.375
1.550 5.743
3.188 5.137
9 0.990 0.018 2.129 6.518
4.525 5.756
1.148 3.955
1.502 1.613
4.593 2.200
1.362 4.851
2.515 1.925
0.839 4.151
2.649 2.830
2.753 4.782
8 5.927 5.348 1.463 1.688
1.220 1.194
1.322 2.260
6.226 5.166
2.739 3.647
2.409 3.676
3.010 6.002
0.260 5.838
5.940 3.951
4 3.037 2.833 4.582 5.097
3.830 5.445
3.577 3.836
1.819 6.308
0.879 5.490
2 2.615 3.148 4.802 3.228
3.247 6.321
2.906 4.434
7 3.433 2.876 2.748 6.537
2.372 3.525
6.324 0.486
0.514 4.567
6.528 2.755
2.869 1.290
3.515 2.203
1.341 1.750
7 1.844 5.402 3.479 6.349
1.453 0.043
3.057 1.378
5.428 4.875
6.431 2.460
4.157 0.404
3.612 5.819
3.009 2.870
8 4.532 6.521 2.743 5.380
2.016 0.829
1.858 1.981
2.322 5.053
4.429 3.576
1.592 0.580
1.295 4.607
5.695 0.320
5.729 3.493
9 3.635 3.759 1.988 6.424
1.362 4.405
1.929 3.660
4.487 5.508
3.613 5.494
3.547 0.201
1.489 4.551
1.283 3.877
4.797 5.479
4.165 1.785
3 4.528 6.037 4.660 4.193
2.709 4.730
5.013 1.504
4.718 2.424
7 3.504 3.167 5.140 2.421
5.921 0.759
1.772 5.360
0.997 3.991
4.782 2.362
2.147 4.573
4.540 5.725
4.609 1.380
2 2.689 1.440 4.255 0.711
5.679 3.378
5.196 1.957
4 6.416 0.460 3.157 4.665
4.179 3.607
6.383 4.916
2.315 4.332
5.737 1.352
10 3.747 3.313 6.069 1.161
3.686 3.545
5.757 3.754
0.953 6.384
6.496 1.346
3.562 4.772
3.452 2.299
5.849 0.469
2.570 4.342
2.756 0.438
4.102 4.266
1 6.496 3.579 4.978 6.376
2.323 2.851
3 1.194 0.332 5.238 4.982
2.136 1.500
6.164 3.658
0.084 0.607
9 2.585 3.575 2.957 1.275
5.291 1.006
4.882 0.347
1.458 3.013
1.591 5.417
0.794 2.722
3.380 3.099
4.912 4.968
2.007 3.890
3.663 0.764
7 0.231 1.262 6.379 6.163
4.148 2.844
3.774 4.033
3.462 4.653
1.466 5.397
4.644 6.448
6.164 4.276
1.846 2.489
1 2.448 3.798 5.743 0.981
5.159 1.827
5 4.520 5.836 1.590 2.003
4.328 3.108
0.078 5.187
3.099 1.848
1.637 2.340
3.594 6.035
8 3.468 3.447 5.438 2.604
2.551 6.315
1.264 4.586
2.804 2.837
1.608 2.564
4.787 1.171
1.228 1.558
0.718 6.218
5.323 6.532
4 5.920 2.448 6.173 5.945
3.928 5.125
3.223 3.155
6.003 2.444
5.976 3.434
1 4.604 3.511 4.771 3.110
2.874 5.535
7 3.279 1.613 1.405 0.528
3.824 6.341
2.570 3.869
2.117 2.699
1.953 1.343
1.475 6.326
5.148 1.450
4.626 0.968
9 0.096 2.253 5.279 5.267
2.434 6.275
3.119 4.683
2.356 0.865
2.170 1.917
4.448 3.257
1.827 6.294
2.872 5.013
3.859 0.185
0.716 4.083
4 1.795 3.599 5.616 4.884
2.318 2.882
1.287 2.783
0.351 3.602
3.048 6.205
10 0.208 4.869 0.957 0.945
0.417 0.360
4.662 5.033
3.493 1.665
4.575 5.572
0.149 5.190
0.368 2.380
3.591 5.892
1.140 4.309
5.884 3.295
2.908 6.412
4 0.194 6.472 2.628 1.599
1.783 2.699
1.061 6.133
5.576 0.192
1.907 0.978
9 0.501 2.119 6.381 2.823
4.524 1.523
1.896 0.163
3.098 0.712
1.634 2.379
2.954 0.050
3.431 0.362
5.024 5.087
0.394 0.330
0.812 5.026
1 1.180 1.353 5.485 4.943
2.532 3.688
9 0.221 2.805 4.219 2.256
5.863 3.276
3.923 3.003
4.278 1.698
0.759 2.476
0.285 3.859
3.929 4.448
0.436 0.658
0.061 4.619
3.635 0.924
4 4.466 2.994 3.667 0.033
4.120 1.158
3.912 0.647
0.480 3.344
3.406 2.723
4 0.472 0.374 3.709 5.766
0.042 6.359
6.349 5.623
4.104 5.291
2.346 0.767
3 6.029 2.411 5.201 0.767
1.921 0.705
5.671 6.355
4.404 2.330
10 5.615 0.264 2.441 6.448
3.590 1.258
4.908 5.494
2.241 2.485
5.498 0.098
5.765 1.832
2.581 2.019
5.604 4.235
1.329 0.225
1.943 3.322
3.735 3.203
9 4.528 3.074 0.103 2.576
2.459 5.591
1.285 3.235
1.853 1.132
1.397 1.172
6.347 3.057
1.061 4.089
4.620 1.256
0.689 1.903
0.229 5.019
3 2.000 0.035 6.214 1.564
6.062 2.289
1.578 0.664
5.003 3.116
10 3.124 6.167 5.980 1.852
6.047 3.386
0.235 4.434
3.809 1.591
1.042 3.401
0.959 4.883
1.222 5.047
4.428 0.353
3.989 3.485
4.612 3.337
6.319 6.355
1 4.646 4.221 2.754 1.418
2.281 5.436
10 1.993 1.355 5.180 3.021
1.532 1.053
3.098 3.402
4.857 3.986
0.623 6.371
3.352 0.508
0.135 2.690
1.709 6.477
3.731 3.694
2.785 6.218
5.013 0.180
6 4.712 2.218 3.305 5.383
5.093 0.570
1.805 1.830
5.778 0.739
4.296 6.063
1.770 5.957
2.797 3.251
9 1.431 1.459 1.076 4.683
5.986 0.048
4.819 6.473
3.049 0.591
4.509 2.632
3.986 5.515
2.177 5.391
2.866 0.120
5.284 1.674
5.838 1.357
3 1.401 0.636 0.813 5.102
4.276 4.077
6.202 5.750
4.147 5.139
7 2.542 1.077 0.072 5.971
2.022 6.468
3.414 2.495
3.919 6.497
4.274 0.633
2.549 0.557
2.668 1.678
1.417 5.536
4 4.063 2.001 0.847 1.031
4.540 4.929
4.612 6.454
0.321 2.799
4.332 3.112
1 5.688 0.872 3.632 1.963
5.933 0.958
10 6.172 6.420 2.294 3.173
4.954 3.733
1.187 1.356
1.292 6.334
2.483 3.341
0.049 6.363
0.080 1.590
6.492 3.633
2.521 1.226
6.432 3.737
0.659 2.820
7 2.759 3.063 1.268 3.359
4.871 5.682
5.310 4.428
2.887 0.041
6.468 1.922
3.239 1.228
5.756 3.592
4.603 3.968
1 0.179 2.615 4.507 6.553
0.040 5.759
10 0.533 0.049 6.274 1.007
5.353 3.991
5.203 1.322
0.571 2.012
1.758 5.781
3.315 6.274
1.906 6.287
5.752 2.268
1.033 4.242
6.142 0.230
3.125 3.367
1 4.450 3.922 0.266 5.145
4.569 1.593
8 5.234 2.130 3.031 1.928
1.072 0.069
4.724 4.657
6.000 6.277
5.986 2.870
2.419 5.616
4.340 1.270
6.084 2.281
6.463 5.572
9 3.139 4.612 5.180 6.198
0.834 1.995
4.769 1.617
3.454 4.361
0.139 1.304
2.553 6.181
2.717 6.254
6.085 5.378
3.650 1.110
0.735 5.807
10 0.474 6.292 0.128 3.461
3.216 0.382
5.090 0.806
6.309 2.393
5.498 3.061
1.685 2.189
0.860 5.409
5.531 3.877
1.166 3.998
1.493 6.198
3.381 2.690
5 1.266 2.672 6.488 1.651
5.563 1.006
5.809 4.813
1.894 4.000
1.252 2.901
1.421 4.630
4 0.290 2.253 5.322 1.050
5.655 4.100
3.050 2.332
6.542 0.516
4.401 1.766
4 6.371 3.141 2.419 5.995
2.566 5.300
0.375 4.746
2.234 4.205
2.297 6.550
10 0.402 5.336 1.559 6.529
4.811 5.908
0.521 0.309
2.131 4.925
1.245 5.756
4.206 5.535
2.111 0.712
1.796 2.271
4.091 3.369
1.830 4.006
6.179 0.708
9 0.136 4.481 6.449 4.918
3.445 3.265
6.226 4.946
1.994 6.140
1.913 1.475
5.262 5.557
5.183 6.102
5.189 3.158
1.292 3.681
1.409 5.998
8 5.035 4.951 0.283 0.022
6.352 2.767
0.461 3.511
1.064 4.106
3.190 3.736
6.309 6.094
0.120 3.401
3.765 1.804
4.852 5.755
4 4.243 1.261 1.223 5.717
3.906 4.749
1.430 5.267
4.840 5.912
5.352 5.514
2 1.952 0.862 0.834 5.473
4.676 0.288
1.630 2.290
10 5.793 2.504 6.249 1.927
0.239 4.742
0.424 4.972
1.871 0.828
0.200 0.948
5.078 1.537
0.839 2.809
1.948 2.994
3.521 0.706
3.540 2.721
5.940 2.441
2 6.082 3.674 4.478 3.685
3.138 5.891
3.644 4.347
7 5.061 6.467 1.079 5.063
5.158 6.245
6.468 0.852
4.423 6.248
0.868 1.679
0.073 6.101
3.846 0.336
2.945 3.701
10 4.328 0.977 1.234 5.757
4.641 1.500
4.986 2.313
3.167 4.125
2.254 2.623
3.451 4.088
0.313 3.592
2.583 5.217
2.627 2.384
5.510 2.875
4.968 5.709
7 5.722 1.345 0.720 0.247
3.108 0.082
3.203 4.562
3.450 4.757
4.814 4.941
2.111 4.625
1.061 2.246
5.201 2.656
9 1.133 2.262 0.711 0.506
0.542 5.674
1.889 6.179
2.078 1.848
0.402 0.008
4.495 0.480
3.659 5.647
4.304 3.323
5.158 1.824
5.144 1.692
2 0.096 3.969 4.700 3.566
1.746 3.422
0.007 6.108
8 2.599 0.283 4.070 2.359
4.368 2.104
1.237 5.232
0.033 6.443
1.567 5.992
1.560 5.080
1.134 6.450
1.601 4.369
4.768 5.305
4 6.175 4.346 1.898 2.315
3.153 3.444
6.031 4.313
3.148 6.208
1.041 4.607
8 0.015 6.351 0.998 0.576
1.048 3.482
2.412 3.856
5.108 4.454
1.106 3.639
4.863 3.637
1.543 6.215
0.615 2.736
0.466 6.000
10 0.716 1.764 6.389 0.217
2.542 1.172
3.800 4.369
5.029 0.559
4.805 6.512
4.547 2.892
1.900 3.230
5.995 3.975
0.804 3.144
2.982 6.240
6.266 5.661
3 2.017 3.613 5.066 3.024
6.368 6.385
1.433 1.369
2.732 5.326
8 3.207 6.203 4.419 0.017
1.599 4.249
4.794 1.673
4.433 4.897
5.900 0.754
2.525 2.996
0.871 3.013
1.968 6.110
6.218 1.444
5 5.340 1.007 3.281 0.837
0.940 3.734
1.720 0.099
5.493 0.545
2.664 1.733
3.374 3.696
5 5.468 1.894 5.819 2.641
3.109 6.387
4.166 3.463
2.718 1.733
4.104 0.896
0.099 0.649
1 4.011 1.035 3.649 5.754
4.320 2.762
5 2.654 6.175 1.692 2.467
1.287 5.588
5.224 4.081
2.124 3.121
0.051 1.243
1.891 3.859
6 1.266 3.568 6.544 4.527
3.602 5.145
4.459 3.252
0.829 2.385
1.851 5.742
1.630 3.239
5.110 2.483
5 0.400 2.747 1.472 3.610
4.532 1.585
6.550 2.160
0.540 2.122
2.536 0.840
5.319 4.405
8 1.718 0.533 1.986 2.595
5.913 3.711
2.936 1.818
1.285 1.052
2.682 3.704
0.487 6.462
6.138 5.618
0.793 0.431
0.319 2.326
2 5.881 5.197 6.354 3.369
3.150 3.829
2.282 6.345
1 6.157 2.128 3.893 3.803
4.500 5.468
6 4.402 0.532 1.080 0.488
2.447 0.995
3.601 3.054
4.950 5.367
2.269 5.317
3.883 0.731
1.089 3.604
5 5.366 4.480 4.721 6.051
0.599 3.487
1.572 2.468
0.664 2.785
5.005 6.051
6.407 5.987
7 1.201 6.365 2.189 6.139
3.973 1.095
5.790 5.297
2.676 2.377
0.666 4.225
3.246 1.929
0.780 5.034
2.096 6.288
1 0.865 4.528 0.097 0.866
1.887 4.682
10 6.439 5.932 0.872 0.148
3.418 4.638
0.440 5.338
5.535 3.425
0.033 5.834
1.222 5.551
5.017 6.515
3.882 3.599
6.402 3.074
5.965 4.256
3.561 4.079
9 4.563 5.497 3.969 1.954
1.238 5.806
3.985 1.329
4.263 4.588
4.880 6.148
4.328 0.124
1.710 5.458
5.649 5.379
0.958 0.197
2.027 2.010
10 3.636 3.453 0.338 0.280
4.268 1.297
4.588 1.851
0.180 0.591
3.439 0.618
1.743 1.890
3.624 2.826
2.538 0.765
1.880 0.618
6.075 3.971
4.921 6.108
2 0.025 3.582 2.653 5.285
0.855 0.319
3.736 4.422
6 0.908 6.256 3.349 0.256
1.327 6.094
1.437 4.372
4.253 2.969
2.449 0.381
4.498 0.459
0.262 1.898
1 0.342 2.969 3.538 4.164
1.996 1.320
4 5.548 1.558 3.197 3.966
3.315 1.499
5.705 3.076
0.722 4.214
2.104 2.602
6 3.712 4.229 0.977 2.629
1.486 2.205
5.737 1.880
1.813 6.009
6.185 2.784
1.019 2.970
1.784 2.610
3 3.477 2.200 4.537 1.014
1.707 5.540
5.520 5.170
5.643 6.126
6 2.766 0.610 4.417 4.021
2.488 2.987
0.046 3.912
3.010 0.952
2.839 3.007
0.784 4.751
0.735 5.542
7 5.641 4.428 2.109 0.591
0.984 0.408
1.094 3.675
4.596 0.085
4.732 6.363
1.508 6.061
3.421 3.867
2.721 3.920
3 2.604 1.760 2.490 5.601
3.729 3.296
4.826 0.599
4.949 2.529
5 5.882 3.006 1.740 2.711
3.911 6.097
2.342 5.497
5.891 5.461
0.343 5.348
2.050 5.779
4 5.730 4.510 0.371 1.926
3.161 0.200
3.388 6.190
0.280 2.027
1.956 0.764
4 1.421 2.962 4.823 0.856
5.391 1.369
2.697 2.162
5.572 5.421
3.494 3.643
4 3.874 0.731 4.021 5.015
3.009 5.684
1.374 2.881
4.857 3.063
1.103 1.699
9 1.766 3.944 6.282 4.195
3.342 0.540
4.520 5.384
0.029 3.819
4.558 3.901
2.005 3.771
4.107 0.888
0.934 6.060
0.273 3.651
4.098 2.944
2 2.562 6.314 0.939 4.058
4.890 0.496
2.521 4.601
10 5.389 5.506 4.214 0.391
4.877 3.032
4.332 5.037
6.258 0.140
0.294 0.386
4.125 2.172
1.009 4.808
3.121 0.918
6.122 5.696
4.372 4.795
6.336 2.973
5 2.229 3.279 3.560 4.682
6.112 3.524
2.228 0.081
3.566 4.084
4.508 5.090
0.244 5.032
8 3.802 1.338 1.790 1.709
1.184 0.365
0.513 3.455
0.997 6.223
1.752 2.163
1.146 1.980
3.417 4.397
4.005 3.102
4.072 0.299
3 2.103 6.183 0.038 1.081
2.300 3.426
0.619 4.297
2.057 0.310
6 2.313 0.143 0.540 2.895
5.565 0.983
3.415 0.570
4.844 3.993
2.242 5.297
4.734 5.274
2.328 0.588
9 4.603 3.617 4.531 0.290
6.514 1.290
0.482 4.029
5.602 3.568
6.515 0.665
5.746 5.186
3.849 2.075
0.301 2.783
0.548 5.883
6.249 1.692
3 5.202 0.462 4.129 5.500
3.205 2.521
4.974 0.794
0.984 1.442
5 3.520 2.650 3.716 1.112
0.989 1.248
5.038 0.000
4.917 1.637
1.874 3.461
0.068 0.353
4 3.441 2.253 4.003 3.760
0.481 4.819
1.678 3.493
0.096 5.623
3.962 1.255
1 3.891 5.723 2.456 3.507
5.341 4.623
4 1.216 1.333 5.939 5.612
4.713 3.470
3.158 2.013
3.262 3.472
2.962 6.415
5 4.072 4.483 1.438 1.525
1.311 2.951
5.662 3.791
2.058 2.565
0.183 4.893
1.806 5.442
6 1.339 1.469 3.841 0.564
2.575 3.632
1.724 2.181
2.702 3.675
3.259 2.180
0.513 3.751
4.799 3.890
2 1.677 3.183 0.026 5.898
1.167 1.821
4.943 0.360
6 3.852 3.066 3.711 2.166
2.776 3.947
0.703 6.553
3.436 1.088
1.290 3.437
2.848 1.534
2.873 5.650
1 1.166 4.617 0.619 4.207
6.097 2.761
10 3.979 5.464 5.661 3.712
4.045 0.226
0.723 1.415
2.947 5.347
6.386 3.252
3.799 4.827
0.243 0.676
4.252 3.328
3.601 6.368
3.059 5.945
3.931 0.471
1 4.626 0.370 0.676 1.766
3.235 1.726
9 3.502 3.634 4.298 3.821
3.086 2.621
1.404 6.166
1.063 3.762
1.361 0.581
3.936 3.866
3.306 1.122
0.241 5.940
5.899 0.005
1.070 0.977
10 3.644 0.692 3.203 3.683
2.074 6.096
2.838 4.322
4.955 3.952
1.918 0.797
5.056 2.199
1.794 0.665
2.516 4.277
0.105 6.216
4.742 6.352
6.499 2.279
8 4.369 4.577 1.396 4.713
5.881 3.271
5.360 0.777
3.781 1.490
5.292 1.058
5.088 4.488
4.309 5.018
3.180 1.700
1.149 2.932
10 3.728 4.718 2.591 3.315
1.695 2.193
5.665 1.647
5.912 3.251
4.232 0.780
4.026 4.483
5.073 1.473
4.042 3.650
6.249 4.921
3.156 3.265
3.119 5.941
2 3.075 3.393 0.647 1.111
3.522 2.041
1.407 5.649
10 1.547 2.110 4.120 4.088
1.855 4.354
0.569 0.010
0.780 2.678
5.849 3.885
1.118 0.365
6.383 0.815
5.204 0.736
3.292 0.559
3.230 5.370
3.110 5.555
6 5.965 1.775 0.292 0.298
5.789 3.270
4.044 2.537
4.984 2.726
5.720 1.289
0.435 1.154
3.773 4.388
8 2.668 1.124 6.080 1.819
3.512 0.337
0.080 5.155
2.034 0.661
2.882 2.253
6.172 5.731
0.987 2.919
5.880 2.440
1.687 2.762
7 4.538 6.374 4.811 5.302
2.376 4.739
2.134 2.259
4.156 0.007
1.815 6.261
0.863 1.675
5.474 5.302
2.639 4.750
2 5.736 3.567 0.086 0.596
6.149 2.872
1.708 5.568
3 4.818 0.957 1.762 6.165
4.815 0.918
3.340 0.131
4.579 3.965
10 5.521 4.464 1.446 5.080
4.289 0.833
0.372 6.546
4.361 0.282
3.612 6.028
1.621 3.105
2.402 6.080
1.447 6.451
1.845 5.740
5.145 5.655
0.509 4.413
3 5.007 1.244 1.260 5.121
2.672 2.808
1.865 2.424
3.253 1.517
6 0.813 1.953 2.941 2.355
4.316 2.189
5.205 6.297
3.463 3.669
1.811 4.839
1.012 3.929
0.382 3.095
1 0.778 2.647 1.524 4.815
4.507 0.209
2 2.635 6.072 2.540 0.405
5.439 3.586
1.889 3.215
4 2.718 2.290 3.125 3.309
4.081 4.857
2.158 0.560
4.749 0.280
1.346 5.300
2 3.241 4.333 5.778 3.292
6.359 0.207
0.422 1.349
8 3.137 2.854 5.296 4.023
5.751 5.815
5.140 3.695
2.326 2.688
3.654 4.690
1.261 3.840
5.543 0.820
4.885 6.207
2.424 0.114
1 0.988 0.667 4.069 6.028
0.312 3.811
3 3.036 5.663 0.310 3.904
4.671 0.957
5.629 2.087
2.270 2.268
8 0.995 1.939 3.238 5.926
5.768 0.268
5.221 3.412
0.582 5.835
4.130 0.520
1.222 0.021
1.261 3.727
2.000 5.932
2.134 3.725
2 3.879 2.799 4.749 6.265
0.425 3.720
0.382 3.708
10 3.542 6.354 4.327 0.117
3.686 0.379
4.386 1.447
2.163 5.002
3.846 2.710
0.235 1.907
2.716 1.614
1.304 0.760
6.507 4.130
0.738 6.527
0.245 6.417
8 0.124 0.304 4.911 2.149
0.725 3.797
5.923 2.236
6.183 5.450
0.632 3.825
6.066 4.855
0.622 2.947
6.537 0.518
6.275 1.759
5 5.803 3.391 4.781 4.824
0.508 1.675
6.412 0.662
0.334 2.267
2.991 5.600
5.400 6.507
7 1.657 0.665 4.671 2.650
0.253 1.819
1.899 3.438
1.351 0.350
3.022 2.017
1.648 5.750
5.990 4.409
2.258 4.266
4 5.400 5.842 2.773 1.204
4.990 4.383
4.577 1.516
3.291 3.414
1.852 6.127
7 1.147 1.492 2.938 1.529
0.585 2.395
1.048 5.531
0.520 2.050
1.659 3.701
2.352 5.354
6.177 5.556
6.306 2.068
7 3.951 2.015 6.530 4.886
1.520 2.967
3.147 0.021
5.709 1.864
2.169 5.306
6.460 1.126
2.123 4.170
1.494 4.146
6 2.598 3.110 5.805 0.385
5.637 3.648
5.931 6.412
1.113 1.320
3.202 2.284
2.050 1.900
3.236 0.114
6 0.506 6.053 1.131 1.531
4.494 5.226
3.135 2.332
4.392 0.436
4.174 6.028
6.499 0.540
5.837 6.291
5 6.194 1.314 5.096 3.463
1.767 2.973
4.622 5.332
2.487 1.945
0.024 4.171
6.507 0.565
10 6.139 0.623 5.236 2.770
3.487 5.855
2.277 2.483
0.954 1.931
3.577 0.593
2.840 5.083
3.503 4.063
4.195 3.046
4.529 5.050
4.870 5.559
3.121 0.658
4 0.191 0.753 5.110 6.120
3.823 5.118
6.162 3.005
6.359 4.875
2.326 4.116
3 3.905 1.928 3.077 4.742
2.811 3.218
4.504 4.947
4.366 1.908
5 6.274 2.284 3.339 4.147
3.869 4.650
2.200 4.863
2.073 0.362
0.953 2.930
2.606 0.296
3 0.188 6.169 1.653 1.501
5.561 2.333
4.497 1.997
0.669 3.860
4 1.710 1.576 5.052 1.916
4.079 4.193
2.884 0.832
2.593 4.241
0.890 3.911
6 1.171 3.476 6.258 5.836
1.177 1.967
0.489 5.195
0.881 4.109
6.166 3.134
4.664 2.711
3.945 2.736
2 4.674 0.280 6.171 0.430
3.712 0.948
1.577 4.066
5 0.419 3.493 0.003 5.213
0.057 5.318
2.424 1.103
4.601 2.366
2.719 4.432
6.034 4.308
3 5.888 6.520 4.037 5.993
3.918 3.408
5.316 5.092
2.194 6.165
3 0.811 3.707 5.994 0.507
3.386 5.690
3.686 2.962
0.940 5.292
9 2.266 1.619 4.948 2.869
0.101 0.907
4.355 0.160
0.519 4.529
1.613 3.776
3.482 3.755
4.679 0.913
0.315 5.523
4.401 1.810
0.593 2.242
4 0.812 2.982 4.245 0.351
6.272 2.083
0.292 0.893
3.437 3.887
6.178 4.786
8 6.406 2.609 0.946 0.631
4.911 0.009
0.449 3.970
4.543 4.445
3.709 2.078
1.740 2.748
2.687 4.260
4.229 4.043
6.430 6.098
1 5.491 6.075 1.773 0.746
2.985 5.889
3 1.241 0.714 0.136 5.113
4.756 6.468
6.072 4.943
3.917 3.887
2 5.186 0.741 6.432 4.870
4.183 5.825
3.678 5.836
4 1.441 4.354 4.811 3.149
5.293 5.679
2.185 3.144
0.422 6.015
1.980 5.964
9 5.260 0.062 4.847 3.022
2.352 6.202
2.197 0.073
4.606 3.870
0.202 4.039
1.733 3.366
6.016 0.122
3.413 3.730
2.587 5.535
4.974 2.175
7 4.853 5.276 3.363 2.908
3.885 3.188
3.088 4.887
4.416 3.183
2.893 4.465
3.716 4.045
3.109 2.252
5.129 2.902
5 0.961 0.141 0.264 4.712
2.166 0.461
4.636 2.458
1.225 6.199
6.178 0.875
0.385 4.588
6 4.101 6.232 0.032 0.974
4.271 4.752
0.864 6.108
6.399 4.767
0.181 5.314
4.799 3.474
1.795 0.404
9 3.218 0.790 3.494 5.511
3.208 3.006
4.447 5.008
0.444 0.741
6.498 5.007
4.315 0.178
0.948 4.772
4.741 5.891
3.244 5.495
6.224 2.606
3 4.779 2.279 4.701 2.752
0.723 0.186
3.449 5.457
1.752 2.905
2 3.255 0.902 0.719 2.034
6.318 4.440
1.112 4.848
9 1.770 5.267 5.326 1.008
2.016 4.057
3.597 1.075
2.913 1.591
2.824 5.112
2.291 5.459
5.151 4.264
4.640 5.707
0.655 1.310
1.197 4.506
6 2.631 0.878 5.241 5.674
3.198 6.102
4.965 6.075
6.014 5.811
0.047 6.412
6.473 1.479
2.587 5.916
1 4.975 2.287 2.033 0.426
2.157 3.293
3 6.071 0.432 4.973 3.495
6.075 5.151
2.210 3.563
1.071 3.619
4 3.837 3.427 0.616 5.330
3.341 1.399
3.140 4.043
4.596 3.735
1.830 1.866
4 0.802 0.154 0.638 5.383
1.868 1.987
1.684 3.074
3.900 4.240
2.975 2.825
10 4.697 3.304 3.576 4.090
4.133 0.721
0.932 2.904
1.161 0.101
0.688 5.301
3.405 4.362
1.784 3.027
1.722 6.336
2.734 3.543
1.784 4.120
1.735 3.842
5 6.179 3.535 1.565 0.348
3.490 1.561
5.592 2.093
1.511 0.072
3.114 0.822
4.634 3.033
8 4.922 3.054 0.015 2.586
3.064 6.260
1.032 5.528
3.377 3.910
4.190 4.244
5.682 5.642
1.205 3.662
5.466 5.032
2.661 4.700
3 4.644 5.450 6.341 0.285
1.821 5.082
0.643 6.244
6.078 5.457
4 1.415 5.977 3.650 6.167
4.885 0.969
1.043 3.374
2.344 6.359
5.471 4.083
4 5.231 2.248 4.441 6.008
0.521 4.103
1.745 6.216
0.226 3.802
2.782 4.956
4 5.570 1.014 0.672 3.543
2.396 2.436
5.936 4.953
4.688 1.912
1.084 1.328
1 0.272 2.080 3.658 1.369
1.509 1.730
4 0.095 2.900 2.042 5.437
1.827 4.733
5.662 1.859
1.237 4.249
6.367 1.720
1 3.751 4.083 4.536 0.722
0.987 4.213
8 0.762 4.336 4.986 2.283
0.583 3.151
4.587 1.304
3.929 1.773
0.434 0.983
2.811 4.820
5.195 1.154
1.588 0.654
5.022 5.819
6 0.710 1.097 2.950 0.723
6.361 3.041
6.444 4.815
2.025 0.700
0.290 6.385
5.979 5.668
5.125 5.858
2 6.370 1.372 3.789 2.545
3.880 4.665
1.837 5.065
4 5.084 3.447 6.314 2.246
5.772 4.061
6.271 4.309
6.513 6.052
4.350 3.619
9 0.721 1.489 3.548 2.110
5.946 2.757
3.787 5.771
2.648 5.621
0.315 0.555
1.131 1.149
0.484 5.005
0.272 5.734
4.126 3.663
4.702 1.122
9 3.664 2.660 5.854 2.649
6.340 1.126
2.896 4.211
1.925 1.661
0.795 0.973
5.305 4.474
2.170 0.044
4.226 5.651
5.528 1.742
2.892 0.327
2 0.093 1.556 0.972 1.623
5.362 3.441
2.616 4.806
8 2.793 5.098 1.571 3.568
4.487 1.249
1.938 0.138
3.339 1.661
2.347 0.052
4.179 5.734
5.670 4.436
3.200 1.578
4.483 3.609
8 1.063 5.306 2.896 5.895
0.055 5.846
5.269 2.932
5.751 0.202
6.090 5.479
4.473 5.516
4.994 1.239
0.535 6.300
0.312 6.230
8 5.171 5.759 3.047 2.607
1.067 0.266
3.490 0.835
6.060 2.424
3.498 3.952
3.019 3.294
4.658 2.783
2.508 4.699
2.799 2.576
8 6.412 3.293 2.321 0.988
0.855 2.490
6.530 6.094
5.980 0.120
3.246 1.901
3.658 3.426
6.005 2.525
4.098 1.967
1.637 2.253
9 4.457 1.315 4.420 2.023
0.216 3.282
6.061 5.565
1.427 1.573
2.720 4.963
1.308 1.180
0.540 5.094
5.909 6.220
0.383 2.505
3.456 5.461
3 2.193 3.410 5.184 0.241
0.783 0.082
4.941 2.534
3.210 4.780
4 1.487 0.240 0.466 2.842
0.055 5.151
1.302 5.206
6.273 3.202
3.930 2.110
2 2.714 0.668 0.698 1.344
3.101 0.264
6.123 4.138
1 4.095 2.530 2.535 3.806
3.120 3.228
5 3.198 4.412 2.085 4.083
3.936 6.189
3.377 3.192
5.676 2.085
3.898 0.954
1.565 5.570
6 5.221 5.702 5.995 0.795
5.799 6.389
4.768 2.272
5.223 3.965
0.939 6.048
2.624 3.579
3.627 1.291
7 0.519 5.862 2.598 0.245
2.644 0.678
3.437 5.963
1.777 6.325
6.167 1.056
0.868 4.246
5.537 4.284
1.332 0.155
1 3.297 0.699 1.779 1.207
4.024 2.214
2 4.937 4.736 3.775 1.318
4.573 3.119
2.428 1.354
6 1.369 6.102 1.798 2.293
6.164 4.290
1.860 5.526
2.405 0.921
4.820 0.136
3.012 3.916
6.464 2.799
7 2.613 4.608 0.940 4.779
0.328 1.491
2.883 1.423
2.338 3.925
2.047 6.457
3.141 3.948
2.955 1.761
6.399 3.934
5 0.114 3.793 2.586 5.362
0.294 6.486
0.808 5.776
4.179 3.215
3.720 1.723
2.753 6.420
3 2.864 2.632 2.087 4.085
5.588 1.840
3.619 0.139
0.512 0.256
1 3.292 3.094 6.063 2.966
4.055 6.411
10 6.044 4.078 4.479 5.341
3.617 1.896
3.437 0.808
2.466 5.060
3.817 0.096
2.054 6.244
5.396 1.822
0.918 1.096
4.580 4.697
0.592 5.810
1.780 4.136
6 3.445 2.869 6.231 4.683
6.211 1.755
0.151 5.123
3.003 4.238
2.706 1.077
3.309 2.308
6.308 2.457
5 1.447 5.964 3.228 1.591
2.446 2.926
2.875 3.787
5.602 0.458
5.730 4.615
5.637 2.968
4 3.210 1.749 2.622 4.430
4.850 4.971
4.436 4.134
1.922 1.220
3.395 2.262
7 2.331 1.142 2.892 0.618
3.966 3.241
3.386 5.877
5.779 6.251
2.822 0.474
3.168 6.231
1.358 6.355
2.985 1.630
7 0.999 4.155 0.994 4.665
2.487 1.626
0.946 3.643
4.410 3.290
5.081 6.513
1.527 2.877
3.414 0.301
3.708 3.477
8 0.972 3.012 5.367 4.009
5.994 4.307
3.332 0.484
5.974 3.784
3.670 0.132
4.433 3.945
1.545 5.980
5.751 3.498
0.872 5.873
10 2.583 4.144 2.592 3.753
6.178 3.587
2.279 4.919
6.132 0.901
2.222 6.396
1.950 2.314
5.083 3.848
4.303 1.123
5.034 1.254
5.475 3.162
2.567 4.548
7 3.188 0.513 2.267 6.348
2.259 2.527
1.343 3.867
3.523 2.523
5.886 4.827
6.454 4.412
2.127 2.970
1.220 6.290
7 4.168 3.454 1.767 4.964
1.669 5.282
0.442 0.774
3.710 3.283
4.322 2.804
1.425 4.446
2.538 1.221
0.140 2.527
8 3.870 1.181 4.034 1.041
5.938 5.137
4.190 0.623
0.082 5.845
1.879 1.123
6.143 4.547
4.410 3.854
2.984 0.778
0.267 0.565
3 5.389 3.484 3.629 6.525
4.470 6.413
4.700 0.528
6.172 3.045
1 4.241 0.622 0.268 2.332
5.846 1.226
8 2.944 5.290 5.731 5.787
2.969 6.413
6.374 5.771
1.377 3.827
0.276 4.485
0.840 5.028
1.867 3.264
5.095 4.482
4.095 0.384
5 1.714 4.327 4.581 4.537
0.220 4.253
2.369 0.154
5.003 2.473
3.088 5.365
5.406 1.915
4 0.809 0.402 4.294 4.000
3.999 1.153
3.947 3.625
1.753 2.988
5.619 4.961
10 0.882 4.551 0.127 4.637
2.679 0.222
3.247 0.037
3.579 0.048
2.739 0.094
0.126 0.111
0.672 1.167
0.352 5.136
3.644 3.310
0.802 1.372
5.022 4.182
6 3.285 2.535 0.983 0.906
4.001 0.158
0.698 4.030
2.046 4.984
5.645 3.900
2.234 2.328
3.906 0.932
4 2.840 4.283 3.870 4.531
6.184 6.508
6.292 5.202
5.340 1.249
0.927 5.356
9 3.779 1.976 2.901 5.318
0.244 3.060
5.125 6.171
3.972 4.563
6.029 0.103
1.096 0.306
5.761 4.325
0.401 5.153
0.740 6.134
0.664 1.841
6 1.998 5.023 3.631 1.603
3.055 0.813
6.190 0.262
0.451 3.127
2.282 2.925
4.154 5.714
0.922 4.992
7 1.397 2.459 2.484 0.924
6.408 1.626
5.704 6.153
3.600 2.942
3.549 4.593
3.475 6.487
0.309 3.514
3.054 2.350
6 2.922 1.086 2.447 1.959
1.518 5.243
3.461 5.048
6.137 0.254
2.229 1.544
0.881 5.251
4.663 1.636
5 1.541 2.997 3.741 5.401
6.381 1.956
3.272 0.634
5.779 4.886
3.766 3.464
2.748 4.735
4 4.332 6.275 1.256 3.919
3.336 6.060
0.396 1.172
2.957 3.019
2.385 5.597
6 3.863 3.989 0.363 3.115
2.482 3.075
2.677 6.402
0.413 5.618
0.232 0.544
3.392 0.628
4.426 3.227
7 2.380 4.101 5.802 5.726
1.958 5.772
0.566 0.023
6.316 0.957
1.116 5.335
4.357 4.848
5.853 1.573
4.713 2.126
3 2.806 5.736 4.387 3.746
5.671 1.008
1.717 0.363
0.937 5.379
9 0.534 5.400 1.192 4.230
4.316 1.651
4.998 1.641
5.670 4.739
2.389 5.206
4.495 2.352
4.418 3.823
1.540 4.901
5.156 5.270
0.645 6.048
1 5.727 1.384 5.130 4.077
2.331 5.350
7 5.517 0.135 3.076 5.889
4.235 1.173
6.033 2.146
3.443 4.530
6.195 3.141
5.967 3.419
1.622 1.191
5.024 0.439
4 3.242 2.796 1.792 4.976
0.225 2.796
5.120 5.042
5.160 6.302
4.830 2.445
3 1.358 3.042 1.079 6.230
5.146 4.661
5.319 0.809
0.280 3.067
2 6.364 4.361 4.245 5.262
1.123 5.922
0.200 2.156
4 1.466 4.801 5.310 0.418
1.618 3.757
2.875 1.188
5.559 5.757
0.418 6.374
3 6.182 1.918 2.775 1.385
1.880 5.752
5.154 0.224
3.918 3.317
6 3.628 5.093 4.233 4.554
1.158 5.417
1.183 3.816
1.177 5.340
2.131 0.688
5.723 2.947
6.182 5.434
2 1.029 4.679 2.216 5.736
2.487 1.405
0.900 4.321
3 1.074 3.217 0.889 4.390
5.232 5.669
0.705 4.410
0.890 3.028
6 4.978 5.847 3.139 0.839
1.986 1.853
3.931 4.805
6.287 3.354
0.260 6.378
1.282 3.045
1.640 0.333
7 3.713 5.965 2.837 2.111
1.518 3.821
2.970 4.986
6.196 2.501
6.375 5.471
6.100 3.968
5.631 2.017
3.436 4.134
10 5.845 2.586 4.809 0.403
5.134 4.478
4.286 3.504
5.481 3.457
0.883 2.192
3.797 0.409
2.851 5.349
4.323 6.051
5.600 0.695
3.878 3.153
1.182 2.006
4 2.149 4.237 2.097 1.227
3.782 4.029
0.901 0.066
2.392 6.352
3.162 4.228
9 6.206 6.450 5.718 4.129
2.554 5.334
0.528 1.977
3.069 3.039
1.750 3.623
0.228 1.838
1.385 2.501
5.981 4.878
5.887 0.556
4.848 2.584
9 5.706 0.453 4.414 2.812
3.531 1.739
4.244 2.711
3.013 5.579
3.075 3.192
3.161 5.292
1.343 0.772
2.607 3.978
3.913 2.348
2.500 5.233
6 3.815 6.527 3.693 5.815
5.723 2.695
0.702 3.295
2.356 2.834
6.231 5.816
2.028 5.701
6.134 0.809
10 2.958 5.767 2.909 3.716
5.551 4.844
4.600 3.677
3.081 2.962
5.811 4.541
0.837 1.979
1.788 3.496
1.194 4.949
2.420 3.987
5.237 2.969
0.605 3.882
3 4.345 5.433 3.894 2.797
3.362 6.138
5.436 3.197
5.365 0.666
1 5.726 6.324 4.359 6.027
1.242 5.293
2 2.303 4.825 5.007 0.237
6.173 5.889
6.485 4.086
5 4.884 4.624 2.906 4.884
5.004 2.203
0.025 2.457
0.945 0.750
0.206 4.832
6.546 2.137
3 3.255 2.678 2.172 2.128
0.919 1.641
6.369 2.792
1.398 3.296
8 5.333 6.497 6.068 3.587
4.262 1.175
6.213 0.709
0.600 4.721
1.714 2.289
6.046 6.482
4.378 5.064
1.230 0.275
6.468 1.283
3 5.569 4.945 3.132 2.043
5.233 0.805
1.982 3.114
1.579 2.246
9 3.111 4.989 0.689 6.532
2.949 6.153
2.533 2.564
6.236 3.978
0.157 2.004
2.334 1.683
0.534 5.533
1.712 3.154
6.413 6.036
3.307 4.637
1 3.737 2.324 3.704 0.147
6.412 3.715
2 4.866 4.575 3.115 4.319
2.095 2.953
3.997 0.985
8 1.395 4.424 3.529 1.274
4.295 1.921
0.372 2.868
5.697 3.751
5.033 4.880
2.577 5.761
0.224 5.531
5.280 4.671
2.155 1.792
7 5.235 0.356 4.938 2.910
5.043 1.855
0.233 6.508
6.117 0.677
0.332 5.249
4.231 1.608
1.931 2.679
4.385 5.216
1 1.315 6.156 4.547 3.975
0.632 5.070
3 0.893 1.650 3.420 5.438
6.344 0.288
4.809 3.107
1.840 2.346
7 1.827 1.463 3.848 1.572
2.470 2.892
2.823 4.232
1.287 6.167
5.734 5.688
4.545 2.935
3.724 5.645
1.209 1.343
5 2.161 3.321 1.894 1.256
5.922 5.672
2.637 2.954
6.156 3.841
3.026 6.149
4.530 3.243
10 2.289 4.408 2.296 1.148
6.171 6.514
1.922 1.495
4.856 3.030
4.455 2.562
5.487 5.032
4.937 1.186
4.135 5.079
1.862 3.613
3.003 3.650
2.622 4.312
2 5.954 1.677 1.422 6.495
5.535 4.488
6.077 6.125
5 4.315 3.157 3.660 4.488
5.074 0.754
1.763 1.714
4.055 5.462
2.142 1.192
2.859 4.326
7 4.096 3.091 6.480 6.553
0.293 4.355
2.009 0.514
3.596 0.062
3.268 1.955
4.249 0.245
0.296 6.133
3.097 5.469
6 1.913 2.034 1.845 6.253
6.143 0.394
5.803 1.830
1.770 1.100
3.810 1.047
1.152 2.303
4.142 0.978
4 2.746 2.097 0.191 5.560
2.913 1.575
5.369 1.374
1.136 5.700
3.572 4.371
10 2.520 3.663 4.748 4.744
2.297 5.283
2.855 5.023
2.841 4.747
5.056 1.400
2.522 5.478
2.706 1.563
2.015 5.797
6.206 5.971
6.540 5.020
5.030 3.970
10 0.524 0.157 5.396 3.840
0.100 6.220
6.367 4.721
1.445 2.352
5.162 2.961
0.382 2.035
1.455 3.208
4.260 4.398
1.750 5.304
3.494 2.879
3.846 1.633
4 4.344 2.083 5.976 0.131
3.201 0.295
5.204 2.014
4.389 5.700
5.272 2.262
5 6.097 4.672 3.563 3.162
3.453 4.364
5.513 3.127
3.110 5.253
3.254 0.811
3.393 0.367
4 0.529 5.581 3.914 0.815
0.442 4.934
5.628 3.775
4.545 4.570
4.353 4.304
1 1.817 4.790 5.740 3.135
2.103 5.020
6 1.617 5.857 2.131 0.236
3.801 3.216
3.171 6.292
3.441 5.532
2.711 6.074
3.268 5.578
1.834 4.168
4 3.522 0.089 0.413 0.064
1.894 1.024
2.907 1.045
2.014 5.163
1.560 3.732
2 0.449 0.896 1.945 4.797
1.081 5.230
5.023 2.573
1 3.982 0.532 1.231 0.396
1.403 1.797
2 1.444 3.053 0.928 2.389
3.695 0.486
4.692 5.508
4 1.463 4.339 6.108 0.532
1.767 4.781
4.628 1.411
5.598 0.346
2.290 5.125
7 0.151 4.602 4.829 0.184
4.765 5.679
4.568 3.031
0.845 3.618
1.220 0.280
2.166 3.324
3.132 0.165
1.303 2.962
7 1.583 1.749 1.545 4.817
6.035 5.620
3.097 1.255
0.460 0.527
0.434 6.274
2.126 0.243
4.799 5.375
2.404 4.555
3 4.192 0.895 5.574 2.228
2.742 5.465
2.047 6.031
3.097 6.001
7 4.731 6.508 1.371 3.015
3.897 1.180
1.889 2.584
0.259 0.691
0.699 5.424
3.434 5.597
2.695 1.308
4.487 2.288
8 3.630 1.970 2.892 3.988
0.594 0.366
1.748 4.168
1.945 3.872
0.546 4.478
2.633 5.043
1.507 6.142
1.541 4.184
4.969 3.753
4 6.325 0.258 2.742 3.244
3.356 2.469
1.347 3.324
5.406 1.348
0.891 2.140
4 5.298 1.201 5.758 4.316
3.963 3.069
2.321 0.335
4.291 2.055
1.836 6.422
1 1.214 3.924 1.617 0.064
5.803 4.800
10 4.727 5.721 2.670 3.630
5.135 4.836
6.433 2.364
1.247 4.434
2.719 5.446
5.261 5.750
5.061 4.595
0.275 3.753
1.490 3.806
1.401 5.857
6.341 4.873
9 3.661 5.861 1.506 3.062
5.052 0.556
0.369 1.076
2.933 4.099
0.890 3.864
2.418 2.222
3.639 5.774
5.069 3.200
5.461 0.757
3.952 4.929
1 0.240 3.690 6.253 5.697
4.872 0.775
3 2.977 4.440 0.255 5.894
3.793 1.393
3.633 4.788
2.646 5.852
7 0.494 5.152 5.666 1.333
0.779 6.265
5.018 1.720
3.400 3.871
2.506 5.085
6.462 4.747
0.012 1.706
1.071 0.180
9 1.787 1.644 4.871 2.338
5.836 1.335
0.536 6.304
2.769 5.663
3.042 4.992
5.400 2.735
3.138 0.689
1.435 3.422
3.336 6.339
2.470 2.884
10 1.258 5.895 1.938 3.850
3.639 1.807
2.920 2.950
3.804 3.108
5.861 0.913
2.937 1.932
4.129 3.352
6.454 5.555
0.351 1.409
1.615 0.409
0.536 6.053
1 0.435 1.402 6.433 3.233
5.978 0.803
4 6.377 2.868 5.850 0.944
1.144 6.274
5.787 1.931
2.665 1.277
1.055 5.534
2 6.537 2.441 3.032 2.527
4.071 4.582
1.461 0.766
3 5.565 4.122 3.202 4.914
2.871 2.183
5.618 0.361
5.257 1.143
4 0.448 3.351 0.091 4.769
3.543 1.336
2.393 1.217
0.423 1.436
6.467 4.453
1 1.939 1.278 3.823 2.178
5.013 1.203
7 3.475 0.707 6.517 4.534
3.602 1.936
2.880 5.359
2.803 0.075
2.262 1.777
5.234 4.867
5.393 1.758
0.330 2.607
4 4.638 1.278 1.076 3.907
1.311 1.406
5.903 0.602
0.325 2.018
5.113 0.786
3 2.959 6.398 1.452 0.419
0.626 5.628
2.348 0.067
1.401 1.851
8 3.583 0.018 3.162 0.679
1.838 3.429
2.496 0.340
0.058 3.918
1.759 2.863
2.720 1.109
0.608 5.672
2.911 3.308
1.921 2.624
8 4.053 2.855 2.433 5.181
0.733 2.301
6.066 4.236
0.749 3.705
3.565 3.837
5.158 1.193
6.085 1.958
2.081 2.214
4.022 1.703
9 6.018 2.659 4.746 6.150
0.547 0.924
2.058 3.043
4.848 1.212
2.973 0.369
1.032 2.507
4.120 0.067
5.642 5.585
5.889 3.473
6.244 1.264
5 1.802 5.655 3.606 1.625
1.428 2.914
1.184 1.195
1.689 0.442
4.255 4.608
1.781 3.980
8 5.752 1.730 6.340 0.178
0.266 1.050
1.248 6.087
1.689 6.100
0.934 4.936
4.414 4.141
1.175 4.637
1.375 3.859
3.720 6.156
