6104 3376 7866 1545
6104 3376 7866 1546
5022 2910 0140 8952
5022 2910 0140 7954
5022 2910 0140 7953
5022 2911 0140 8951
5022 2920 0140 8950
5022 2910 0540 8958
5022 2910 0140 8994
5092 2910 0140 7959
7202 8994 2719 2176
7250 6953 4116 4929
3690 3711 6496 3647
6938 9286 3751 0404
7423 0909 9107 1451
1078 8334 6207 9293
1733 0904 7871 3770
6244 0641 3516 4234
7378 3359 0551 0297
8856 2585 6700 1951
1419 6473 8891 2949
3398 2133 2676 7285
4279 1374 3553 6529
2344 8457 1208 0615
1937 7069 2048 3844
4636 2203 7668 9606
6234 0324 4615 0230
3172 2232 0951 4822
3555 3275 4804 0263
3172 9613 7811 4127
7175 7034 0782 9849
2327 2559 0046 6492
3679 6414 0716 0049
4586 3076 5332 6287
5644 2809 7355 7369
4031 7319 5986 9115
3489 1566 8219 3009
2396 1512 3532 1529
5269 7529 5602 4105
1754 9417 0120 1220
9494 4437 1112 1177
9606 9218 9585 5996
5873 2052 3242 4794
3155 9182 4294 2167
4635 6522 0728 3978
7196 8856 5099 6091
1234 6615 7227 0569
7935 7941 3677 2600
8111 1252 4121 4478
2614 9302 4481 0798
2237 8047 8711 4277
1930 1856 3242 0359
1106 0122 8746 9458
9294 2768 2494 0674
6838 2396 6569 0171
4809 1662 5568 3767
9520 9545 1779 1860
3294 5324 8530 2547
1411 0663 4913 5622
4029 5762 8089 1457
0000 0000 0000 0000
