2 2 1
1 0
3 0
2 7
4 0
2 2 1
1 1
3 0
2 2
4 1
2 4 6
1 1
9 9
2 1
1 2
8 9
9 8
1 8 3
2 2
1 1
1 2
1 3
2 1
2 3
3 1
3 2
3 3
8 1 3
1 1
1 2
1 3
2 1
2 3
3 1
3 2
3 3
2 2
60 62 2
1 1
1 3
1 5
1 7
1 9
1 11
1 13
1 15
1 17
1 19
1 21
1 23
1 25
1 27
1 29
1 31
1 33
1 35
1 37
1 39
1 41
1 43
1 45
1 47
1 49
1 51
1 53
1 55
1 57
1 59
50 1
50 3
50 5
50 7
50 9
50 11
50 13
50 15
50 17
50 19
50 21
50 23
50 25
50 27
50 29
50 31
50 33
50 35
50 37
50 39
50 41
50 43
50 45
50 47
50 49
50 51
50 53
50 55
50 57
50 59
1 2
1 4
1 6
1 8
1 10
1 12
1 14
1 16
1 18
1 20
1 22
1 24
1 26
1 28
1 30
1 32
1 34
1 36
1 38
1 40
1 42
1 44
1 46
1 48
1 50
1 52
1 54
1 56
1 58
1 60
50 2
50 4
50 6
50 8
50 10
50 12
50 14
50 16
50 18
50 20
50 22
50 24
50 26
50 28
50 30
50 32
50 34
50 36
50 38
50 40
50 42
50 44
50 46
50 48
50 50
50 52
50 54
50 56
50 58
50 60
50 61
50 62
5 5 34
155 75
0 0
31 15
248 120
217 105
124 60
93 45
62 30
279 135
186 90
5 5 751
3485 1410
697 282
4182 1692
4879 1974
6273 2538
2788 1128
1394 564
5576 2256
2091 846
0 0
10 10 2
19 38
18 36
17 34
14 28
8 16
13 26
6 12
3 6
12 24
1 2
2 4
9 18
7 14
10 20
15 30
4 8
11 22
0 0
16 32
5 10
50 20 12
476 680
378 540
287 410
91 130
252 360
483 690
385 550
168 240
42 60
231 330
266 380
448 640
238 340
126 180
70 100
14 20
175 250
441 630
294 420
462 660
469 670
35 50
77 110
182 260
7 10
84 120
245 350
315 450
336 480
364 520
63 90
434 620
105 150
147 210
406 580
196 280
140 200
322 460
350 500
413 590
154 220
217 310
189 270
371 530
21 30
301 430
56 80
273 390
357 510
308 440
203 290
98 140
427 610
392 560
224 320
112 160
133 190
399 570
420 600
49 70
343 490
28 40
280 400
259 370
119 170
210 300
455 650
161 230
0 0
329 470
20 50 4
162 216
3 4
57 76
126 168
189 252
75 100
60 80
96 128
192 256
111 148
72 96
195 260
198 264
9 12
138 184
45 60
207 276
174 232
132 176
129 172
42 56
123 164
69 92
66 88
159 212
153 204
165 220
51 68
78 104
156 208
150 200
54 72
204 272
201 268
6 8
18 24
135 180
39 52
177 236
48 64
84 112
24 32
27 36
21 28
90 120
108 144
0 0
15 20
87 116
183 244
171 228
105 140
33 44
141 188
147 196
93 124
120 160
102 136
168 224
63 84
99 132
12 16
186 248
36 48
30 40
144 192
180 240
81 108
117 156
114 152
15 15 41
910 598
525 345
210 138
665 437
315 207
945 621
875 575
0 0
700 460
1015 667
560 368
70 46
595 391
350 230
385 253
630 414
770 506
735 483
455 299
805 529
420 276
840 552
140 92
245 161
105 69
280 184
175 115
35 23
490 322
980 644
5 3 67
63 603
35 335
0 0
7 67
49 469
123 529
109 395
81 127
5 5 985
6881 462
8847 594
5898 396
1966 132
0 0
4849 1313
2883 1181
7798 1511
3866 1247
917 1049
50 20 0
11 0
17 0
37 0
42 0
68 0
2 0
20 0
19 0
0 0
9 0
23 0
31 0
63 0
15 0
57 0
29 0
10 0
14 0
12 0
60 0
26 0
47 0
25 0
56 0
69 0
44 0
8 0
64 0
30 0
5 0
22 0
28 0
4 0
51 0
36 0
40 0
1 0
67 0
58 0
53 0
62 0
6 0
66 0
54 0
65 0
39 0
32 0
33 0
48 0
3 0
46 10
49 10
41 10
59 10
18 10
16 10
50 10
7 10
27 10
52 10
24 10
61 10
21 10
43 10
55 10
38 10
34 10
45 10
13 10
35 10
30 50 5
168 280
102 170
225 375
60 100
204 340
84 140
234 390
237 395
3 5
12 20
15 25
96 160
18 30
180 300
228 380
30 50
222 370
165 275
6 10
9 15
0 0
231 385
81 135
174 290
162 270
216 360
21 35
219 365
99 165
33 55
131 207
74 112
68 102
176 282
140 222
149 237
194 312
143 227
83 127
197 317
95 147
29 37
200 322
119 187
44 62
188 302
146 232
116 182
122 192
113 177
134 212
152 242
110 172
125 197
158 252
137 217
155 247
62 92
50 72
47 67
206 332
41 57
80 122
53 77
32 42
203 327
92 142
59 87
56 82
71 107
191 307
164 262
218 352
212 342
215 347
98 152
161 257
128 202
182 292
77 117
65 31 98
608 504
6764 5607
7220 5985
3876 3213
1140 945
5320 4410
1596 1323
2964 2457
2280 1890
988 819
3116 2583
4180 3465
7068 5859
3420 2835
2736 2268
5016 4158
3572 2961
4104 3402
228 189
6004 4977
4940 4095
4256 3528
1672 1386
6992 5796
1900 1575
7144 5922
1824 1512
4712 3906
836 693
4864 4032
5852 4851
380 315
4560 3780
6232 5166
6460 5355
456 378
2584 2142
152 126
6840 5670
2508 2079
4028 3339
4332 3591
3496 2898
6612 5481
912 756
304 252
2660 2205
3724 3087
76 63
3800 3150
1064 882
4408 3654
6688 5544
5396 4473
1444 1197
6916 5733
6536 5418
2356 1953
5472 4536
532 441
6308 5229
1292 1071
0 0
3648 3024
3192 2646
4421 3793
1457 1336
2141 1903
621 643
1989 1777
6093 5179
2977 2596
5561 4738
697 706
2749 2407
2369 2092
6017 5116
5713 4864
4725 4045
5485 4675
3281 2848
3205 2785
1913 1714
2825 2470
2065 1840
6321 5368
5637 4801
3889 3352
1305 1210
5865 4990
4573 3919
5181 4423
5029 4297
5105 4360
1685 1525
1153 1084
30 20 1
6466 6474
4431 4436
6184 6191
9049 9059
5860 5867
6565 6573
2385 2388
4793 4799
6080 6087
6467 6475
4049 4054
5012 5018
4615 4621
3538 3540
1418 1418
6494 6502
4731 4737
4887 4893
7739 7748
6901 6909
0 0
5278 5284
3116 3120
3570 3574
3367 3371
4215 4218
6278 6285
7051 7059
6302 6309
5283 5289
4255 4260
3411 3413
2306 2307
8995 9005
2326 2327
7740 7747
6717 6723
8651 8659
3874 3876
4411 4414
1482 1482
8623 8631
4512 4515
5155 5159
3774 3776
2272 2273
5309 5313
1043 1042
3613 3617
5699 5703
20 40 2
2680 2679
8093 8101
6575 6582
3856 3860
5237 5243
6873 6880
6829 6836
3644 3648
4439 4440
0 0
4306 4311
5896 5902
7899 7907
8019 8027
7847 7855
5446 5452
3184 3188
3686 3690
7161 7169
6326 6333
4458 4459
4367 4368
2756 2755
7985 7990
8730 8735
7767 7771
5444 5446
8906 8911
3000 3000
7051 7055
5110 5116
3680 3680
2645 2644
4296 4297
4784 4785
4982 4984
4257 4258
6580 6583
5708 5710
6291 6298
4079 4080
8345 8350
6258 6261
5032 5034
5133 5135
9542 9548
5090 5092
1439 1437
3260 3260
8878 8883
8241 8246
3206 3206
9102 9108
3919 3920
5286 5288
4736 4737
5771 5773
3449 3449
4062 4063
5173 5175
25 30 10
8933 8941
0 0
5343 5348
8541 8549
9092 9101
769 770
3494 3498
4836 4841
4854 4844
5442 5447
9231 9240
6886 6893
3761 3765
5946 5952
1853 1855
2233 2235
9457 9466
5223 5213
6831 6838
2818 2821
2223 2225
7552 7559
4208 4212
2665 2668
5188 5193
5809 5800
6956 6948
5833 5824
3407 3411
6441 6432
3469 3457
4948 4938
4918 4908
5950 5941
5304 5294
4952 4942
6719 6710
5068 5058
5107 5097
7212 7204
5933 5924
2145 2132
1702 1689
4900 4890
8732 8725
5663 5653
5276 5266
1831 1818
5127 5117
5377 5367
6016 6007
4242 4231
2646 2634
2964 2967
3217 3205
100 100 20
1772 1775
6353 6364
5333 5342
8836 8851
2569 2574
6542 6554
3749 3727
5291 5300
5717 5727
1515 1518
5953 5934
6916 6899
3820 3827
5693 5703
2586 2591
2972 2978
2607 2612
3914 3892
7669 7682
2681 2686
7953 7938
5180 5189
6026 6037
3686 3693
2521 2526
5243 5252
6062 6073
4811 4820
6996 7008
7846 7860
4866 4875
9240 9256
5353 5363
8365 8380
7741 7755
5123 5132
3532 3509
8289 8303
5157 5166
4397 4405
3214 3220
1390 1393
6374 6385
3555 3561
5779 5789
4419 4427
3081 3087
0 0
2611 2616
2913 2918
2883 2888
5694 5704
3874 3881
998 1000
7452 7436
1836 1840
2514 2519
7925 7939
2349 2353
3714 3691
4736 4744
6792 6804
1162 1164
4792 4801
4936 4945
7167 7150
8645 8660
5619 5629
4316 4324
7131 7144
8493 8508
3331 3337
4977 4986
7174 7187
9230 9246
9205 9221
7765 7779
5599 5609
4769 4778
2106 2110
6675 6687
6715 6727
2359 2363
1297 1300
1131 1133
6987 6999
5149 5129
5918 5928
8297 8311
3078 3084
6277 6288
9123 9139
6180 6191
9146 9162
2682 2658
3505 3482
4755 4764
1886 1890
5292 5301
4425 4433
3399 3376
4247 4225
5511 5491
2629 2605
1644 1618
9455 9442
4868 4847
5006 4986
4344 4323
4489 4497
4217 4195
6242 6224
3801 3779
5253 5233
4731 4710
6723 6706
5678 5659
5929 5940
6644 6656
9053 9039
4678 4657
6459 6441
3423 3400
4883 4862
4769 4748
5918 5899
7118 7101
6501 6483
2741 2717
5915 5896
6219 6201
3690 3667
4597 4576
4543 4522
7436 7420
4861 4840
7623 7607
8635 8650
1909 1883
1642 1616
1258 1231
4537 4516
6652 6634
4895 4874
8435 8420
6732 6715
6084 6095
8054 8039
8236 8221
3959 3937
5494 5474
6002 5983
8227 8212
5080 5060
3757 3764
7463 7447
4411 4419
3612 3589
8729 8715
8966 8952
4202 4210
3850 3828
4486 4465
7116 7099
6270 6252
3619 3596
8115 8100
1593 1567
5159 5139
5972 5953
6882 6865
5659 5640
8066 8051
5303 5312
7160 7143
2884 2860
786 759
6677 6659
8480 8466
1694 1668
5390 5370
4043 4021
4877 4856
4583 4591
6755 6738
4062 4040
2701 2677
6920 6903
3911 3889
6203 6214
4892 4871
5529 5539
5827 5808
2371 2346
8882 8868
5948 5929
2972 2948
5262 5242
2078 2053
3346 3323
5 5 10
9655 9751
1869 782
2202 575
3825 2746
6568 5313
9826 4168
1460 7912
4372 6250
2741 4706
3117 4771
10 10 1
2387 4566
3071 7158
2650 5407
3785 5719
2670 4761
5351 4287
6787 7233
4118 3220
4503 6016
3498 3029
8933 3948
6449 8676
7444 5236
5966 3946
6252 4626
9508 3233
7753 5011
9626 3756
8136 5900
6922 7015
40 30 1
8005 9031
8107 3830
3111 1684
282 2791
812 5038
2481 7710
3581 9977
5905 2306
3128 12
9366 112
977 9022
1974 1016
5836 3497
5991 5467
8297 2373
6887 5078
6134 6937
860 197
8641 8428
6495 7379
3340 8345
4636 9012
7027 2927
7318 355
4963 1944
406 7866
4675 826
6770 897
1353 9214
9048 8317
9853 4515
9326 9921
846 8700
9362 5873
6446 9543
6164 7339
3615 255
4220 5614
3576 1126
2490 4168
6440 3833
1323 8746
3878 4248
8565 6307
7517 555
834 6758
3050 1784
3308 2715
236 5316
2431 118
2561 8658
7551 5948
515 5671
282 5208
7353 8086
726 683
6049 1199
3879 3892
3872 1497
3395 3077
4063 8616
9546 6068
6406 8708
4957 5502
9620 3782
9109 5476
3563 9513
3193 4131
4161 5028
1534 6871
20 50 20
6826 1707
4412 5950
4542 5677
6581 3093
7850 5570
364 495
9323 4559
3248 907
3787 7086
1306 2852
7747 152
6569 7697
481 6576
9612 1280
9499 2017
6053 7462
5371 5920
6366 478
8253 3091
7876 2980
6018 5390
8447 8891
5658 6219
9200 8188
508 7301
8345 9870
9945 5720
9627 5831
7963 6222
8312 5191
7827 7424
1377 4390
8352 4862
4551 7161
2905 5204
3652 4188
2081 7912
2682 9352
6465 9991
1843 8662
1455 4642
9794 9830
4264 7162
4702 4333
6455 3640
2271 4708
8636 4548
801 6654
1266 6230
838 5356
4305 6867
8891 7750
4661 5787
8204 9982
5 7583
613 8012
339 8747
104 7036
1542 5804
3840 7451
5386 7223
4169 7404
2243 6642
3828 8634
4543 4777
5584 5381
3155 3864
9476 7884
5307 6276
8316 4296
50 20 40
6321 8682
1060 6301
2511 9124
70 8495
8952 9075
3088 2706
6201 5482
575 3490
6222 802
3242 1837
3529 658
4903 6052
7241 2051
9599 9576
5672 5871
7535 8345
4270 6739
5333 7296
8811 4618
1271 5760
3224 8552
7330 563
8938 7608
8260 4559
7994 8694
86 136
7615 5172
3996 9614
7330 2350
7264 1282
1147 9871
1321 2898
930 1297
9405 8606
1932 2918
4201 7757
1545 584
9642 9496
9475 5761
795 6737
9569 5851
6044 945
7440 1084
8472 3990
5560 2865
4472 4492
5129 3874
6560 5346
3319 9304
8265 1637
4763 5370
9504 3334
4694 5010
2869 900
8543 691
3733 197
7061 2816
9077 4185
7363 2047
3312 2444
9124 9171
8592 9612
8467 206
4997 356
5746 5043
2586 3081
2824 6869
5835 597
5853 5395
9125 6011
30 50 100
8492 5018
2852 9463
6506 674
343 381
2687 8074
8920 7461
355 7642
6151 9706
3291 5435
8198 77
8437 5770
7620 2408
4842 6016
665 9735
596 8626
2226 1869
2760 2207
2278 4038
7194 7764
3722 9507
6732 5700
7277 4715
5771 8010
7270 955
1379 3925
5482 9182
237 2603
5130 8085
5378 2434
9937 4052
6289 5650
5337 7402
4601 5901
7169 6873
3593 8899
1415 9620
8442 6406
3177 2035
3897 5107
3452 6996
8655 2242
9706 2217
8338 5986
6191 4587
5613 9224
4947 2863
4880 7851
4874 6847
890 250
7824 155
9616 2658
2270 2242
8788 4722
2006 1471
1461 2778
5203 2172
5122 5443
3197 3661
9187 4385
1316 2464
6875 5764
3470 3308
5386 3955
4441 9395
8405 283
5829 7293
5630 8786
9205 2647
891 4942
5016 8747
5283 8491
7412 130
3946 1903
4543 3006
2710 1868
2303 825
9919 2964
5667 4623
6756 6507
3961 9943
25 40 200
4773 2917
4401 496
2445 607
4209 270
2773 4483
891 1091
5402 1918
666 990
1186 4552
1402 2524
1511 3703
2679 1067
1696 758
917 1547
5032 1752
4507 2688
351 4352
4519 2691
2162 82
3712 1090
3603 1554
1116 410
1220 238
2929 4526
496 3446
5502 839
4759 5376
5245 3615
5481 3381
6260 53
7091 3183
4508 2862
5682 2292
9698 1912
1336 499
5200 2355
7015 757
6769 3800
2664 2367
8349 3765
4800 5705
6159 5373
8983 2396
1784 410
4524 1258
5034 4926
5478 1715
4868 5823
1292 1482
4829 4132
5420 5475
5611 5717
7871 968
4626 3295
1853 3182
8549 2216
3151 4468
4681 735
4179 3909
9155 6
6811 5115
6828 1237
5031 4541
4005 5383
7992 400
0 0 0
