10
11 11 5 1
1 6
5 8
5 19
5 25
5 37
10 8 12 3
1 12
5 28
2 70
2 24
2 48
1 52
1 85
1 36
5 43
4 39
4 85
4 37
5 3 3 3
4 50
2 15
2 20
5 3 4 1
2 15
2 20
2 25
5 55
200 50 100 20
1 12
5 28
2 70
2 24
2 48
1 52
1 85
1 36
5 43
4 39
4 85
4 37
1 39
3 32
5 35
3 23
5 35
4 97
3 89
5 11
1 22
3 11
3 10
4 68
4 73
3 28
4 63
5 67
5 31
4 36
1 79
3 89
3 61
5 71
2 10
4 99
4 77
1 22
5 80
3 87
4 35
1 66
2 88
1 34
3 96
1 24
2 25
3 54
2 24
4 76
4 17
1 15
1 81
5 44
4 49
4 54
2 83
5 22
1 16
1 27
4 30
3 32
2 85
2 38
4 72
5 38
3 36
4 76
3 75
3 58
3 89
4 20
3 46
1 14
3 70
1 92
5 71
5 34
4 76
3 69
1 30
5 42
1 98
2 14
1 88
3 72
1 70
1 37
5 58
2 49
5 41
2 53
1 86
4 26
5 54
1 90
3 28
5 62
1 66
5 58
100 500 210 70
1 12
5 28
2 70
2 24
2 48
1 52
1 85
1 36
5 43
4 39
4 85
4 37
1 39
3 32
5 35
3 23
5 35
4 97
3 89
5 11
1 22
3 11
3 10
4 68
4 73
3 28
4 63
5 67
5 31
4 36
1 79
3 89
3 61
5 71
2 10
4 99
4 77
1 22
5 80
3 87
4 35
1 66
2 88
1 34
3 96
1 24
2 25
3 54
2 24
4 76
4 17
1 15
1 81
5 44
4 49
4 54
2 83
5 22
1 16
1 27
4 30
3 32
2 85
2 38
4 72
5 38
3 36
4 76
3 75
3 58
3 89
4 20
3 46
1 14
3 70
1 92
5 71
5 34
4 76
3 69
1 30
5 42
1 98
2 14
1 88
3 72
1 70
1 37
5 58
2 49
5 41
2 53
1 86
4 26
5 54
1 90
3 28
5 62
1 66
5 58
2 50
2 26
4 99
4 72
3 18
4 23
2 89
4 49
5 23
1 26
1 44
2 42
1 50
3 51
4 83
3 32
2 62
5 64
2 72
3 89
2 42
4 80
3 28
4 85
4 91
1 79
2 36
4 51
5 26
1 30
5 39
5 78
5 34
2 85
1 32
1 55
3 10
1 73
2 45
3 33
1 36
1 73
2 81
4 60
5 11
2 89
4 12
1 23
3 47
1 10
3 78
3 30
5 15
3 16
2 69
2 82
3 47
1 99
1 14
1 19
5 95
1 29
4 98
3 12
3 82
5 56
4 99
4 74
5 99
4 80
1 42
2 16
4 33
5 92
1 90
5 53
4 44
3 77
4 40
4 55
5 19
5 12
4 42
3 68
5 67
5 54
3 99
2 27
3 72
4 12
4 82
3 25
4 16
5 80
5 48
1 29
3 89
1 52
5 88
5 74
5 29
1 69
5 27
1 83
3 52
3 23
4 88
1 63
4 29
3 46
500 500 400 200
1 12
5 28
2 70
2 24
2 48
1 52
1 85
1 36
5 43
4 39
4 85
4 37
1 39
3 32
5 35
3 23
5 35
4 97
3 89
5 11
1 22
3 11
3 10
4 68
4 73
3 28
4 63
5 67
5 31
4 36
1 79
3 89
3 61
5 71
2 10
4 99
4 77
1 22
5 80
3 87
4 35
1 66
2 88
1 34
3 96
1 24
2 25
3 54
2 24
4 76
4 17
1 15
1 81
5 44
4 49
4 54
2 83
5 22
1 16
1 27
4 30
3 32
2 85
2 38
4 72
5 38
3 36
4 76
3 75
3 58
3 89
4 20
3 46
1 14
3 70
1 92
5 71
5 34
4 76
3 69
1 30
5 42
1 98
2 14
1 88
3 72
1 70
1 37
5 58
2 49
5 41
2 53
1 86
4 26
5 54
1 90
3 28
5 62
1 66
5 58
2 50
2 26
4 99
4 72
3 18
4 23
2 89
4 49
5 23
1 26
1 44
2 42
1 50
3 51
4 83
3 32
2 62
5 64
2 72
3 89
2 42
4 80
3 28
4 85
4 91
1 79
2 36
4 51
5 26
1 30
5 39
5 78
5 34
2 85
1 32
1 55
3 10
1 73
2 45
3 33
1 36
1 73
2 81
4 60
5 11
2 89
4 12
1 23
3 47
1 10
3 78
3 30
5 15
3 16
2 69
2 82
3 47
1 99
1 14
1 19
5 95
1 29
4 98
3 12
3 82
5 56
4 99
4 74
5 99
4 80
1 42
2 16
4 33
5 92
1 90
5 53
4 44
3 77
4 40
4 55
5 19
5 12
4 42
3 68
5 67
5 54
3 99
2 27
3 72
4 12
4 82
3 25
4 16
5 80
5 48
1 29
3 89
1 52
5 88
5 74
5 29
1 69
5 27
1 83
3 52
3 23
4 88
1 63
4 29
3 46
3 73
4 38
1 64
2 15
3 29
1 69
5 40
2 52
5 75
3 17
5 32
1 41
5 87
3 32
3 43
4 48
4 78
5 51
3 65
2 31
3 75
4 26
5 13
2 90
3 56
5 70
3 62
1 97
3 23
2 65
5 53
1 51
1 39
4 83
5 23
1 77
2 40
2 13
5 72
1 69
1 65
3 79
1 90
5 67
3 80
4 27
2 91
3 88
4 36
3 19
2 41
3 61
5 71
4 99
2 18
3 34
5 31
2 17
3 56
3 30
1 47
5 55
3 43
2 80
5 71
3 57
5 30
1 98
3 97
2 84
1 48
1 99
2 73
5 83
2 69
2 87
1 42
3 17
5 10
1 19
1 67
2 82
1 72
3 54
3 19
5 39
5 34
4 86
3 55
2 75
2 48
3 97
2 62
4 53
1 39
3 53
2 51
1 26
5 59
3 90
5 63
3 36
5 62
2 67
5 32
4 14
3 84
5 29
5 70
4 34
5 31
3 41
5 64
1 47
2 54
3 32
3 64
2 61
4 73
1 93
3 74
3 59
3 75
5 59
4 86
3 11
5 13
4 91
2 67
5 80
1 18
2 89
2 95
3 98
4 44
1 12
4 80
3 55
4 94
2 24
1 99
1 40
1 47
3 19
2 36
2 16
2 85
2 43
3 15
2 45
1 78
3 12
4 56
3 75
1 18
2 57
5 66
2 85
3 51
1 70
4 48
2 62
2 18
5 62
5 12
4 70
5 42
5 82
5 17
2 56
4 80
3 44
1 90
3 22
5 65
3 18
3 13
4 22
1 18
2 66
3 61
2 72
3 18
4 97
2 82
3 73
5 48
1 76
1 63
4 90
70 50 100 50
1 12
5 28
2 70
2 24
2 48
1 52
1 85
1 36
5 43
4 39
4 85
4 37
1 39
3 32
5 35
3 23
5 35
4 97
3 89
5 11
1 22
3 11
3 10
4 68
4 73
3 28
4 63
5 67
5 31
4 36
1 79
3 89
3 61
5 71
2 10
4 99
4 77
1 22
5 80
3 87
4 35
1 66
2 88
1 34
3 96
1 24
2 25
3 54
2 24
4 76
4 17
1 15
1 81
5 44
4 49
4 54
2 83
5 22
1 16
1 27
4 30
3 32
2 85
2 38
4 72
5 38
3 36
4 76
3 75
3 58
3 89
4 20
3 46
1 14
3 70
1 92
5 71
5 34
4 76
3 69
1 30
5 42
1 98
2 14
1 88
3 72
1 70
1 37
5 58
2 49
5 41
2 53
1 86
4 26
5 54
1 90
3 28
5 62
1 66
5 58
20 25 15 10
1 12
5 28
2 70
2 24
2 48
1 52
1 85
1 36
5 43
4 39
4 85
4 37
1 39
3 32
5 35
500 500 500 0
1 128
5 282
2 704
2 245
2 483
1 527
1 856
1 363
5 431
4 395
4 859
4 375
1 396
3 321
5 351
3 234
5 358
4 978
3 899
5 118
1 229
3 119
3 108
4 685
4 737
3 285
4 633
5 679
5 319
4 366
1 795
3 893
3 615
5 716
2 106
4 990
4 774
1 229
5 805
3 878
4 359
1 666
2 889
1 345
3 964
1 241
2 259
3 548
2 240
4 765
4 172
1 153
1 815
5 443
4 493
4 544
2 836
5 227
1 160
1 274
4 304
3 329
2 853
2 383
4 723
5 386
3 366
4 766
3 751
3 587
3 892
4 201
3 463
1 148
3 706
1 929
5 713
5 349
4 761
3 697
1 307
5 428
1 988
2 149
1 880
3 727
1 701
1 378
5 581
2 498
5 412
2 539
1 865
4 262
5 544
1 903
3 286
5 628
1 660
5 586
2 503
2 266
4 996
4 722
3 187
4 233
2 892
4 494
5 239
1 265
1 440
2 427
1 508
3 514
4 835
3 328
2 624
5 647
2 727
3 890
2 427
4 802
3 284
4 853
4 911
1 797
2 365
4 511
5 269
1 302
5 390
5 786
5 346
2 852
1 322
1 556
3 100
1 738
2 455
3 334
1 363
1 735
2 810
4 609
5 119
2 896
4 129
1 239
3 476
1 103
3 786
3 307
5 155
3 167
2 697
2 823
3 476
1 992
1 141
1 191
5 959
1 292
4 982
3 128
3 822
5 560
4 999
4 744
5 995
4 803
1 429
2 167
4 334
5 926
1 904
5 539
4 440
3 771
4 406
4 558
5 190
5 121
4 420
3 681
5 672
5 548
3 996
2 278
3 720
4 128
4 820
3 251
4 167
5 808
5 487
1 299
3 894
1 526
5 882
5 749
5 291
1 695
5 270
1 834
3 522
3 233
4 885
1 638
4 295
3 463
3 733
4 384
1 644
2 152
3 297
1 690
5 408
2 524
5 751
3 175
5 326
1 413
5 874
3 325
3 431
4 486
4 782
5 510
3 654
2 316
3 751
4 261
5 131
2 905
3 562
5 705
3 624
1 977
3 238
2 652
5 535
1 518
1 397
4 839
5 239
1 772
2 409
2 135
5 720
1 697
1 656
3 793
1 905
5 677
3 803
4 272
2 915
3 886
4 368
3 197
2 417
3 616
5 711
4 996
2 185
3 349
5 312
2 172
3 562
3 301
1 473
5 552
3 433
2 809
5 713
3 574
5 306
1 981
3 973
2 843
1 489
1 998
2 734
5 838
2 690
2 878
1 429
3 174
5 104
1 193
1 673
2 823
1 724
3 540
3 190
5 392
5 346
4 869
3 553
2 753
2 483
3 975
2 627
4 534
1 391
3 534
2 519
1 262
5 595
3 904
5 631
3 368
5 621
2 679
5 328
4 141
3 840
5 298
5 701
4 341
5 312
3 417
5 646
1 474
2 541
3 326
3 643
2 615
4 732
1 931
3 742
3 590
3 759
5 593
4 861
3 119
5 134
4 916
2 679
5 803
1 186
2 893
2 950
3 987
4 447
1 120
4 808
3 555
4 940
2 245
1 992
1 405
1 476
3 193
2 366
2 161
2 857
2 437
3 151
2 454
1 787
3 127
4 563
3 753
1 186
2 575
5 660
2 852
3 510
1 701
4 483
2 621
2 182
5 624
5 122
4 701
5 424
5 824
5 171
2 563
4 800
3 448
1 901
3 226
5 658
3 180
3 133
4 222
1 189
2 662
3 617
2 724
3 181
4 972
2 823
3 732
5 486
1 765
1 634
4 906
4 795
2 662
5 344
2 165
2 110
2 896
1 164
5 438
1 332
3 920
3 236
1 669
2 452
3 867
5 251
4 787
4 246
2 365
5 473
2 317
1 876
5 113
1 571
2 666
3 605
3 808
1 755
2 247
5 906
1 333
5 721
1 476
3 489
4 897
3 902
3 109
5 623
2 936
5 619
4 449
1 178
5 563
5 349
3 704
3 158
1 782
1 891
2 596
1 652
4 957
5 339
1 334
1 985
5 829
1 568
2 643
3 380
2 801
1 716
5 141
2 918
3 473
4 181
4 882
2 216
5 829
1 320
5 452
5 800
5 194
1 353
4 314
3 193
4 130
4 979
4 723
3 400
4 601
2 392
2 186
2 814
3 591
1 706
3 384
2 607
2 573
5 487
4 345
3 749
2 543
4 389
3 580
3 219
3 804
4 300
3 972
4 827
3 105
5 587
3 518
