14

2 1 3
1 1 1
0 100
1 99
2 50
100 200 300

0 1 3
1 100 100
0 100
100 200 300

2 0 2
1 1 1
0 100
1 99
100 200

2 1 2
2 1 2
0 50
100 100
0 150
100 200

166 175 277
3908 8119 2600
206 5971
8116 2825
2326 4648
7458 2151
8972 6307
8316 9720
5774 7436
688 2063
4218 6924
7344 8578
9319 8686
4199 7609
177 7532
1647 1304
9421 437
6407 601
3424 5980
6978 876
3025 5751
8408 4437
4155 8350
2137 3077
5138 6282
3204 2826
7754 5710
746 550
4509 7074
4604 1298
2600 4687
5122 2605
3204 8374
4352 7882
8757 6629
8730 1331
2118 8135
6484 3491
6566 2626
8907 4974
4150 8057
117 8464
5364 1905
5329 7216
8512 9874
911 9934
8889 7465
5837 2387
267 2094
5073 6542
4223 5377
3511 3804
7293 6342
5319 6348
1320 212
4620 4227
9041 5471
3726 4738
1953 4407
4279 9056
5340 466
7930 5192
7577 4231
6323 120
6661 4197
9573 1398
1552 7237
3578 9437
2135 5199
1761 5250
9475 9808
1629 6382
1119 8517
9274 5356
762 9425
9889 3555
5097 6103
6684 4172
643 9027
3222 9361
7109 3657
892 9148
4935 8662
211 823
6071 3423
3229 1974
8354 1899
6767 1211
6565 5826
5249 6042
9595 3680
9782 1492
2014 1045
70 2819
2178 2658
6313 9646
5144 9288
4301 7207
8028 81
9854 4513
2837 453
2350 3085
4294 7545
3369 9118
5159 7213
7243 4972
2814 1107
2151 7026
9844 4829
7486 8574
4570 8375
7662 3800
7357 9716
6147 1964
2827 1739
2190 6002
5437 5666
3209 4541
10 6085
9648 2931
4253 1522
2627 6892
269 7068
1896 1131
6056 6466
4839 9383
9533 627
6693 2502
816 3244
4981 2841
5194 3645
9309 7172
8063 6984
9419 8871
8152 4426
5946 9068
2311 8759
5825 8575
6056 2581
5397 4074
9807 2113
9091 237
9090 9342
2584 5785
4977 9907
3550 3918
1088 172
3506 9212
4433 5504
9929 2927
1993 8939
7696 5876
801 657
3236 3522
7595 3211
5322 8634
5222 7403
3095 4414
6550 4313
4218 2032
5948 1528
1698 4122
9684 3389
8892 1557
4482 4119
9408 5174
1048 2829
3484 7105
6977 8203
1412 3074
1706 4573
8327 3087
7500 3281
7592 7775
9806 403
1929 8164
2284 5755
5495 9980
1535 1969
2438 4388
9560 6019
8846 1847
8950 6961
1514 2331
5403 5929
3462 6853
1531 6014
9865 6743
687 9307
5464 268
2196 8851
7486 7571
3065 2176
62 9455
8245 3805
9716 6081
1278 6444
5394 6678
8191 3610
5364 7675
878 7471
3483 5179
8273 8763
4420 9701
9967 8961
7810 9885
7454 8516
7042 1649
1102 6873
5699 677
393 3186
4463 2144
4424 3890
7915 7966
5435 6142
1319 5146
3907 5271
1322 9593
4904 8328
8211 1290
6156 9067
714 2019
8890 3199
303 8170
3868 9567
6311 9841
4303 2364
2604 9734
4051 5081
1221 520
5665 5839
7461 8893
4837 5925
604 8784
6425 6094
5160 5168
7185 2582
5780 5875
395 6076
1994 6084
5923 617
2979 4658
743 6579
8010 5585
2455 4795
632 5584
4476 4473
397 8094
1001 3230
9654 1759
6918 6169
9706 2236
8015 9146
9540 5782
4127 451
2725 6509
9488 8786
9528 5657
3666 1425
3879 675
7658 9251
78 8353
5101 2105
5333 5744
4987 3854
7124 8623
8328 7223
1590 6270
2161 463
4589 2041
1118 8671
4510 9727
5606 6775
6792 2287
2517 2633
291 6043
2472 870
2322 2396
7728 4568
8421 8425
3399 2716
6289 5546
1814 1728
2189 7880
6272 328
5349 3132
9209 7391
516 6212
8497 1169
3800 7309
9703 1016
8236 4092
559 6487
566 6744
1516 5336
5086 3282
5923 7062
5227 6815
5355 3803
6426 5555
7256 4839
4048 169
684 3468
8317 5217
5368 4346
400 5685
272 9461
2298 8928
2022 7184
8871 9218
8850 3539
599 3958
771 4774
4928 5827
7733 2480
7317 1355
1523 1342
1160 1366
2933 8560
9256 5830
1513 8303
4114 9657
8584 8139
5321 2765
1981 607
4145 545
4502 833
5605 1097
6923 1626
456 534
8240 1009
9763 2350
9861 5492
4777 4675
3931 5692
7204 3080
3545 3588
8523 1695
3368 2662
4643 9131
9627 3913
4766 1828
3784 724
2745 3999 4319 3201 1359 8911 7327 3708 5026 2819 3570 9700 7596 9261 9983 7027 2817 3571 6924 4512 8446 9585 4232 3928 580 8144 3555 2407 9263 631 6192 2007 981 6862 1559 2340 5772 8886 2399 797 8056 2320 6848 5651 1580 6831 9029 749 6753 5952 1612 5198 5536 5843 5478 6116 338 9032 4874 9600 6014 1065 7958 6995 7926 5869 9334 49 1106 1732 7197 9161 4052 4045 1163 1983 7227 191 9083 3979 6142 7046 5528 8029 2888 1005 496 9578 6389 5370 5529 2402 6434 9839 5748 712 5707 5081 760 3164 3165 7957 2324 3568 8353 9838 1902 5579 28 985 9557 2521 8030 1436 549 7270 2441 1045 3199 5181 6414 8727 7582 9199 8565 9682 9910 623 1114 7022 3786 4278 4978 2461 4197 2298 6099 5260 8677 7083 4816 1197 1464 2603 8098 5085 5043 5494 8283 223 8259 7010 4157 7457 1926 3838 3719 8901 4951 740 9038 5581 2069 1499 9777 1750 148 5875 7009 5177 9309 8176 2725 7125 778 7174 2209 2173 2667 492 8747 925 7501 2903 4734 5778 3092 4804 4678 4395 5543 3716 9975 3963 1566 6103 5712 8065 1978 9072 9593 7638 3599 2318 4762 728 9491 6971 9252 8510 7462 7999 5786 1314 7253 6871 3443 6697 1674 8121 1091 8188 7417 7530 6105 3519 521 1848 5016 114 9486 4966 8783 4247 5694 8273 7569 4945 3134 1382 2943 5272 2695 6548 2142 6138 3244 3816 610 4334 7383 5149 1265 1253 5268 7209 1773 7116 2225 1886 2953 7190 668 3551 9235 5293 1120 4180 4778 2501 3474 1548 21 2191 4037 3264 2358

25 245 247
9794 2050 7355
3669 1046
9169 917
3140 785
88 7408
8074 6682
5916 3639
4757 9719
4496 6448
9920 3611
5157 4545
3086 6294
5908 9194
190 5444
1535 6210
8258 9984
7380 5243
6158 1928
9063 2902
308 5651
2332 9152
2790 4736
4453 4601
1047 3900
7509 5302
9846 7320
3612 9019
8211 9285
4728 5874
2082 4754
1088 2616
7857 341
8620 8469
7722 4017
9666 7684
3187 8031
2765 8351
2950 5978
6228 7220
8872 3998
7669 91
9108 8719
4355 1282
7154 3673
8425 9084
1698 5589
5929 9515
4334 5908
9923 4550
8584 2057
6439 5943
4292 1772
4100 9205
2775 3596
7592 330
6771 1649
6718 1614
2895 5880
5903 1074
6508 6402
1990 4330
195 4559
466 4272
5172 4530
2938 6742
9035 109
1880 5730
1285 9681
3275 5981
2661 4062
9432 2062
5131 8834
8080 1665
7567 2558
5417 834
2823 1897
8443 9977
6794 3447
4970 9326
2263 9888
5275 5080
6959 4345
5629 4956
4582 9292
8305 6043
4455 1802
6986 7738
9401 9588
8496 5067
5900 3322
1569 3914
241 5076
4874 14
9338 3388
9627 9845
4923 7954
2297 4903
9857 8235
3878 4279
321 4440
2592 2184
9920 4777
4363 9580
997 5675
5347 9212
3125 6898
1973 6917
3199 3282
2619 3107
2733 3044
4319 6925
5573 3988
3844 8906
2783 9853
173 4636
3579 4967
1239 1302
2017 9511
508 3266
8612 1229
4353 7406
5730 1881
5162 425
3530 8930
8325 4134
2644 1059
2983 6603
6798 1550
4333 2836
9360 7786
1364 5652
6890 663
2679 876
7735 6508
5119 3908
4613 5141
7223 7001
8514 1390
4919 2505
829 2648
3705 3887
6840 3474
1375 3042
5876 9991
7775 2061
7711 1590
2251 5492
2718 955
7461 1283
1541 454
1946 2582
5933 6155
7543 5522
8025 4448
7094 8815
9052 8856
2328 7153
193 2245
2234 56
2115 2422
4010 10
1853 9828
781 2614
3895 924
1377 4595
7175 5438
7943 9676
5196 9461
3907 1840
7005 3222
2076 7355
858 6059
4654 758
812 7404
9824 6890
3250 9281
9107 188
2800 5104
2379 6241
834 3049
4362 8486
2780 9784
1331 3823
4082 4620
1625 4553
2981 7789
8646 4036
6049 5042
1930 7255
6534 2226
2412 5182
6636 1994
8233 5214
8261 9016
9123 5421
9782 3099
5878 5259
6589 9957
390 6851
4827 7495
6827 8179
3176 5215
255 6918
523 9226
1451 2187
3719 3411
5403 216
1780 356
5723 9990
5409 6394
9491 4847
6457 1544
7851 1723
8572 3047
540 8243
6420 9752
4965 3720
6988 9598
5174 5221
3758 7513
922 2978
3193 7478
4185 2678
2666 1326
7719 9909
1106 4428
5970 3563
5284 7564
208 611
7502 2065
4836 9960
1276 1223
4562 786
5960 6498
6607 2075
9348 5290
8482 4086
8270 2027
4692 6161
3879 4531
5636 9121
1442 7442
9078 3201
162 5265
3680 5639
4869 5599
3226 1591
6153 5655
7966 6076
2683 8228
3928 3257
8090 3121
7742 5955
6998 4251
4481 2273
7908 6119
3913 1924
7353 7461
3974 5530
5562 2992
4941 7992
9581 432
2437 8169
4243 5735
314 6757
12 3279
6398 595
6548 4455
5057 4141
6412 3547
6017 9539
674 7814 9931 4486 1519 5460 8461 4511 1022 2804 5804 7805 2385 3972 6595 4472 4568 3351 1138 7846 9715 1732 597 4169 8280 4737 5578 8178 7502 5117 547 4527 9282 6829 9012 801 2289 3824 1663 9662 6627 7466 3819 5364 1438 413 9835 2357 3763 7324 6554 3477 9055 7150 3997 3686 8239 9575 8215 5740 1043 8762 6618 324 5590 1981 7476 4230 5805 9138 244 8783 6604 4062 4146 4393 4474 332 3101 4588 7655 9654 4416 6709 3156 8412 394 1394 4338 4961 3485 3722 6454 8408 5663 8434 5883 9893 4238 1373 136 3021 7976 549 3518 8720 1374 3850 8172 2313 1504 7825 6728 4565 7332 1491 4958 5077 2181 9918 4913 3912 9991 1366 2319 5654 9800 4554 1898 389 5926 8385 9761 253 8933 3279 5324 6658 7128 3495 8970 4983 7671 2049 9547 5003 3539 857 6431 5719 7126 1344 5983 7117 2709 8301 9122 8860 2854 1019 9249 5131 9403 9009 5383 4687 8639 706 7696 2118 4200 6665 7101 8223 8713 2999 3225 8603 3855 6007 981 7350 6656 4449 59 1308 9922 8918 514 940 4518 5644 6694 3527 1027 7732 8517 8084 5427 635 8636 8443 4087 6858 3507 7085 6434 2109 2440 9134 8272 6142 5789 9072 6200 7097 8993 1469 7610 9932 5987 9605 2977 5865 6983 7060 4381 5067 2486 5015 54 7280 5453 3263 786 2538 6048 9246 9829 4839 8380 8100 980 4168 7171 7179 7616

217 130 170
2446 986 1181
3201 1774
8832 4516
5933 7582
8948 1318
8596 5987
5600 4401
3289 5734
4978 1648
6486 3118
1216 3358
3877 7466
996 4739
7252 7845
9421 5996
3332 9698
1470 6955
1469 6534
4114 303
7971 7404
9741 9415
167 2920
8652 5343
6989 3457
6574 9984
3340 9828
3645 4143
8881 3570
1414 4642
6988 6134
2183 7188
493 321
6853 3654
308 1963
5717 7320
3086 8280
1199 5460
7153 3254
6709 6204
6186 495
322 3284
7426 5880
5800 3968
4960 2660
8792 3567
753 1949
2268 976
981 1247
9561 5474
9144 1290
5920 5279
7089 2231
5483 3472
9675 4243
1089 2194
1828 5862
8092 1412
1730 9255
1913 3894
7459 3043
4990 7059
4385 4566
2163 3611
9083 1719
9359 1725
3355 8228
458 5281
8751 6797
7391 5942
4486 4779
6992 8481
6243 6316
1921 5085
5329 4326
7367 188
7245 2790
3706 2358
2319 7983
9701 5870
3946 1403
5981 9061
692 7302
449 2792
8733 5797
574 7841
2672 9572
5886 3919
5355 5268
9592 7809
4347 685
9825 6960
5668 7945
5926 3532
9401 7988
5741 1980
7392 9700
3352 1724
4514 8085
232 3802
7994 9600
9171 808
1077 667
2286 1410
5569 6433
7117 1879
5190 9917
7860 6943
6826 7211
5198 140
2118 2580
2278 7292
5366 9511
3947 5631
5783 9882
5832 4180
1338 3778
796 1356
9117 2417
8848 3083
1312 4687
955 2318
9260 6503
3713 5168
5306 2439
5017 5264
3647 2555
7921 3288
3586 5630
1412 4155
6338 4119
5456 1543
8690 7695
3163 4225
3073 8125
9436 7850
5156 5391
1002 2292
2356 325
1982 9793
4809 7620
6525 5760
5399 4809
437 799
1304 8986
3103 1851
9744 3996
1689 4913
9136 8435
6558 1205
5405 8562
3952 2347
4637 563
7238 1307
1099 3346
7316 9221
4980 2261
3421 3843
992 380
9364 3859
5708 8650
2644 8821
3732 5453
238 686
1889 2869
1430 3149
5495 7295
7856 1735
9392 6485
9830 5095
667 6844
5456 7147
7340 5648
6026 8878
2735 4686
3334 1743
6914 4797
6600 5979
3015 647
9867 3192
6339 4905
2198 7650
5735 1835
4671 6408
7853 1480
4675 854
7999 8521
519 132
5360 1693
2729 2898
992 4448
9243 6064
8393 7907
4905 2197
5387 1409
2664 1125
8773 1727
9913 1215
7621 861
8691 4585
5437 1828
6699 3367
3497 9789
7832 7220
116 5210
9657 562
2976 1109
5367 8901
7448 7722
5481 273
1396 2836
914 8146
9360 6522
3733 7180
8115 3334
5160 2425
5791 9905
9692 1861
5431 5641
850 3878
790 5548
3008 508
5759 3768
7840 8376
4999 3209
2395 3323
1467 2748
9268 9662
9353 6841
4955 6866
2025 1778
3920 4860
904 238
2020 9562
411 4782
1923 3921
6928 7271
3029 5691
9883 1656
6654 2590
4985 3206
1024 9402
5021 999
7839 8205
5069 4375
2503 2795
4006 3447
36 6425
2337 4911
6043 2057
5976 9101
6370 7967
9 9257
911 5752
8341 9893
3097 3918
9670 9679
676 474
8677 4692
5417 8516
7662 99
9897 4274
697 1669
2930 6286
8341 9387
8486 8974
6939 671
6278 4857
607 3301
9544 3543
3811 5301
4978 8994
9467 3483
4525 5656
522 4497
4595 6296
568 8185
6204 845
7129 7618
7003 9135
8107 1823
8844 5490
6697 1400
1051 5124
5017 7305
2605 597
9589 8829
2310 3936
9590 9057
9905 3189
9483 6466
4649 4501
1696 52
4020 855
6340 8826
647 1024
6512 4449
2199 9493
3250 968
198 5985
4812 5823
3475 9759
5700 5197
5101 6664
2498 2166
6815 5954
7649 8902
2921 4022
361 2827
3474 3945
6808 1162
9712 9319
285 6370
9586 2964
3161 6270
7433 5410
1519 9302
850 7261
2303 276
2773 9386
2552 8258
2258 1675
4595 2926
9638 5086
4911 4892
8051 7153
6864 4230
866 4421
359 6180
5693 3488
7272 2121
3639 4995
2196 4534
7582 2948
5499 9110
7719 5609
6556 4777
4415 9157
4067 1448
9499 7920
4783 4649
1866 272
6982 964
3008 5354
2626 9103
9093 4355
6551 7160
8319 6305
9251 1052
2254 161 1104 7863 7880 5880 4419 7037 6647 5866 7456 4566 1717 8457 5702 8341 323 3017 5323 2029 6025 778 4655 379 9871 8166 6930 6175 6485 4333 1779 5091 845 2882 2953 8725 5113 7371 2113 1760 9588 5920 2677 7657 4376 4730 5997 4699 7746 7671 6727 122 8448 7733 501 8319 2250 3782 5086 4467 2623 176 5311 5504 3128 4035 6969 6850 2499 8728 2790 8419 7756 446 9146 2486 2794 196 6583 464 6922 6705 5264 1006 3557 9934 3255 3690 8156 3401 8516 3467 5256 7996 3853 2224 4845 6352 7303 7634 1122 1411 4431 267 248 7224 463 6830 4040 3736 9886 5655 1094 3442 5588 4348 7132 6365 9040 1639 6117 3908 5105 7725 8255 8958 6300 9451 1661 9955 3437 9134 1365 7867 9400 1612 1443 6214 4793 1834 6302 4679 7488 7395 8120 3075 8094 1603 5791 7134 9594 8260 7393 4698 5984 5647 7 2283 5097 8019 2237 8533 7152 9953 2752 2904 7916 4194 5469 2709

196 177 91
9866 5516 1857
3609 9292
5081 9813
9405 7095
838 3341
5675 455
6813 6485
7932 4311
2898 1184
8335 2818
5568 2852
7118 7591
9410 9762
2139 9827
3564 7533
9399 8357
7647 5423
1586 3009
6454 9081
8773 7344
7797 7293
128 4449
5110 4611
5794 4414
7230 8010
7212 482
4423 2799
8911 4331
509 186
7717 7403
5758 4074
5847 7118
6477 9758
8837 3786
1128 9285
2928 7611
8411 8927
9888 9410
3822 9874
7882 2035
8867 1053
202 1447
2129 9643
9828 9114
6515 2639
3063 3898
7366 8626
8382 8912
9048 197
9480 3572
1182 178
9103 8761
8169 5946
5818 5344
7378 8344
5747 54
7851 2598
2240 5950
5062 9981
2618 8421
2317 7930
9684 6555
1288 7298
6345 6233
5712 4861
2394 6523
1977 825
5346 4692
509 7322
1051 3690
9437 6915
4766 3649
2240 5387
6801 4747
3717 661
9330 4731
7637 2104
9400 5367
1598 8926
137 5746
2268 3663
4486 2532
7222 4246
7918 9833
9874 4085
7350 8970
8970 5664
7401 8469
3215 7563
4575 4203
5285 3285
5387 3906
9271 2923
8199 1140
6884 7222
883 8338
868 5505
6102 1722
7906 4444
4879 4021
9342 7781
3443 2230
698 8313
2226 845
1399 266
9901 6802
7058 6685
9606 1641
2779 2682
9902 7806
2494 6016
1520 786
8859 3364
4158 7623
1642 6766
4545 9038
7618 7337
5648 4341
1536 4669
4933 4228
1028 9288
5971 1187
2826 8088
768 1930
9735 5606
1621 7024
9493 4161
3019 1945
2454 7116
5109 9785
681 7844
5462 2447
4446 1374
2910 131
1416 8674
6054 8550
4521 2603
5429 494
1261 6451
2537 7387
5359 4637
8797 1120
9415 4853
8319 1817
7953 1871
9713 3430
2227 8635
8 1528
8010 3026
8051 9271
7819 9427
2028 4106
4598 8693
5143 3810
7548 2212
6848 7681
8799 2908
4112 5646
3813 8216
6437 2432
2212 1767
401 6151
4030 4440
3817 6762
2383 2041
1466 1869
5973 203
8895 9847
3656 6924
9134 391
8070 7557
463 5983
7979 3223
7789 4576
3359 1794
3559 4227
376 5572
6363 313
3425 759
2798 181
2048 5809
6011 4265
4111 4374
1296 1259
1648 4120
1675 431
2765 6071
9292 8491
9418 745
8889 7082
7659 2778
8348 8802
5465 4389
5146 1064
1243 8892
4699 7946
2209 9644
4016 7063
4672 2673
3143 5313
5743 6321
8743 1171
9661 8509
5604 4388
7821 9080
1856 4495
9647 5481
9868 6557
7620 5113
4003 5016
9312 8864
8507 5056
2117 1522
546 2524
4188 6791
9931 9463
4557 1213
873 4792
6747 8946
6766 9953
8160 7594
7240 8599
8467 1069
8688 2354
2708 9835
9146 3905
8763 7764
6233 7020
3917 7639
1826 3024
8837 3960
5171 1758
2900 3396
8692 6045
2348 9649
7241 1811
408 6861
7928 4483
3187 5228
1413 6618
6873 2248
6363 560
3931 5637
3274 2597
1971 7849
1807 5102
3210 809
555 6979
3022 6112
2111 9248
7409 1723
8582 9353
186 7819
3045 2864
9480 9726
8325 4460
1370 6354
8341 4689
7284 5302
9502 1616
6716 9256
6415 1310
8288 6280
2390 6972
2570 7663
5737 4502
671 206
6744 4151
3547 3535
9366 2822
1146 4359
5729 2072
412 5835
3118 7383
6884 2029
5096 8726
5141 4547
9186 1376
117 8465
7386 6849
8937 971
1176 3719
7868 9610
9495 4273
7093 7769
2126 8863
933 8241
426 7856
1590 1347
9726 3546
8622 8475
3020 4823
6198 116
8579 2207
5407 2668
3638 2319
2388 697
305 1167
5438 258
8025 9802
7123 152
4359 5949
3646 7551
3372 7448
6069 776
148 8196
745 6186
1116 8707
4113 3413
7050 9787
2175 4811
1467 8217
6 8785
6809 7621
2635 8891
6013 3313
4023 8585
2230 9916
7362 6325
7100 5604
7248 151
7247 5970
3437 5955
6420 660
4062 3225
5399 7583
5401 8631
8637 4184
7344 3023
5657 7528
9892 7009
7384 594
9176 9809
3522 3709
7160 1132
7633 3307
5627 761
3067 4881
1891 5418
8641 9488
3421 2306
936 393
927 8823
8196 5926
9804 4624
7983 207
799 6049
5856 5368
5428 6328
7458 5732
9037 2589
9701 5092
6323 1018
6434 2769
1427 8608
2028 521
7808 8172
9098 7203
5399 86
6241 74
2290 4409
6128 2757
9084 4499
229 1557
496 2895
4338 9268
6636 198
9317 662
5228 3071
849 7925
6304 2102
9909 9021
4470 3508
8906 6348
4544 2589 4512 5304 4879 7268 1432 9378 2704 9340 9607 5599 9837 5226 9937 6386 1862 598 2056 1284 5827 9980 2133 7928 6285 1153 4189 9792 1975 536 5050 2870 3125 9561 8174 4355 3180 9605 3732 5884 8945 9691 1482 5133 4916 1418 7870 3130 8367 9925 4413 545 9905 2898 4824 2541 402 9013 8684 2377 5900 3733 5246 5376 9645 3419 9731 2824 9376 9814 5059 4672 9504 2892 9804 4420 4309 7673 3901 9028 7598 4665 9572 3854 7562 748 2746 4316 9760 1429 3044

256 228 152
7387 4805 8059
3979 3469
3281 3787
8457 9039
1929 9138
9908 8261
2284 2591
7969 3809
8472 6234
6438 3893
4639 2387
3053 9184
611 751
2761 6097
736 5772
6927 6500
6319 8796
2581 908
6297 5953
5089 1039
5650 8227
7168 4998
5157 4288
520 5138
9030 3631
2368 6960
6142 3670
4420 1774
7869 6755
8877 3534
6384 8606
3753 5806
3064 2704
8655 2687
77 9362
3939 98
5094 5728
14 1109
2597 6605
6586 6888
3846 1628
1649 8955
727 6341
3094 2422
2306 4949
3553 8325
4129 8691
1393 3659
6345 3546
2906 6401
2849 6423
8501 3198
657 4297
900 8517
1755 3256
1234 7487
6440 5602
1941 2884
1656 3520
4819 1389
9712 3963
2652 4725
8383 194
3738 398
3150 4729
1150 2997
6193 6000
295 9652
4519 6852
6458 1196
8681 6275
8227 7693
576 1474
1344 6522
4261 2233
2547 6164
888 3974
518 5200
5597 9272
351 609
3604 8748
4746 1502
7504 6150
9352 1395
2589 8377
1002 5811
3503 1272
9096 9231
2103 432
9015 442
6604 6365
6689 1563
3114 3845
9467 7208
7815 8712
3810 9819
1319 7772
272 4909
6302 5177
3552 9626
1787 8893
6515 4555
136 1643
2073 5612
6052 2240
8603 7442
5355 9010
2853 5293
8851 8470
3532 2322
2139 3019
789 7343
8603 9812
1339 7415
3391 4906
149 4892
5797 5179
6821 6665
8628 5935
8173 5247
9039 1033
41 3130
4773 4396
2864 9248
7920 3626
6643 6398
91 6412
6222 3786
1199 8695
9952 3914
8804 4591
6120 102
3118 955
6888 9294
4540 8099
9130 1414
894 3580
7974 9173
4771 5669
9293 7192
9940 2692
9102 5937
6073 32
5078 1678
5590 3625
4566 5031
687 1484
953 5350
8589 9981
872 9052
8182 6355
7249 4453
8778 3707
8477 2918
1168 2211
4498 2262
8645 271
1947 6925
548 76
1457 7539
8285 5116
2154 2941
246 9987
4927 2135
3007 9298
3831 1282
4882 3812
8941 7538
6014 7800
6361 1264
9876 3535
3805 7213
4136 4874
4948 2105
5994 4685
6151 6406
5698 632
6969 8306
6792 5945
1593 8249
9530 9800
9962 5426
2962 4413
8564 5256
2870 5330
8863 4926
2137 2748
3972 9021
7477 2626
3662 8922
1678 9824
455 9814
4471 7377
9672 3777
1266 2026
6691 7908
9653 2320
7235 8984
1854 1335
198 2162
650 954
4925 9219
6695 3277
6938 199
1877 6520
3326 3104
7574 5606
5278 7103
5479 8838
2603 2897
9587 3387
2058 9980
8963 5593
7169 3280
3477 7807
8457 8123
3047 9048
5743 8086
1375 3247
1475 8615
8292 831
8405 7081
8710 5395
874 3595
6198 7959
3897 4261
2670 2530
7844 9491
9121 1965
9770 5014
3135 2599
1645 4580
9016 2536
2133 3741
2354 6744
7574 3609
7040 647
2393 2332
5925 5752
61 9620
231 8476
1005 3960
9801 2903
1218 8850
215 8923
1520 7341
1920 9703
2237 3166
3258 7289
4032 4371
4330 5613
2611 1607
3937 1372
3474 1357
7327 6215
4690 3536
7494 7559
6812 5696
896 7296
6217 8031
5371 7464
7166 4090
3607 3644
931 5756
6478 6866
2477 1316
9273 809
8531 1441
9148 3211
5777 8358
1893 6476
386 468
2514 5740
9387 7199
1581 9763
7226 1957
6046 3305
6947 745
6499 9654
6518 4231
5546 9330
6490 5348
3140 4820
4382 5022
3379 2289
8764 160
6978 1625
3715 5503
2700 5845
1958 3103
5059 634
3937 5537
6280 1106
7110 885
5115 9133
4813 3629
8975 7014
1832 1304
2677 2116
756 2567
9077 6057
4032 5873
1374 6056
8251 7748
7202 427
1060 211
4997 2099
4731 9719
6828 5883
7349 216
5028 457
5783 4363
2546 6333
9009 4252
5007 5114
4190 1418
1801 7232
8605 6599
1201 9549
3102 9032
6443 7764
9862 5364
1433 1442
3675 4594
4808 8262
9836 5070
7205 8091
636 2521
1529 1457
2815 2102
2644 9299
1099 6399
5003 5595
6795 7001
102 387
6830 4560
773 1819
3251 8272
8298 5367
6526 7866
9286 5675
3764 2715
5235 6492
4299 4401
2854 3117
8767 3467
9864 1851
7444 9867
6866 4868
1606 592
5150 3322
5139 8437
3059 2276
3993 4743
2607 1358
7031 520
3234 1895
4737 796
1547 4822
7937 9038
2503 754
2603 3057
2923 8721
9939 48
639 6142
9462 1546
9981 2142
9392 4418
4762 5697
8303 7102
4132 5283
4868 6550
1287 1280
9179 9690
3978 325
9179 9933
2536 7036
6310 7900
7839 8936
5926 2452
8266 9385
5718 8069
8837 9220
1267 1463
8564 3600
5233 9572
2472 9049
3759 329
5859 6143
6473 436
9615 5792
4679 9861
6170 3867
8057 9968
5893 4974
3239 7443
9512 314
5502 8812
78 7327
5890 5455
687 6002
8474 4940
1619 7142
9635 2234
2669 7479
9621 6109
5968 8637
8854 654
620 2139
3464 6913
706 6514
6827 6704
1866 219
3896 2330
4135 1946
4298 6140
7430 4824
1964 2773
1358 9050
2879 1600
4060 380
5367 8853
9505 29
8519 4222
1133 126
2991 1984
5038 1840
8409 6171
4851 3258
5202 2307
8445 8988
3810 5853
8625 5876
1276 2127
77 9984
6714 4156
9359 4138
518 2082
6302 8866
8990 5390
3724 7437
9275 8334
4503 5115
8371 7686
6343 9356
8342 9926
5778 1141
7015 8505
630 756
7090 4644
8798 7060
7549 3805
5885 8158
3374 4420
9808 2188
5975 8718
7050 9885
4998 5252
9288 1555
7261 9723
1955 9648
1777 3124
6490 460
7441 2533
9622 1134
6283 4501
8401 3427
5663 793
4167 2821
8980 7852
178 2885
6286 8865
215 1782
7421 4193
1453 9938
5936 9405
2527 3409
3867 7715
246 9018
150 7661
2161 9870
9647 2786
3578 6915
9735 5312
9514 7746
5068 6982 9693 285 3268 1475 500 7461 5248 6789 8914 4653 2725 8675 3532 439 8894 2550 7038 6555 9052 3259 1838 2906 1982 1768 4569 8069 9513 435 3137 6494 128 3421 6113 7954 3920 3573 3201 7060 8839 4205 9784 3865 7737 6575 2758 6638 3612 9312 2041 6870 731 230 6127 2713 1997 7048 781 7861 7482 269 4354 3961 3689 6819 8266 3960 6743 7819 1019 5581 2023 7155 5797 9759 3729 8555 2748 7340 4218 4789 561 4949 5018 3039 7661 7015 86 4793 1227 7568 5062 1933 1528 5102 8751 6146 9062 5493 3964 6432 7426 5986 3586 3222 2097 7314 1776 1196 2346 5984 1565 7294 7354 4604 1306 720 1041 6098 1946 8608 7511 3878 6488 2613 2628 2633 1674 4473 2948 8105 1898 8933 1691 5119 7381 9004 3247 8577 9 5592 912 7925 9237 8265 8880 542 8984 9921 6639 930

25 2 61
1367 6762 3786
4786 351
3297 8259
155 2891
932 8583
5962 1626
1223 6289
2648 891
1802 6815
6050 573
9452 6419
5402 2944
9582 9373
4251 2684
3841 84
3196 1971
2320 7628
2237 7983
2392 7225
8157 553
2866 371
1593 798
3445 110
8263 4761
810 4018
9821 4682
6435 3755
9688 5546
9119 6150 6124 2961 8120 9320 6940 6792 3654 9178 8762 878 7922 5666 5387 8292 4885 6184 9886 4994 5981 4646 3257 9999 1808 4290 6172 1914 726 1718 7954 9844 4219 4077 9156 2338 9748 6096 5481 3401 5273 595 4279 3194 2612 6017 1486 7496 8553 7723 2489 4533 8720 2097 883 6879 2739 7055 8793 3464 5124

69 273 221
3527 8815 8030
4909 3274
6674 9863
456 182
3374 7305
9672 3069
563 1212
5285 8225
2757 9405
7852 4005
883 3640
7045 591
405 6028
5476 8521
4213 65
8878 9003
2276 2244
8458 3788
3968 5303
2606 8915
8334 3695
1258 2279
503 8899
4654 6544
6900 9613
9603 8859
5801 4136
162 6650
5169 6207
6270 1991
993 5736
7978 5149
8935 3270
4923 6437
1703 9256
9302 7530
6159 38
5287 561
3455 3015
2626 6294
5152 356
4490 8583
5231 954
3511 1005
2995 6753
2487 9783
1282 341
3609 6819
9606 219
5825 4885
2413 1310
7699 5128
2039 4925
7939 2987
5632 5496
2202 6918
5499 785
8089 6694
4049 7083
187 7953
7734 3397
3736 9027
5844 9018
5587 3698
8581 1804
9464 1413
2892 7347
2271 7164
6502 4932
6778 6563
3479 2135
9270 8982
2026 5332
8765 3712
1663 2428
5824 5305
4331 5751
1119 5913
9610 6528
8330 3059
4470 4544
1890 7796
1310 3715
4998 4162
7075 4165
2650 1777
7109 6907
2237 1921
1983 9136
7915 7356
2659 10000
5749 3740
9651 6991
9870 3221
6278 5614
157 8201
2347 7101
815 2048
2560 11
4174 5814
3941 9636
6541 6826
5097 1052
6538 5132
2486 7082
7080 4454
4544 1498
4840 9182
2401 4197
9809 4711
2910 8680
2131 6319
8365 1611
1620 2947
5111 926
6912 2147
8971 5406
6456 3455
4937 4070
7502 2995
3800 7424
5272 935
6467 8345
8892 113
4822 8869
3899 5055
1372 4086
5695 6031
5329 9739
7015 3668
5813 6793
2197 281
3734 1138
1558 5006
8000 5024
2446 9061
6346 8153
6496 4071
4183 2814
8033 5390
443 9006
9442 1933
4314 8168
4257 5138
5156 5996
9140 1274
7905 971
8459 1338
6343 7992
3014 18
5429 696
8847 1813
5882 1776
940 1696
3436 66
5423 8974
7257 232
8399 4866
6355 7924
3919 2657
281 1512
8833 3060
748 8187
6177 7293
7309 7092
4138 9192
1003 9091
7217 9338
1033 3239
3303 8158
7130 822
1053 8727
3592 740
8663 9453
8460 9948
7810 8935
8345 8743
6928 6645
288 9094
2537 9459
5001 3951
3040 3028
2365 2358
5595 259
4767 9751
1898 572
7976 3978
3921 8990
7652 3781
2241 221
8030 6587
4931 984
4263 1027
1315 378
9266 3722
5075 1618
1009 2294
4658 7433
3027 1268
2387 761
1332 8278
2254 638
9626 5661
9441 2528
2747 7280
217 1683
2665 7131
8156 1502
1878 3281
3354 5824
7440 7497
9789 8430
5861 8451
6069 801
1560 5241
3517 4809
5445 9245
4905 2125
4651 5073
8703 4347
2380 3752
881 8921
6773 5046
4677 9038
1213 5004
2499 8032
2289 6461
8673 3456
5877 3090
4649 3914
3783 686
2483 247
5151 2260
3262 7556
2610 5850
8229 7014
7894 7883
4656 9627
4303 3285
4497 9660
2159 2336
5147 9503
3821 9311
1539 3890
4890 7735
7869 8577
1059 1489
6639 129
3391 4967
3928 8841
7069 405
4651 1812
6467 3048
7351 7936
8784 2479
989 6039
7537 4639
3948 1790
2030 1359
5445 1840
3314 417
7827 4762
7753 9796
3186 9147
3074 6594
15 9943
4593 4886
7704 3063
6765 8881
7664 6536
3876 9156
6693 8656
8955 5667
4048 4404
9848 796
7563 3674
4787 9516
9310 1743
888 2541
5485 8849
8790 316
1552 5501
4915 3385
8616 9258
2144 1681
7188 2634
1288 6021
8038 3882
4636 244
7390 8440
2112 4486
352 4954
3048 6900
5791 6015
4862 3937
603 1278
3129 3653
3388 2157
7765 8045
6077 2006
990 9910
5929 9618
3498 8631
8873 321
8759 4487
5323 2617
3921 872
4123 5676
1689 6970
7258 9915
7543 6552
6556 7862
17 674
5069 9945
8301 7783
4043 7499
7115 9292
7921 9974
6645 6966
1452 3148
2115 5405
2627 6776
2451 6037
9358 6751
3017 493
3396 6617
9952 830
847 7586
2655 9897
4550 4982
9025 154
7269 3842
8115 5351
1995 4235
2038 7615
8814 9730
5765 6379
3129 7618
4461 1476
8091 6147
3058 7858
7809 8922
6120 645
4059 9652 7454 4961 6157 2831 5154 3426 4533 3269 4013 6528 7235 6051 279 6964 4865 3010 9082 8834 6139 557 3296 8637 5001 1153 8047 274 5315 5043 2746 5725 4694 199 685 851 3030 5838 628 7562 5459 992 442 2693 7043 7072 6009 8259 6433 1442 3445 2571 8350 6740 7559 3350 4244 1958 3623 9558 7000 6368 1634 8046 2919 2318 8896 2300 4508 5875 6213 9966 6867 3006 9010 3909 78 1370 8519 6510 2811 1963 5433 1161 5054 9343 4510 9298 1300 4485 5207 4652 7204 6841 2697 122 5510 7944 8773 17 3818 4986 6334 684 7991 1696 944 4420 3065 5815 7282 5876 7777 2714 3388 8408 4249 8480 6060 8733 3686 711 2289 526 9759 8762 6036 7702 7535 2404 7871 2520 5090 8555 510 6785 5850 4930 6201 1664 2211 8428 5793 1276 1815 4975 6035 6064 3454 2094 1148 7139 9156 3436 4017 5266 8550 6404 9319 6084 5159 7190 4955 248 5744 5464 3384 7945 6745 9585 9609 5307 8012 5401 2934 6179 6727 5321 2242 180 7414 3389 3670 2922 3177 4038 4539 1726 441 3858 4161 1952 1047 9115 2199 3142 930 1935 1086 7675 1519 7046 9333 5882 8798 8619 2060 5524 3939 653 2055 7704 394 2077 6977 3570 6114 1516 1647 2907 5373

250 64 62
4921 3408 2263
5341 5850
9875 3349
6746 3212
9093 5561
4178 5544
7419 7505
8157 4469
2171 9474
7901 8551
8471 5501
7015 368
3273 6470
2275 8740
7861 4483
4241 3548
5748 125
9824 9584
9146 1977
3888 6571
8466 4592
2096 4419
8886 5886
1710 6606
1507 7410
2909 5965
6331 9979
2799 9925
5015 5957
438 1427
4973 2877
3000 4680
614 7074
5401 9178
5747 9762
4352 9290
3707 566
2802 2801
9405 2594
3 4514
6829 7265
3594 2913
9189 3161
9116 6394
7819 4205
3433 9555
585 9145
6218 2786
1962 1201
7313 7972
7261 4063
4627 1666
818 7321
9914 7431
8295 6576
3840 6270
5533 5125
4636 7435
3828 1075
1631 3753
9658 8000
7144 5065
7849 6596
7795 9715
7685 6165
226 1461
9478 1299
8619 1206
8635 297
6871 4886
1154 3283
4758 7064
4498 3040
4114 9395
9498 4679
2677 5746
7161 9157
5752 9822
9535 1363
7526 9900
1360 3574
4871 4105
5310 839
7486 3491
8375 298
3580 4358
7773 5882
8921 4691
437 2272
3301 9388
1484 9936
5444 5979
2152 8646
7 7549
3799 8040
1612 3887
7990 5160
2349 6485
6326 3301
3598 6188
6897 1055
6935 3531
4572 4671
6941 2209
1595 5010
4945 243
2572 3080
8076 6742
4289 4725
2764 4437
8322 8089
9600 729
3564 2665
5965 8302
4489 6244
7297 5916
5797 7739
2408 4233
6441 370
5379 5702
2295 4389
7468 6677
9769 4868
5944 1897
6332 411
8498 5061
2140 1007
3671 4451
9104 5706
1948 5989
8255 9946
7683 9246
9829 4053
773 92
2144 2623
7011 2505
9180 4440
5658 4480
2727 5302
5711 7955
3014 9061
6418 563
5012 1508
7212 90
2429 469
413 5513
1109 685
1088 8097
4539 939
3561 1863
4366 3036
7474 573
9485 1404
4130 5201
912 7440
6806 9543
2313 1475
2838 8314
1877 2403
1184 3308
72 3742
4850 8221
9309 4522
5412 2141
5701 7524
1889 8449
2274 2626
380 8141
3341 1760
5551 864
6757 606
8431 2358
7022 9071
7825 7622
7280 5252
8992 9010
7229 7354
1874 3843
2334 2891
413 7287
2086 8037
7013 8656
6795 4362
6120 3747
4609 6489
7093 8024
6732 1367
6789 1877
5850 3755
5357 4615
9975 3131
483 4350
4543 7205
6447 8710
2348 6879
1266 6861
5515 4435
8795 4632
8377 8664
5151 1269
9291 9339
7057 8598
473 6025
6130 3847
4812 6324
5806 1489
2189 4788
8343 2642
1351 3086
9963 4791
8003 52
837 7582
2212 9871
8533 9634
7253 6943
6280 3686
8634 6545
8920 9690
3535 5460
4699 8136
3941 2892
1432 9487
7830 6583
4285 4518
832 2621
623 689
1526 8414
6978 6847
5379 7512
4764 3921
6552 5417
402 7661
2933 6243
6129 5863
3997 4337
3579 830
315 7939
872 5012
5881 8146
7118 1511
2198 6714
5127 4094
939 77
7587 2106
2377 2672
4439 2352
6364 8930
1523 4843
7056 9298
3633 4006
4834 1054
5343 3565
8575 1502
5999 2568
4077 809
7522 9470
3562 2629
2704 9002
7458 855
9877 6645
5347 9836
5116 669
1862 1712
7360 6641
6997 8919
9971 994
909 1832
9684 5315
4234 9486
6645 5684
5152 8312
7291 4168
3168 5068
2273 9997
6640 627
6813 8503
9170 1988
51 1931
4922 1034
9951 7412
4757 1920
102 6276
7941 5667
1503 6139
1822 2176
6839 8150
2316 3327
4745 4131
4126 1838
8815 7019
1872 7119
5458 5630
3911 1044
8428 1862
9272 5186
3456 8380
1006 4030
9696 9911
6048 8949
1123 7552
5700 4223
7549 7963
8445 4370
2558 8647
2017 8924
6042 1374
3354 3890
4932 7853
9713 7266
8802 3361
8092 5338
9367 8611
8520 9099
4398 5416
2966 922
1875 5144 5020 6189 9045 9389 4634 7692 1947 3558 9709 9672 5952 9950 3027 3804 4883 6644 9869 4595 5447 5206 9039 409 925 4490 8930 6340 8888 9851 5659 762 1346 678 6951 391 6418 1584 4434 4716 5141 494 4387 7444 443 3765 7599 1677 7467 6272 2207 9025 1662 2615 9949 6151 7896 2641 5039 7746 4651 5800

160 291 91
5834 8097 685
9163 267
759 2178
5973 9902
3666 1202
9230 3572
7390 4075
2632 5502
7162 6415
2714 5247
9494 9666
4703 1707
6356 3592
9034 6855
2308 8036
2483 4868
1485 9346
1522 7999
7900 8597
6150 3848
7419 1567
1992 5381
7233 4810
7575 4625
6222 4396
412 6642
4700 5717
9308 5116
8322 1057
5444 8343
9562 631
9975 4280
2278 1048
5996 7850
1697 179
1744 2147
7526 5469
6629 89
4712 4760
5506 557
7197 935
3003 5920
7386 1898
9306 2312
7005 5709
6338 4751
9029 6568
3967 2666
515 7660
7837 9964
2109 8565
4032 5934
6021 5988
7098 662
1217 7086
4372 2605
4875 4767
6664 7376
6038 2263
7970 2323
3424 9396
8805 5964
6282 9679
6545 6466
654 6246
4706 5110
9141 6589
8961 7046
4143 6155
7371 2400
6771 6748
1623 2139
5154 499
2888 238
4559 3829
7252 2284
4598 1573
1251 6058
2522 881
7125 7797
9258 3178
6117 8184
5228 8400
4554 5079
7477 9372
2471 8278
6767 601
7450 447
683 8274
2101 339
8974 1595
3167 9354
5411 3573
4453 771
8566 4286
7462 7931
6114 7825
2576 3580
5010 7695
3418 3483
8111 8840
5792 5890
2687 4880
9504 3243
9933 9723
1316 1607
7311 8908
2479 836
1605 2723
7008 6933
1215 6525
700 823
754 7330
1375 9629
3110 2117
955 4794
7034 7575
8805 3100
6342 6074
5795 8310
6267 2628
7886 3465
365 4300
5905 2654
6013 3651
4865 8782
9481 6837
7590 8547
9921 9111
8572 9707
7013 1068
8101 6147
4951 114
2807 4176
6322 3262
9528 5435
9672 9787
438 9460
2113 38
39 2696
1476 8127
4962 1257
9802 7310
6419 8905
4962 6077
7143 4993
7490 8329
4793 1597
2123 2443
2055 7601
9386 8447
4584 7936
7395 9059
5447 5023
7717 9509
7634 5488
3095 5546
2855 8950
4205 2899
5326 9275
618 5521
3848 8822
417 8110
6903 8642
6241 8894
7339 5311
3245 1980
7389 1924
3298 6993
6500 2837
4675 7368
2913 488
5788 7772
7021 5769
1394 9994
5513 2348
7520 2014
6474 9362
4354 4290
3182 9730
5039 6948
8926 522
8797 8285
1629 6316
5504 8448
5814 8130
4968 180
4302 8728
847 757
7102 1324
22 2243
607 8968
8329 7543
1832 3434
3162 9036
5983 5015
1888 4554
9189 1262
3929 7038
5484 819
8948 9434
5964 1299
6378 269
7377 268
7942 7226
9467 4480
3446 7966
5507 6427
9859 8128
7163 3692
5058 9374
3926 9499
759 6947
3983 3117
3934 1041
473 5820
3469 9235
9503 2791
9409 9848
7073 6881
7711 7352
5316 2893
5671 1158
5637 7177
7219 5531
4904 2801
8650 2278
5575 5183
8298 9410
450 5911
1729 8586
4171 7276
6417 5200
1398 3675
6906 5827
3178 4824
7716 970
2127 4847
8374 3388
5269 4117
6916 5595
4223 6526
1708 1919
1327 9800
5709 6359
7439 1296
5467 1758
8174 8991
388 5494
2400 4002
3531 5213
9280 9722
8200 8378
3104 9020
640 2317
5584 8699
2921 7167
5226 7503
5182 2721
4782 7937
9232 3312
5068 8574
7563 4700
192 9596
3596 4304
5867 8945
8666 7128
1856 1500
518 6867
9183 4961
10 7512
1029 1120
8622 2933
2004 6256
543 3805
3467 3139
1711 9776
4474 4889
4667 4484
8079 9931
1558 5798
7297 8630
1848 9767
4727 4168
1678 7384
8502 1090
373 9060
1666 7125
7280 2379
5516 2211
1985 749
5636 3581
2854 6461
7479 120
4550 2785
4934 7443
2424 2461
8578 8584
2750 625
8007 3306
747 782
9840 6510
9986 1121
9850 7860
69 7267
4366 1720
5299 2055
4866 3
6473 8154
7290 2346
8576 6141
4916 6188
4766 7160
6261 5541
3547 4424
5170 3395
9587 6409
2746 6292
6141 7447
7515 6366
731 4213
9511 9570
4436 7087
9911 4018
7659 3134
9273 3640
9826 6236
3394 542
6081 945
5368 6008
9402 5981
8741 6891
3181 8990
6435 1488
7852 5676
9887 3951
3519 8585
2022 5752
9768 4308
7441 1934
5572 7428
3662 3067
3608 1752
2695 3409
9415 9690
2022 8064
1306 8818
7806 764
2250 840
2866 594
4543 104
5039 2755
4857 4416
8722 7062
5346 4626
2052 6164
9230 7272
9022 2067
5474 2839
8879 8070
6133 1242
6411 902
1664 3792
4630 570
1163 3916
370 7498
6603 2059
6473 1762
5174 1461
6085 5197
7711 6873
4143 4490
2907 6942
6131 9518
7587 4734
5974 5012
2264 73
3863 8738
9307 3930
4196 8494
5990 6823
8880 919
9031 8946
405 5355
6902 4206
1077 2843
3683 4614
7907 5222
4738 6591
1323 4039
5401 2326
4018 2398
2612 2388
1106 1695
8516 8496
5765 3449
8746 3750
5455 4797
5353 9152
8346 2358
3322 6431
8003 8382
4972 1230
1620 9095
7771 2648
2649 3374
7391 6522
9133 5038
3083 1691
6537 240
40 7953
1701 8655
9802 8787
4289 7157
5865 5156
1586 8988
7369 9188
6769 9590
5035 8694
7692 4742
4466 2808
9328 343
5379 8211
9900 8462
5053 4815
5093 2767
231 820
7975 7600
2754 4521
3508 193
9380 4341
282 7230
2274 2502
3594 5318
4476 9967
308 8061
2039 6271
2523 2267
1665 7320
8764 5973
6792 9462
7060 8996
9815 9868
9727 1313
7044 508
7141 6957
9230 9546
3139 8812
3287 5550
2209 7552
174 7093
5710 4250
9050 7456 9382 7067 3428 8146 6528 6572 3493 9941 7692 3360 6108 9004 3088 2967 6048 44 109 5593 5627 5272 5084 1176 8559 8987 9737 2003 5513 3986 7713 4562 7793 7094 1628 7573 5239 4508 4144 8731 800 1835 2091 6907 838 1530 6225 6885 7925 2685 8829 3551 7956 264 1078 6515 5603 815 8517 1115 1152 2582 2029 5297 9675 8 2869 1266 867 7012 9996 1666 8847 8438 4924 6036 6319 1149 9273 4244 3833 8101 4146 1789 4717 5224 4655 319 2390 3171 7785

55 274 183
1541 1779 6172
3043 4409
7772 7039
8704 9391
4180 6619
9005 9980
1127 499
4741 8278
2730 4961
3100 8888
462 7447
4116 7755
7276 9204
5447 8253
4417 9381
1158 6989
1396 590
7627 554
9943 9169
2138 2684
2663 4124
4622 1145
5773 143
1454 5716
954 8504
5949 4555
8660 7769
6971 6418
4670 5938
1669 8772
5759 9088
9676 9180
9732 3508
9028 3656
2691 9676
151 7519
5014 1707
1848 1126
3192 789
9291 3304
4209 4148
1915 1594
8010 2871
5159 5240
4010 2681
8119 3181
2359 6122
8443 9629
5008 4156
6846 8119
4621 2528
7541 4905
6752 2099
5291 4682
3973 6408
6969 9439
7705 1919
9928 9840
1350 2945
6954 8962
7080 4531
3241 3076
9056 1229
5383 1685
6154 417
2943 8582
3485 777
9226 6838
7870 6590
9349 4518
3955 1844
113 6319
2509 1662
4605 43
5355 3860
4741 7913
7339 2436
15 4335
6018 2748
3164 1751
6683 8525
5652 2460
9296 6521
3110 4880
9396 7168
3352 5363
5476 5130
7638 1366
2322 1871
3577 1498
2590 6587
3926 2365
2380 3277
9294 3026
6189 483
7166 4171
9823 8650
4297 3687
3148 4703
450 1465
3179 1960
7088 155
1519 5008
3229 4727
2575 195
6780 6807
9170 1518
4793 7059
84 7903
8385 440
4610 2626
1274 1904
5589 4434
5487 5573
3388 5091
2919 7050
4138 6093
3963 7927
1155 5217
7792 4158
7290 7962
3484 9310
4103 4349
4432 1387
9771 4543
5504 3411
4684 8027
9968 9938
1776 6609
6349 5059
2107 7715
158 9269
7195 2598
7814 4122
1958 4632
1921 2665
6148 1268
1722 6270
7054 3887
10 2618
8121 465
1500 8037
8004 8060
6187 8110
810 3063
1522 3902
4059 79
3625 472
8285 4534
9164 8329
7344 6596
7863 1086
7354 9845
760 3731
3740 8555
6676 1225
9077 1778
9781 1088
7274 3539
4348 9197
7070 7529
1587 4427
8052 7542
2179 6121
5284 6381
3724 8775
2989 2722
76 3569
7298 8928
7481 7189
8413 7392
9168 510
7948 3843
7380 5302
4497 1576
9103 1729
6154 1568
5461 7043
9515 4207
6938 7641
2766 1152
3873 7015
582 5757
4683 302
7489 4234
1624 8517
5378 2255
6096 7145
2445 3327
4901 3477
5204 3296
1214 357
7399 7712
8269 6676
667 6915
4417 5209
2222 3435
5542 8291
8591 9158
9742 226
5093 6082
4687 1367
784 4863
7307 151
5051 4261
5817 6955
8169 5409
9159 3529
1797 4845
1864 2426
6842 7006
5580 1651
7192 1486
76 4738
831 3770
8862 2510
7197 8550
3411 5687
5836 4334
8593 7071
4025 888
2647 763
4290 2195
3390 8159
583 6089
9445 5255
6904 3779
5263 1378
2466 4097
4217 5340
4201 3298
1846 3081
8766 7751
2083 5258
2328 4603
1841 7029
7791 2706
4899 842
8999 2082
4521 4642
9896 5936
9713 320
1696 3153
3601 4977
6667 4164
7460 7819
7250 7221
4970 9308
916 6017
6970 3406
434 9597
2301 5165
2357 8226
6658 3553
8194 7709
3643 7533
7851 8091
7594 9709
1036 9548
3710 1196
5366 7705
1276 1172
6830 2617
4985 6248
9652 7747
3695 8308
3471 6439
1015 5997
9549 2181
9889 7675
5206 7744
2185 9885
9593 3058
8956 9780
975 6982
1037 2668
190 6342
5309 2315
4913 3373
7470 295
8602 918
7356 1166
7162 8426
606 8372
6045 6712
806 496
6731 7604
7012 2992
2770 2677
9658 5970
8636 98
2790 696
9361 5179
8550 8101
4746 4275
5192 6021
7186 3349
8126 2549
8732 920
3317 7412
8217 5580
2310 921
7933 1209
330 4988
997 255
8890 429
3218 8045
7406 421
8970 7671
2417 1681
6872 1343
8528 2118
243 5773
3044 9229
2991 8976
906 6362
3633 7561
5120 3218
4556 7919
8172 5452
2231 1906
9949 3415
3834 1802
9472 7356
5388 9157
499 8242
358 2261
4385 5380
960 603
5929 7430
304 3791 6837 7865 3776 6406 2985 8047 7314 4788 6219 9219 7019 5986 5520 5173 6172 2876 4645 5329 8264 9238 2180 6876 9596 7559 1261 6550 4871 5042 2480 5175 8832 5668 3039 8960 2073 2375 7006 9386 3515 9576 4956 6885 1913 475 2057 8085 9702 6701 3413 4317 5938 5592 1193 1886 9502 8805 8435 725 3847 7266 5899 9030 2933 5289 4341 1357 4015 7698 742 7529 7274 2049 4414 5538 2524 6470 3622 2225 9523 3386 2894 1812 8977 438 49 4831 9242 8484 5555 9440 2101 7805 4822 5034 3093 5514 6390 3459 3212 3484 988 1884 1753 2374 759 4574 2348 2984 448 5733 2229 2260 1062 2666 2308 5892 8259 7143 7798 4051 9244 5602 5224 629 5046 737 3370 4856 300 3205 5843 3488 5089 3947 5862 5847 8521 4561 5182 8968 293 7410 7579 1354 75 6239 3597 4686 3381 1394 8736 8976 3347 3959 5956 4744 4695 9326 9600 1347 8882 1794 4834 3970 5741 7047 6169 613 1607 7702 9580 1900 1464 7159 3253 1538 3397 3202 2575 3129 4595
