17
3 2
0 10
20 15
5 4
3 0
1 2
1
0 0 6
4 5
1000 1000 1000 1000 1000
1000 1000 1000 1000 1000
1000 1000 1000 1000 1000
1000 1000 1000 1000 1000
1 1   3 5
3
1 0 10
2 2 10
4 0 5
4 5
1000 1000 1000 1000 1000
1000 1000 1000 1000 1000
1000 1000 1000 1000 1000
1000 1000 1000 1000 1000
0 1   2 3
3
0 0 10
4 4 10
4 0 5
4 5
1000 1000 1000 1000 1000
1000 1000 1000 1000 1000
1000 1000 1000 1000 1000
1000 1000 1000 1000 1000
1 1   1 3
3
0 1 10
2 0 10
4 0 5
10 10
 0  0  0 10 10 10 10 10 10 10
10 10 10 10 10 10 10 10 10 10
10 10 10 10 10 10 10 10 10 10
10 10 10 10 10 10 10 10 10 10
10 10 10 10 10 10 10 10 10 10
10 10 10 10 10 10 10 10 10 10
10 10 10 10 10 10 10 10 10 10
10 10 10 10 10 10 10 10 10 10
10 10 10 10 10 10 10 10 10 10
10 10 10 10 10 10 10 10 10 10
0 0   2 3
1
0 0 10
10 10
 0 10 10 10 10 10 10 10 10 10
10 10 10 10 10 10 10 10 10 10
10 10 10 10 10 10 10 10 10 10
10 10 10 10 10 10 10 10 10 10
10 10 10 10 10 10 10  0 10 10
10 10 10 10 10 10 10  0 10 10
10 10 10 10 10 10 10  0 10 10
10 10 10 10 10 10  0  0  0 10
10 10 10 10 10 10 10  0 10 10
10 10 10 10 10  0  0  0 10 10
10 6   8 10
1
0 0 1000
10 10
 0 10 10 10 10 10 10 10 10 10
10 10 10 10 10 10 10 10 10 10
10 10 10 10 10 10 10 10 10 10
10 10 10 10 10 10 10 10 10 10
10 10 10 10 10 10 10  0 10 10
10 10 10 10 10 10 10  0 10 10
10 10 10 10 10 10 10  0 10 10
10 10 10 10 10 10  0  0  0 10
10 10 10 10 10 10 10  0 10 10
10 10 10 10 10  0  0  0 10 10
10 6   7 10
2
0 0 1000
8 0 10
10 10
 0 10 10 10 10 10 10 10 10 10
10 10 10 10 10 10 10 10 10 10
10 10 10 10 10 10 10 10 10 10
10 10 10 10 10 10 10 10 10 10
10 10 10 10 10 10 10  0 10 10
10 10 10 10 10 10 10  0 10 10
10 10 10 10 10 10 10  0 10 10
10 10 10 10 10 10  0  0  0 10
10 10 10 10 10 10 10  0 10 10
10 10 10 10 10  0  0  0 10 10
10 6   6 10
2
0 0 1000
8 0 10
10 10
 0 10 10 10 10 10 10 10 10 10
10 10 10 10 10 10 10 10 10 10
10 10 10 10 10 10 10 10 10 10
10 10 10 10 10 10 10 10 10 10
10 10 10 10 10 10 10  0 10 10
10 10 10 10 10 10  0  0 10 10
10 10 10 10 10  0 10  0 10 10
10 10 10 10  0 10  0  0  0 10
10 10 10 10 10 10 10  0 10 10
10 10 10 10 10  0  0  0 10 10
10 6   3 8
2
0 0 1000
8 4 1
10 10
 0 10 10 10 10 10 10 10 10 10
10 10 10 10 10 10 10 10 10 10
10 10 10 10 10 10 10 10 10 10
10 10 10 10 10 10 10 10 10 10
10 10 10 10 10 10 10  0 10 10
10 10 10 10 10 16  0  0 10 10
10 10 10 10 30  0 50  0 10 10
10 10 10 10  0 40  0  0  0 10
10 10 10 10 10 10 10  0 10 10
10 10 10 10 10  0  0  0 10 10
10 6   3 8
2
0 0 1000
8 4 1
10 10
10 10 10 10 10 10 10 10 10 10
10 10 10 10 10 10 10 10 10 10
10 10 10 10 10 10 10 10 10 10
10 10 10 10 10 10 10 10 10 10
10 10 10 10 10 10 10 10 10 10
10 10 10 10 10 10 10 10 10 10
10 10 10 10 10 10 10 10 10 10
10 10 10 10  0 10 10 10 10 10
10 10 10 10 10 10 10 10 10 10
10 10 10 10 10 10 10 10 10 10
6 7    9 4
1
7 7 29
10 10
10 10 10 10 10 10 10 10 10 10
10 10 10 10 10 10 10 10 10 10
10 10 10 10 10 10 10 10 10 10
10 10 10 10 10 10 10 10 10 10
10 10 10 10 10 10 10 10 10 10
10 10 10 10 10 10 10 10 10 10
10 10 10 10 10 10 10 10 10 10
10 10 10 10  0 10 10 10 10 10
10 10 10 10 10 10 10 10 10 10
10 10 10 10 10 10 10 10 10 10
6 7    9 4
1
7 7 30
10 10
10 10 10 10 10 10 10 10 10 10
10 10 10 10 10 10 10 10 10 10
10 10 10 10 10 10 10 10 10 10
10 10 10 10 10 10 10 10 10 10
10 10 10 10 10 10 10 10 10 10
10 10 10 10 10 10 10 10 10 10
10 10 10 10 10 10 10 10 10 10
10 10 10 10 10 10 10 10 10 10
10 10 10 10 10 10 10 10 10 10
10 10 10 10 10 10 10 10 10 10
6 7    9 4
19
0 0  1
0 1  1
0 2  1
0 3  1
0 5  1
0 6  1
0 7  1
0 8  1
0 9  1
0 10 1
1 0  1
2 0  1
3 0  1
4 0  1
5 0  1
6 0  1
7 0  1
8 0  1
10 0 1
10 10
10 10 10 10 10 10 10 10 10 10
10 10 10 10 10 10 10 10 10 10
10 10 10 10 10 10 10 10 10 10
10 10 10 10 10 10 10 10 10 10
10 10 10 10 10 10 10 10 10 10
10 10 10 10 10 10 10 10 10 10
10 10 10 10 10 10 10 10 10 10
10 10 10 10 10 10 10 10 10 10
10 10 10 10 10 10 10 10 10 10
10 10 10 10 10 10 10 10 10 10
6 7    6 7
19
0 0  1
0 1  1
0 2  1
0 3  1
0 5  1
0 6  1
0 7  1
0 8  1
0 9  1
0 10 1
1 0  1
2 0  1
3 0  1
4 0  1
5 0  1
6 0  1
7 0  1
8 0  1
10 0 1
20 40
33 36 27 15 43 35 36 42 49 21 12 27 40 9 13 26 40 26 22 36 11 18 17 29 32 30 12 23 17 35 29 0 22 8 19 17 43 6 11 42
29 23 21 19 34 37 48 24 15 20 13 26 41 30 6 23 12 20 46 31 5 25 34 27 36 5 46 29 13 7 24 45 32 45 14 17 34 14 43 0
37 8 26 28 38 34 0 0 0 49 32 10 26 18 39 12 26 36 44 39 45 20 34 28 17 0 47 0 17 42 0 6 0 30 36 41 15 39 44 19
40 29 31 17 47 21 31 25 9 27 17 6 47 0 36 15 6 33 19 24 28 21 32 29 0 19 20 18 8 15 40 49 46 23 18 45 46 0 21 5
29 38 14 28 41 0 43 0 34 14 24 14 37 6 43 41 27 15 9 36 32 0 37 28 25 7 24 21 8 45 29 37 35 43 18 28 43 11 28 29
26 0 43 13 13 38 6 40 0 18 28 38 19 17 17 46 24 43 20 33 40 49 22 25 44 40 5 39 0 36 19 32 42 14 47 7 5 0 48 11
22 28 49 43 46 18 40 22 11 10 5 0 11 30 28 5 20 36 44 26 22 15 8 16 32 8 24 37 12 24 0 36 0 49 29 0 18 21 23 31
31 30 33 44 10 13 49 31 49 46 9 23 13 18 40 45 26 16 34 40 40 34 26 42 36 7 45 6 29 18 37 12 48 22 9 9 36 10 42 37
6 0 13 22 21 5 19 49 21 0 39 11 40 17 5 28 27 0 34 8 20 24 22 19 46 31 30 34 42 22 22 0 25 35 22 49 40 42 48 13
48 40 24 40 9 31 19 36 32 5 44 0 29 19 23 26 0 5 10 42 29 34 43 5 21 17 0 13 11 0 26 9 44 0 0 6 34 21 42 18
28 39 22 8 8 48 36 8 0 48 0 33 33 48 40 0 17 46 18 29 0 46 38 47 49 40 0 33 13 47 0 42 36 25 0 46 25 38 7 29
36 10 14 21 10 0 28 27 0 48 6 0 44 47 49 43 39 0 28 0 0 31 47 38 9 0 35 34 39 42 15 27 0 29 49 14 35 29 43 35
27 0 38 21 49 39 17 38 42 45 43 44 29 40 32 40 41 19 26 32 11 42 10 17 23 11 31 9 40 25 46 17 27 34 40 26 24 7 14 18
5 8 12 36 0 46 26 44 16 0 28 29 46 40 47 20 0 30 31 43 7 27 12 36 14 5 12 40 12 29 10 19 39 24 5 41 20 33 37 38
38 16 20 34 6 17 6 10 49 37 5 9 17 18 45 33 23 8 23 37 39 33 7 28 7 14 21 29 0 9 18 38 25 38 24 33 7 31 43 8
20 49 17 39 19 13 22 44 23 47 31 12 32 40 42 41 7 15 21 7 24 41 47 0 31 21 37 40 0 30 48 25 31 16 16 0 31 39 46 0
38 30 18 21 20 12 12 29 27 35 36 0 26 33 7 9 7 44 49 11 27 0 36 10 18 5 13 49 44 11 5 34 41 25 5 14 39 18 43 18
5 32 22 32 17 30 43 24 26 43 36 0 43 24 14 13 29 27 12 25 38 19 10 32 44 17 46 35 37 41 0 43 23 28 25 41 10 18 17 36
13 5 40 8 30 0 21 11 33 35 39 23 0 0 5 0 18 0 35 6 45 39 49 20 17 26 13 27 46 31 15 10 36 5 20 18 11 42 32 46
29 21 20 34 22 27 34 40 33 22 48 30 13 47 0 30 23 14 9 22 47 24 32 35 32 0 0 43 48 36 40 28 9 12 12 33 41 48 23 24
6 11 3 22
10
1 30 134
5 11 98
5 27 191
6 21 176
8 29 98
9 22 115
9 35 52
16 18 171
17 32 189
18 37 159
45 50
83 86 77 15 93 35 86 92 49 21 62 27 90 59 63 26 40 26 72 36 11 68 67 29 82 30 62 23 67 35 29 0 22 58 69 67 93 56 11 42 29 73 21 19 84 37 98 24 15 70
13 26 91 80 56 73 62 70 96 81 5 25 84 27 36 5 46 29 13 57 24 95 82 45 14 67 34 64 43 50 87 8 76 78 88 84 0 51 54 99 32 60 76 68 39 12 26 86 94 39
95 70 34 78 67 0 97 0 17 92 52 56 0 80 86 41 65 89 44 19 40 29 31 17 97 71 81 75 9 27 67 56 97 53 86 65 6 83 19 24 28 71 32 29 0 19 70 68 8 15
40 49 96 23 18 45 46 51 21 55 79 88 64 28 41 50 93 0 34 64 24 14 87 56 43 91 27 65 59 36 32 51 37 28 75 7 74 21 58 95 29 37 35 93 18 28 43 11 28 29
76 0 43 63 13 38 6 40 0 18 28 88 69 17 17 96 24 43 70 83 90 99 72 25 44 90 5 39 54 86 69 82 42 64 97 7 55 0 48 11 22 28 99 43 46 68 40 22 11 10
5 0 61 30 78 5 20 36 44 26 22 65 8 16 82 58 24 37 62 24 0 36 52 99 79 50 68 71 73 31 81 30 33 94 60 63 99 81 99 96 59 73 13 68 90 95 26 66 84 40
90 84 76 42 36 7 45 56 79 18 87 12 48 72 59 9 36 10 42 87 6 0 13 72 21 55 19 99 21 0 39 11 40 67 5 28 27 50 84 58 20 24 22 69 96 81 30 84 92 72
72 50 25 85 22 99 40 42 98 13 98 90 24 90 9 81 19 36 32 55 94 0 79 69 73 76 50 55 60 42 79 84 93 5 21 67 0 13 61 54 26 59 44 0 0 6 84 21 42 68
28 89 72 8 58 98 36 8 53 48 0 33 33 48 90 54 67 46 68 29 0 46 88 97 49 90 0 33 63 97 53 92 86 25 52 96 75 88 57 29 36 60 14 21 60 0 28 27 50 48
56 0 94 97 99 43 39 0 28 0 0 81 47 38 59 51 35 34 39 92 15 27 0 29 49 64 85 29 43 35 77 0 38 71 49 89 67 88 92 95 43 44 29 90 82 40 41 69 26 32
61 42 60 17 23 61 81 9 90 25 96 67 77 34 90 26 24 57 14 68 5 58 12 86 0 46 26 94 16 52 78 29 46 90 47 70 51 80 31 93 57 27 12 86 14 55 12 90 12 79
10 69 89 74 55 41 20 33 87 88 38 66 70 84 56 17 6 60 49 37 5 59 17 18 45 83 73 58 73 37 89 83 7 78 57 14 71 29 0 59 18 38 25 88 74 33 57 81 93 58
70 99 17 39 69 63 22 94 73 47 31 62 82 90 92 91 57 15 21 57 74 91 47 51 31 21 37 40 54 30 98 25 81 16 16 0 31 39 96 0 38 80 18 21 70 62 12 79 77 85
36 0 76 83 7 59 57 44 99 11 27 50 36 60 18 5 63 49 44 11 5 34 91 75 55 14 89 68 93 18 5 82 22 82 17 30 93 74 26 93 86 53 43 74 14 13 79 77 62 75
88 19 10 32 94 17 46 35 37 91 53 43 73 28 25 91 10 18 17 36 63 55 90 58 30 0 71 61 33 85 89 73 0 51 5 50 68 0 85 6 95 39 49 20 67 26 63 77 96 81
65 60 36 55 70 18 11 42 32 96 79 21 70 84 72 27 34 40 83 72 98 30 63 47 50 30 73 14 59 22 47 24 82 35 32 0 54 43 98 86 40 78 59 62 62 83 41 48 23 24
72 22 54 35 21 57 65 47 71 76 69 18 0 0 53 33 7 59 28 6 97 20 84 8 34 98 91 76 98 15 52 71 89 59 6 10 16 24 9 39 0 78 9 53 81 14 38 89 26 67
47 23 87 31 32 22 81 75 50 79 90 54 50 31 13 57 94 81 81 0 20 33 82 81 87 15 96 25 0 22 92 51 97 32 34 81 6 15 57 8 95 99 62 97 83 76 54 77 9 87
32 82 21 66 63 60 82 11 85 86 85 30 90 83 14 76 16 20 92 25 28 39 25 90 36 60 18 43 37 28 82 21 10 55 88 25 15 70 37 53 8 22 83 50 57 97 27 26 69 71
51 49 10 28 39 98 88 10 93 77 90 76 99 52 31 87 77 99 57 66 52 17 41 35 68 98 84 95 76 5 66 28 54 28 8 93 78 97 55 72 74 45 0 25 97 83 12 27 82 21
93 34 39 34 21 59 85 57 54 61 62 72 41 16 52 50 62 82 99 17 54 73 15 6 51 64 90 63 91 72 37 37 59 28 71 80 87 56 90 41 70 52 65 11 69 17 61 83 51 12
0 6 38 67 64 89 32 54 0 75 79 41 12 38 69 36 70 56 44 60 49 14 65 14 26 86 83 39 69 35 52 21 93 90 89 9 31 73 64 35 48 95 77 13 33 98 49 55 55 93
68 56 60 33 23 86 71 58 77 40 45 81 61 90 23 50 0 54 75 64 42 24 59 19 89 44 69 38 51 76 83 19 33 43 0 56 81 75 66 11 67 12 92 29 0 68 31 0 74 7
18 16 83 77 87 72 73 57 62 25 33 97 96 18 41 53 26 74 80 93 85 48 5 30 29 59 98 60 62 24 19 80 41 0 10 80 26 83 89 40 8 23 38 57 93 31 10 20 5 90
13 91 38 70 21 67 29 71 80 43 95 99 24 88 54 86 69 32 69 10 73 30 33 63 87 79 94 49 99 51 39 64 42 30 86 15 49 15 86 81 11 34 33 87 22 87 73 43 19 42
54 44 24 39 59 63 18 53 12 69 5 0 33 99 34 19 15 35 87 53 69 50 87 0 37 62 89 10 5 60 0 11 57 29 0 16 92 21 22 5 43 79 61 28 78 47 0 45 82 87
99 51 89 86 53 26 48 94 36 6 7 92 17 64 21 20 80 66 94 54 23 37 33 84 17 12 31 17 9 65 56 8 69 45 95 22 71 95 69 59 0 76 52 71 40 25 43 72 91 89
27 66 78 12 50 96 24 33 13 86 99 70 94 68 15 41 42 39 37 63 98 90 39 0 13 31 28 57 0 71 46 83 38 25 95 40 21 72 26 34 58 25 56 52 45 72 46 39 11 83
0 61 25 42 16 39 74 44 96 30 67 94 13 57 19 60 50 92 32 76 79 90 53 35 95 98 7 41 37 70 76 40 84 0 83 0 92 9 96 40 39 63 35 0 73 6 64 23 51 49
51 30 39 0 65 86 0 25 79 91 47 7 84 31 61 19 31 53 28 27 94 19 43 81 23 68 87 39 43 38 88 94 20 80 98 86 18 52 63 98 95 10 5 79 42 66 98 25 72 78
53 66 97 48 47 72 16 86 12 59 77 0 53 97 32 0 35 51 7 98 49 54 61 6 34 0 25 84 28 97 63 33 15 60 81 14 85 97 0 97 8 29 49 13 79 34 16 14 85 75
65 86 30 26 92 16 29 69 52 9 66 15 95 33 28 76 47 13 26 0 62 86 29 63 0 8 97 16 75 82 44 40 20 26 18 65 94 99 34 46 8 53 62 0 86 42 32 34 7 10
34 69 96 15 84 96 24 82 65 51 16 61 43 37 87 61 0 81 60 88 79 20 41 93 24 28 35 8 62 42 70 96 63 66 11 0 15 87 34 32 90 50 93 33 39 80 94 93 13 54
82 44 75 23 38 51 51 73 11 65 68 81 13 83 99 77 35 14 64 69 46 7 72 91 40 11 23 87 57 36 93 39 81 20 14 71 71 18 96 34 83 64 67 97 0 67 74 35 33 90
57 32 49 29 23 90 92 47 29 49 35 22 40 68 43 55 39 66 25 36 53 60 52 20 57 0 87 83 40 21 26 97 5 27 78 28 69 70 27 98 20 63 21 60 83 16 67 23 82 92
11 35 53 63 8 62 68 95 98 60 68 76 9 73 0 87 54 73 57 81 23 29 96 44 42 80 12 9 55 47 54 66 34 59 81 42 73 0 38 71 13 58 99 22 84 55 61 90 80 71
23 0 0 20 0 42 52 12 0 7 59 58 25 94 17 58 36 90 60 26 14 73 37 65 48 21 20 9 63 0 32 86 0 33 58 56 27 10 68 31 69 28 41 46 74 58 5 10 0 65
89 67 90 26 32 38 99 5 0 62 57 32 48 61 17 7 69 97 69 38 28 39 18 70 85 92 80 42 54 33 7 43 0 50 21 85 88 20 90 40 34 47 25 83 61 94 42 30 91 63
20 20 54 38 42 92 30 22 34 85 8 94 80 8 44 0 45 84 22 87 25 57 35 0 92 48 96 86 30 40 49 51 12 56 89 54 48 72 28 82 57 88 76 37 97 20 39 94 5 14
82 82 23 69 36 15 17 84 53 99 24 54 50 36 10 92 42 58 64 23 41 21 11 69 10 60 90 0 55 47 16 89 81 39 58 17 6 75 0 11 74 78 65 77 66 76 69 61 34 33
36 27 6 99 97 16 60 39 70 67 86 86 8 67 77 66 36 35 93 37 46 19 67 12 96 34 40 17 95 74 50 31 0 8 30 51 25 42 90 47 61 76 34 69 95 63 35 31 51 80
20 97 0 88 61 96 74 0 14 69 28 16 52 82 25 82 33 0 77 23 49 90 51 35 60 46 99 47 29 0 28 49 99 28 89 13 76 63 66 90 84 94 59 36 76 84 71 9 38 0
84 39 90 35 75 50 81 26 50 62 28 78 64 79 58 53 44 34 69 11 77 5 57 36 42 34 72 65 95 10 65 32 49 7 67 76 58 0 0 60 63 82 38 27 14 96 33 58 30 54
69 7 59 27 95 0 13 67 18 60 29 35 92 31 43 12 7 53 13 62 13 28 96 51 56 10 99 41 69 81 95 90 89 54 69 36 8 82 0 26 95 33 14 87 64 57 51 24 10 64
38 23 93 34 26 0 45 25 94 66 6 89 56 47 95 26 84 0 60 40 82 55 73 48 95 90 5 46 66 67 63 0 90 8 90 68 61 35 93 55 0 51 44 10 51 91 88 35 47 48
45 41 16 24
20
1 37 3
5 43 330
6 35 229
14 41 246
14 49 86
22 38 170
23 30 194
29 6 45
30 21 258
31 1 352
32 1 508
32 19 386
33 28 498
34 4 405
34 50 113
35 6 644
36 18 30
36 33 221
37 50 447
42 46 407
32 49
23 6 17 35 33 15 26 12 9 21 0 27 10 19 0 6 20 26 12 16 11 8 7 29 22 10 22 0 27 15 9 0 22 18 29 7 33 16 11 0 29 13 21 39 24 17 38 0 35
10 13 6 11 20 36 33 22 10 36 0 25 5 0 7 16 25 6 9 33 17 0 15 22 25 14 7 34 0 0 30 7 8 36 18 28 24 0 11 34 39 12 20 36 8 19 12 26 26
14 19 35 10 34 18 27 0 17 22 37 12 12 36 21 0 6 0 25 9 0 19 0 9 31 37 17 11 0 35 29 7 7 16 17 33 26 5 26 0 19 24 8 31 12 29 23 19 30
8 28 35 20 29 36 0 18 5 6 11 0 35 19 8 0 28 0 30 33 20 34 0 0 34 27 16 23 11 27 5 19 16 32 31 37 28 35 7 34 0 18 35 29 37 35 33 18 28
23 11 8 9 16 0 0 0 13 18 6 0 24 18 8 8 9 37 37 36 0 23 30 23 10 19 12 5 0 30 25 19 34 26 29 0 22 24 37 27 35 0 28 11 22 28 19 23 26
8 20 22 31 10 5 0 21 10 38 25 0 16 0 26 0 25 28 16 0 18 0 37 22 24 0 36 12 19 19 30 28 31 13 11 0 10 13 14 20 0 39 21 19 36 39 13 13 28
30 15 6 26 0 20 10 0 16 22 16 27 5 36 19 18 7 12 28 12 19 9 16 10 22 27 6 21 33 12 0 15 19 39 0 24 19 11 20 27 25 28 7 30 24 18 0 24 22
29 36 0 30 0 12 12 32 10 25 25 22 19 0 0 18 33 18 30 0 30 9 21 19 16 12 35 34 0 19 9 33 16 10 15 20 22 19 0 33 5 21 7 24 13 0 34 6 19
24 0 0 26 24 21 0 28 8 29 32 28 38 18 36 8 33 8 23 13 13 8 10 34 7 26 8 9 20 6 28 37 9 30 23 33 0 17 13 12 6 5 32 36 15 28 37 9 36
20 14 0 20 24 28 27 10 28 36 22 34 17 19 0 39 0 28 0 20 0 7 18 39 31 15 14 19 12 15 7 24 29 9 0 5 29 23 15 17 20 38 11 29 9 7 28 12 35
23 24 29 30 0 20 21 9 26 32 21 0 0 37 23 0 0 29 30 25 36 7 37 34 10 26 0 17 14 8 5 38 32 26 20 26 6 34 36 32 18 9 26 10 7 10 11 0 31
33 17 27 32 6 14 35 32 10 12 39 10 9 29 34 35 0 20 33 27 8 18 6 10 0 16 17 6 20 9 37 5 19 17 38 25 23 33 18 33 37 9 0 7 38 37 34 31 9
20 19 18 38 25 28 34 33 37 0 13 38 30 19 17 39 9 0 22 34 13 7 31 22 0 30 12 31 17 35 0 37 14 11 27 31 31 21 17 20 14 30 18 5 0 36 36 0 31
19 36 0 18 20 18 21 10 22 12 19 17 5 16 24 16 0 7 39 17 24 19 31 7 30 36 0 18 25 0 9 0 31 5 14 11 15 35 14 29 8 33 38 5 0 22 22 37 30
13 14 6 33 6 13 23 34 14 33 19 17 0 15 8 39 30 12 14 17 26 35 17 11 33 23 13 8 5 11 30 18 17 36 0 15 10 18 10 24 11 21 33 5 29 33 0 11 5
10 28 23 5 6 35 39 29 0 7 26 0 37 36 21 25 0 36 35 10 38 11 22 12 36 19 0 30 24 12 27 34 0 0 32 38 30 23 27 30 30 13 34 19 0 7 0 0 35
32 0 34 0 18 6 0 38 39 22 22 0 0 8 0 0 32 0 34 15 21 17 5 27 11 16 29 18 21 23 13 13 27 39 8 6 37 0 0 28 14 18 31 16 18 35 12 11 29
39 26 10 16 24 29 19 0 18 29 13 0 34 18 29 26 27 27 23 27 31 12 0 0 35 10 19 30 14 30 11 13 17 14 21 0 0 0 33 22 21 7 15 16 25 0 0 12 31
17 32 14 21 26 15 17 28 35 39 0 17 0 16 34 17 29 27 12 22 21 26 0 20 0 11 5 6 5 10 30 23 34 36 36 20 12 5 8 39 5 10 16 0 18 0 17 8 22
21 30 35 8 25 15 10 37 13 8 0 23 30 17 17 27 6 29 31 11 29 30 8 39 38 8 10 33 17 10 16 39 32 11 7 17 19 17 6 32 17 0 15 8 18 24 35 16 5
26 28 34 8 28 33 38 37 35 32 14 5 0 5 37 0 12 7 22 21 13 14 39 14 21 39 25 37 34 0 0 12 21 36 12 10 22 0 39 17 34 13 15 26 11 0 30 23 11
12 37 17 19 28 31 0 27 16 30 21 10 32 25 31 29 37 0 0 31 32 20 26 38 27 0 9 32 34 24 35 39 21 12 18 9 36 10 36 0 0 9 14 25 34 6 6 23 39
9 15 32 21 33 30 9 29 31 33 24 15 28 15 37 33 33 38 29 35 35 33 28 36 0 13 23 6 11 38 37 20 5 21 0 30 0 10 20 34 35 0 0 24 19 39 9 0 29
38 31 16 23 19 13 23 24 36 21 35 26 11 7 32 32 9 22 28 11 0 14 7 38 16 23 17 7 32 13 37 22 5 13 37 16 18 21 33 6 34 20 33 5 28 25 30 29 39
18 0 0 24 39 0 0 22 10 0 6 23 29 20 28 0 18 37 13 31 30 20 25 10 13 31 38 30 21 27 29 31 20 23 15 19 24 8 34 26 9 32 9 30 13 30 33 23 27
39 14 9 19 31 19 24 22 10 6 35 29 35 26 0 11 34 13 27 0 7 13 0 39 22 34 0 0 19 19 23 18 33 32 29 25 0 13 39 14 19 35 35 7 13 29 10 7 0
37 0 9 10 5 0 24 31 37 29 0 16 12 21 0 5 0 19 0 8 18 7 20 5 0 27 19 31 29 26 33 26 28 34 36 26 27 12 17 24 0 20 0 6 34 34 0 37 13
0 37 32 11 17 29 5 36 8 29 25 35 22 11 15 9 39 0 36 12 11 20 5 23 12 11 9 7 6 38 12 10 36 0 13 13 26 19 10 34 8 35 21 22 39 37 23 38 30
19 0 33 31 8 17 0 11 26 0 18 25 15 20 21 12 26 34 38 5 36 32 5 32 6 19 31 0 0 21 25 22 16 19 14 24 36 10 27 14 13 37 39 20 10 12 32 36 39
30 33 35 15 38 27 21 17 10 16 20 24 0 0 0 12 9 16 0 19 0 15 24 33 6 0 0 11 29 31 10 19 24 5 26 22 25 39 31 27 7 0 11 0 39 11 13 8 27
14 19 23 21 0 8 27 39 0 38 28 34 0 0 18 6 18 32 23 18 15 10 25 19 22 26 18 25 32 18 13 6 37 28 27 32 36 6 32 39 37 20 33 37 12 0 35 31 27
18 9 34 21 26 14 0 5 24 28 37 0 33 35 0 21 14 25 17 20 17 8 9 29 33 39 34 36 34 25 15 5 26 10 26 12 16 29 9 32 9 6 35 35 33 28 16 7 13
22 26 19 12
25
5 25 421
5 34 413
6 32 364
6 43 148
7 12 95
7 29 108
8 2 282
8 44 462
9 36 510
10 0 396
11 8 323
12 24 266
13 20 451
14 46 500
15 7 115
17 47 247
18 29 474
19 18 292
22 44 210
23 16 270
24 37 53
25 34 33
28 15 59
29 34 80
31 10 454
