1 1
78
1
2 2
56 13
84 39
24589
3 3
91 -49 66
97 -13 56
30 -4 13
6216
9 8
-20 -7 -49 23 92 -4 -30 -2
76 65 76 85 100 24 71 96
13 -13 46 75 97 -13 7 27
51 -33 55 68 -31 64 4 13
-13 -31 40 -24 22 33 69 85
38 84 56 -32 -32 -2 86 84
13 -26 -3 13 65 -41 3 2
-33 -13 -8 26 -17 42 -38 -28
67 -38 39 -45 19 -20 -49 32
633805
8 2
-21 89
22 17
35 19
45 36
88 76
58 82
19 36
49 18
20701
5 3
-23 89 -20
40 -9 -10
-45 37 -4
-44 6 79
-21 23 98
66089
8 3
25 -41 -20
99 53 7
49 37 -41
-15 68 -1
23 8 36
50 48 -34
-7 -26 56
-26 -25 16
102394
4 8
-24 32 36 -27 87 -13 96 99
56 18 -30 54 15 -31 89 25
-21 -43 100 -9 -2 5 46 36
47 65 56 95 -50 71 68 72
18616
5 9
-31 76 5 3 63 -18 -13 86 -48
-35 52 10 -22 87 57 61 15 -41
6 9 -39 -37 -22 67 75 31 53
-32 99 41 -26 46 43 -43 27 65
16 -7 -38 98 23 79 45 18 -39
234957
4 9
-28 75 64 -26 -16 -11 4 -26 75
-17 48 -1 -22 -49 -23 40 97 67
48 34 58 -22 -50 79 65 -4 52
64 -29 -4 53 -39 -12 14 47 68
270158
5 7
-36 79 83 44 8 38 19
-12 67 59 -43 70 70 9
25 34 -2 -10 -22 95 -37
28 24 99 -14 8 75 71
98 -7 57 36 70 97 -34
323281
7 9
32 40 87 64 76 -3 -28 -9 60
1 22 15 -48 -47 -27 100 -38 -25
60 7 33 25 -11 11 37 3 -33
-31 57 34 -34 100 27 60 -17 62
20 77 57 87 46 -42 77 15 22
42 -14 -25 9 0 18 41 15 62
82 76 58 -24 80 -45 0 13 89
574352
7 9
96 75 13 -5 -23 38 83 74 80
47 18 56 86 -28 22 -19 97 -33
28 89 -8 39 -48 -14 -40 -45 -44
-44 28 -42 75 79 -21 57 4 61
28 5 83 32 6 31 89 34 35
-39 85 -15 79 80 -39 81 78 9
23 18 -39 12 74 -23 -18 55 91
31876
2 5
97 16 77 -50 90
-28 23 -45 23 92
87993
7 3
-39 -11 -28
57 -24 -12
83 49 65
59 95 30
86 78 43
50 12 -11
-1 70 3
119309
5 5
37 -20 -34 91 44
-6 95 1 35 53
44 76 37 -25 -23
16 27 74 59 88
-4 1 74 -47 60
180227
14 15
27 96 -21 11 63 -22 60 19 36 82 40 -13 46 26 15
45 -4 17 96 37 45 -21 -36 88 82 -24 18 87 88 4
0 47 48 -38 -21 85 84 24 61 8 82 -22 31 51 -47
-16 -50 73 -5 57 13 17 60 2 33 -38 -46 -16 70 58
58 16 15 56 -22 66 75 -49 7 37 -44 22 43 54 18
20 -38 -35 -35 0 20 89 -15 34 22 85 -30 -6 30 3
-15 37 95 23 -48 -45 85 21 73 75 96 -36 45 21 -43
70 -28 42 -48 -17 31 -4 62 90 84 74 -10 81 88 46
80 17 4 95 7 63 22 -48 -39 -49 -50 47 96 57 4
-14 80 25 -20 -11 3 77 84 2 64 -29 36 25 59 45
20 -25 29 -39 37 42 17 67 -33 -5 -12 -7 53 82 63
16 64 -23 -20 -32 92 -20 -35 -19 47 18 17 93 49 4
83 93 71 32 8 89 -30 66 55 93 -26 77 89 93 42
-49 24 -43 99 -9 -30 42 69 43 4 -25 76 -44 19 -17
448160
4 3
-39 23 -41
-2 39 15
63 -21 61
-8 4 97
108719
7 3
81 -45 64
68 69 -42
17 14 80
59 44 15
-39 14 -18
85 72 89
100 58 2
163113
4 10
0 93 33 92 -28 75 -48 85 36 93
1 63 27 -49 -23 18 27 90 -30 -17
28 11 -20 -41 82 45 66 58 86 29
-8 5 38 7 -17 85 74 -43 59 43
139738
8 2
-15 47
9 92
16 97
45 13
83 -19
-17 37
-29 -46
28 28
5190
5 7
6 21 39 23 -40 -46 85
-28 -10 36 -23 -8 0 -39
41 1 82 -5 -7 -16 -14
4 78 -25 42 -9 96 45
68 -50 -1 86 79 45 9
14805
17 29
-23 3 41 -43 35 -31 -16 3 35 23 22 -16 86 58 31 99 0 -42 -11 77 31 -25 -28 -31 22 79 96 58 -42
20 89 5 50 31 91 42 76 82 6 6 24 -15 6 50 94 -6 32 -15 32 25 81 -43 -26 -21 55 65 -16 5
9 -28 41 87 30 85 86 -32 -36 -39 1 -2 36 48 65 54 76 6 -37 39 66 80 71 50 20 27 74 18 54
8 -38 11 49 81 22 26 -24 -19 51 2 -24 8 5 41 -24 21 20 23 66 65 49 -5 -31 38 15 94 66 71
75 35 83 -14 0 19 63 10 -32 24 27 9 -23 54 94 81 10 -45 31 28 47 29 35 82 -9 18 67 83 9
8 81 28 83 72 57 -43 -18 85 -2 68 -9 45 85 39 50 30 -15 52 28 -49 90 48 -22 91 65 28 70 -10
-8 60 90 -22 -39 47 30 37 96 -1 50 81 -8 60 46 34 -17 -9 39 77 30 92 24 23 82 19 52 -22 76
-34 3 -17 -40 7 -28 -21 64 -27 -32 -12 -43 -13 -49 75 82 46 90 -45 20 -19 -37 -36 14 -13 60 13 -45 -9
6 49 63 15 48 84 23 -29 20 -28 -22 61 23 35 17 7 -18 1 24 -49 33 46 36 -22 99 39 41 -27 -25
42 85 93 1 76 75 52 -18 33 39 -32 4 -40 -13 9 61 66 57 64 -4 -35 80 63 39 12 -41 18 89 43
65 -6 4 -20 -18 49 71 67 -16 -14 96 -31 58 52 63 17 99 -37 24 62 -39 98 -14 40 -30 -27 -38 62 50
52 -24 30 67 -12 36 -14 16 -23 27 3 78 94 85 -24 9 55 58 23 45 -18 66 99 -23 29 -7 94 -11 54
82 50 84 -2 47 28 -31 -12 93 65 35 90 -9 3 97 -42 42 -50 99 6 -8 59 -45 39 -5 86 -49 -38 35
63 -15 23 11 52 -10 82 -38 -28 -31 -12 -4 -14 -7 89 26 27 28 70 2 41 -13 89 3 4 -49 77 13 -5
38 7 91 -37 78 -12 -16 77 -1 1 36 79 -30 47 35 -29 98 81 2 7 40 89 43 31 50 43 24 -7 1
51 73 100 23 64 86 37 25 45 97 90 -15 22 18 24 -43 34 74 42 -6 82 43 17 65 68 2 11 -7 -36
8 40 -16 -18 97 -7 77 -15 0 -43 95 7 55 34 81 -50 58 84 32 -5 -43 5 -30 11 -40 74 -3 72 58
1436436
9 4
62 78 97 95
91 28 5 13
96 38 31 62
83 60 76 96
89 -8 -45 31
24 67 -49 89
-32 -42 -50 19
-18 20 -40 -30
30 66 89 78
175573
2 2
5 -40
12 -16
34931
5 9
0 50 29 99 -33 -8 -40 43 -49
22 -9 14 20 26 -7 6 3 -4
4 -18 67 84 7 22 65 83 16
0 54 44 -12 65 86 -40 -24 -2
64 74 0 -37 6 63 67 48 4
289044
10 10
-26 -39 53 29 -24 85 34 80 89 90
51 93 76 87 25 -37 -39 37 82 -35
-31 -28 -8 55 -3 12 -36 1 12 -32
-47 0 22 13 -43 24 97 -18 92 -25
84 91 25 94 56 50 -17 26 89 -23
93 46 74 -12 3 -10 -10 -10 14 46
17 3 88 23 -34 91 65 55 92 -17
-14 -24 -29 83 3 100 90 41 8 -8
51 -26 -23 14 -48 81 37 23 1 27
18 89 85 92 37 94 50 35 21 36
250195
8 2
-31 -45
77 94
98 21
-9 69
-20 -19
58 69
64 -48
0 60
73905
8 7
38 68 -25 -2 96 49 19
12 -39 6 6 20 -14 24
34 64 -44 -50 75 -29 28
-8 -20 0 81 -37 81 71
-24 63 -31 -48 -43 -11 75
-4 -46 -27 2 58 15 27
-30 21 80 -9 98 64 -27
63 40 32 63 75 57 61
231415
10 8
-23 -14 -24 30 2 -29 67 42
46 -49 41 4 -46 36 -18 6
-49 89 -2 61 76 2 56 40
74 -13 72 89 4 6 92 -13
6 24 73 -50 95 8 24 12
-44 25 -9 10 -10 78 -38 28
-50 34 17 -7 -37 21 10 20
59 89 26 16 -31 44 100 -12
5 31 74 32 -8 42 -6 -20
72 -7 73 8 34 -24 40 40
368732
9 2
16 -44
-22 -33
15 -30
93 -2
-1 33
-46 21
61 -39
3 -17
-45 -43
144797
8 10
43 -34 79 -18 60 44 76 -29 92 -30
19 31 -23 -21 22 76 19 80 -32 -35
-9 41 -23 31 66 75 -8 -46 31 79
-17 -19 0 2 13 -31 -49 71 -34 2
-29 45 26 74 9 -50 35 -42 32 23
-7 -19 69 87 36 -6 -45 7 -4 61
-23 96 1 37 59 -50 81 59 -37 87
88 37 38 -14 -30 28 62 64 88 -1
651874
3 8
67 -32 94 22 1 -7 -11 41
26 -21 49 -34 77 92 13 -22
88 44 -45 66 77 -13 -46 -7
179324
9 8
-15 -18 -18 -31 -36 -1 12 -47
-14 -4 -46 92 50 79 -24 -5
44 -34 80 92 51 81 -46 95
0 71 20 -17 19 42 70 -42
68 -25 -33 58 63 37 8 -9
94 13 84 81 63 -35 73 41
-7 100 -19 -22 43 71 43 7
86 -49 66 -11 -49 -28 -40 20
17 40 -10 14 44 59 -44 21
207367
2 7
8 75 -12 19 -38 -30 -33
19 -23 -21 -9 74 53 -1
24185
3 5
39 45 -27 -39 55
53 91 85 68 15
-31 71 3 -37 -38
86969
7 9
87 -29 1 39 -35 63 23 -34 -36
-14 85 -26 -30 53 76 54 78 -2
49 52 77 -10 -43 26 -41 60 56
-36 -6 85 18 29 85 68 23 11
76 -37 -2 80 62 -45 2 51 84
62 65 -18 15 -23 86 -36 -17 11
1 70 -34 -32 -3 95 24 23 9
114394
3 7
-14 49 13 65 94 91 63
31 -20 -25 -44 -13 -35 54
-9 72 -38 1 5 -31 -49
98972
9 6
95 77 34 38 12 53
-2 7 73 98 -10 100
5 -23 -44 6 47 -40
54 48 84 88 53 18
-16 72 61 18 -19 65
19 7 3 2 -43 -50
-29 44 15 18 30 32
89 64 33 8 -33 73
90 21 53 100 2 20
257164
7 10
9 -16 74 13 -19 -12 20 -40 92 31
30 96 11 45 -48 32 69 -20 51 2
23 -46 53 -41 58 87 59 57 80 10
76 98 31 69 29 71 -2 45 48 19
31 -9 56 37 50 1 64 39 58 98
8 89 76 -21 -4 -16 42 89 58 93
66 74 -40 31 25 41 -41 7 14 -13
390683
4 9
31 98 87 -8 67 90 10 79 56
76 -25 28 -49 77 -26 89 18 -31
73 -2 86 -48 68 -50 -4 25 96
-15 -27 -25 -21 -26 -9 -20 50 -48
113122
3 6
31 -10 59 65 99 -29
67 28 28 85 83 57
-26 69 5 78 75 95
88506
3 9
-1 5 50 84 58 99 -30 40 -49
-14 70 19 90 88 49 30 31 -40
21 -11 80 92 -24 96 52 -21 79
37309
7 6
34 86 62 49 37 2
83 3 44 31 35 -44
29 4 32 -5 -15 73
-47 38 84 18 -34 37
0 -43 11 13 76 37
96 74 56 -16 62 86
76 5 79 55 41 -15
56529
7 8
-25 5 91 74 60 85 80 45
-50 6 23 -9 -15 75 -11 -2
-13 -44 -2 -8 89 -8 89 34
-30 27 82 10 77 -48 93 82
30 76 37 27 6 -10 20 -9
47 68 64 47 25 60 -29 37
47 81 -14 -12 13 53 -28 -20
43971
7 5
92 -48 65 -40 -16
-13 94 10 99 77
41 -25 87 -31 59
-42 1 -5 76 -44
98 -13 2 -24 -20
23 -36 -16 35 -19
80 -42 58 52 24
169830
10 7
58 -30 62 14 12 82 -27
7 86 -41 -46 87 30 -37
91 39 76 29 51 -17 1
14 -23 97 62 37 17 40
61 -29 88 99 -42 -35 20
59 88 76 95 49 -42 -13
56 -18 70 -44 95 -48 -9
-7 -44 19 23 -46 -7 90
-49 -3 -2 80 32 -28 22
40 -36 38 35 87 37 34
669422
6 10
58 80 32 82 -29 33 59 -43 11 36
85 -28 -11 -1 68 42 -48 -49 77 -2
72 29 33 7 0 34 97 -15 84 -17
40 -31 14 86 38 -37 75 57 -15 18
90 63 -23 73 -12 39 -8 19 -46 69
23 9 79 -42 60 -43 5 88 28 -43
161418
2 7
95 -21 -45 0 89 8 88
-27 36 -19 -37 -15 64 21
94634
5 6
-20 51 15 -18 -11 32
16 -27 -19 63 -17 31
92 11 87 37 -1 82
58 87 -48 41 94 64
43 -48 86 56 -11 83
120643
8 6
17 35 26 34 87 99
8 6 38 -48 19 -27
93 70 -45 -14 -20 72
-34 11 -14 65 85 78
-26 -32 -29 -8 43 67
-6 16 -14 0 91 53
24 -38 35 -17 19 10
90 97 46 28 4 57
203695
10 4
63 -9 -45 75
-35 93 -8 -8
-41 64 56 86
94 78 59 98
94 79 -41 -27
-45 -16 96 59
43 34 87 -45
68 -41 2 63
69 56 95 -40
65 16 -12 15
201375
2 6
84 -11 -30 28 -36 -4
41 61 -44 21 74 27
39359
10 8
51 68 -7 80 -11 95 -15 18
-30 46 72 5 -8 55 -31 78
-24 91 -15 96 8 24 -40 47
60 1 81 6 86 -20 -14 85
81 -29 -50 -48 29 18 -18 27
92 42 8 -40 14 50 74 -3
-26 80 78 20 -43 45 -2 12
83 44 83 -6 73 17 33 -15
69 21 56 1 93 -46 12 29
-26 -12 65 -19 75 60 -11 54
750705
9 10
-44 -36 7 87 30 32 -5 52 76 -6
-21 -2 67 9 46 -16 -8 26 20 59
27 23 56 0 15 93 60 0 39 -4
94 2 -25 11 65 79 21 -3 -17 72
31 -12 18 -40 13 67 -24 96 -15 20
10 64 -5 -25 76 99 -40 -6 40 -49
-12 -31 -44 82 34 55 -11 54 57 -29
23 27 -3 36 56 -46 10 53 29 -40
-44 23 51 3 -48 17 -24 24 59 59
868559
6 6
99 -19 52 26 -11 43
-29 13 -30 59 33 -20
67 5 27 77 74 -26
70 11 17 84 20 -14
85 4 -3 -31 79 21
53 -36 29 -41 77 -21
310824
2 5
20 15 7 4 67
20 68 60 93 7
38040
2 8
88 -17 51 85 3 75 55 14
5 -3 75 99 -14 -12 84 12
66005
4 3
60 25 40
-24 -40 -47
-31 68 70
-37 92 -25
43103
7 2
-28 9
5 60
76 50
-32 -46
57 -15
83 42
60 19
116391
5 5
26 67 35 2 13
89 67 -34 100 1
59 83 -48 -32 96
-32 10 -43 54 -8
-17 -8 24 66 86
241329
2 2
24 17
48 93
35016
8 10
63 -37 -48 -27 -31 84 -7 -10 98 -16
-13 -45 18 56 1 12 -35 -36 -17 88
52 3 -41 -10 -24 91 -12 46 -2 -13
-14 51 92 58 43 54 92 -40 72 72
79 17 97 -15 51 -6 51 93 64 37
48 -44 -19 33 48 -27 2 88 21 -32
97 -21 11 57 -48 93 42 69 -9 -26
21 89 39 96 70 42 10 -47 45 98
229327
10 3
23 -37 -19
66 -24 81
6 67 62
-39 -3 -50
92 80 17
-24 -2 -2
36 95 23
-6 -17 -33
84 20 27
90 30 13
229086
6 7
22 88 63 -9 -50 95 -12
12 -36 -32 55 -6 -10 35
7 43 8 51 50 38 3
97 2 -19 -23 53 45 48
15 3 48 72 98 40 67
16 14 0 25 18 40 -50
57789
4 5
-41 -10 44 -37 26
87 17 87 45 -14
-29 96 10 -6 94
-16 56 41 -44 83
83588
8 7
36 24 -17 88 48 8 -30
0 70 16 14 79 35 -44
24 94 87 28 -2 35 84
-45 47 -21 -36 -41 69 66
29 43 -13 -8 26 43 -12
100 -16 1 -32 -24 98 44
-28 32 -19 2 66 68 93
33 -9 38 31 96 9 50
299215
3 4
-35 91 -43 -38
90 59 -3 -19
68 -33 -19 37
69511
10 7
-45 -10 60 -38 31 74 25
-35 -18 -17 79 26 50 56
27 32 -37 -38 -42 57 28
70 52 98 -23 70 18 -30
99 51 76 -49 13 2 31
-2 -15 56 71 -39 -36 92
13 32 -18 39 10 41 39
77 81 44 -3 22 -25 25
-39 18 98 65 6 -39 -5
96 76 17 78 56 -29 38
397495
11 15
30 54 88 47 -18 -43 13 -28 68 60 29 34 59 16 47
80 -44 22 -28 -19 87 62 0 13 25 -48 14 -13 74 89
-45 68 -11 -39 -39 77 10 -26 31 44 -23 36 -8 26 78
59 100 -29 -39 -25 41 80 96 39 5 -46 89 91 -39 3
84 51 65 34 -32 21 -12 -12 -41 -46 44 43 -33 20 -7
-41 55 28 -29 82 -29 57 12 53 -34 70 87 63 90 -2
65 -44 -38 96 -11 64 4 -4 58 79 63 -27 63 7 -32
61 50 92 53 18 33 59 21 -30 -21 18 8 -46 -36 87
76 94 33 80 50 66 41 -49 -48 55 18 8 -6 4 -25
65 81 5 31 5 48 -3 73 44 87 19 -8 64 -37 94
-45 25 56 38 3 30 30 60 8 -9 77 88 -5 -5 -34
1446787
3 6
-29 53 -39 1 -32 -16
-34 36 -6 -24 32 99
-47 53 65 40 39 -9
102135
9 2
-19 86
-35 -18
26 -24
48 -34
-20 10
-19 32
-9 -6
59 85
94 12
52718
9 10
-13 -26 38 46 78 81 92 -48 89 74
-4 -33 48 65 62 -47 -8 9 -19 1
38 -7 100 16 95 67 38 -31 -29 70
-44 83 62 -16 -18 -43 -33 98 -9 40
43 57 62 -2 74 86 56 -3 17 55
66 -26 41 -28 76 44 92 44 62 57
-28 83 69 30 79 33 -20 13 -29 96
100 20 100 -27 -43 -30 -41 63 58 -26
-17 35 39 45 32 18 52 24 46 11
713682
7 8
9 -8 -45 62 73 86 42 25
83 -19 81 -7 -38 -17 -47 73
79 63 11 38 -24 5 82 -13
13 -25 -33 -48 -3 52 41 90
-15 53 -28 75 -30 35 70 71
-44 98 -49 62 -20 -17 30 83
20 51 48 10 71 96 -28 -20
311927
4 2
-36 62
-28 -6
48 -49
26 -11
2314
8 4
42 97 -7 45
68 63 -46 12
-4 52 -10 69
-17 54 -7 6
71 2 -23 -26
81 -9 71 7
47 82 12 16
8 -30 -47 36
220380
21 13
70 100 73 -41 23 56 38 -28 20 56 83 81 96
71 52 29 100 55 2 19 47 -50 8 38 100 29
9 65 -23 10 53 99 -12 48 -28 58 -34 22 20
-33 93 45 69 23 57 7 80 48 -13 14 66 78
89 20 25 88 -33 -32 39 85 42 74 -30 40 73
0 -18 99 -1 79 -9 59 -9 57 80 100 86 -16
-6 -44 90 -34 74 14 -36 36 -18 12 70 95 -48
64 25 -21 92 47 -1 26 55 -45 35 42 -12 56
-18 49 -45 84 96 42 14 64 -7 -24 6 27 25
76 -40 -7 40 -4 -42 74 70 23 -28 88 39 -11
36 -35 45 80 65 52 32 76 -23 -15 -10 33 -35
80 7 26 68 -8 40 36 -32 -49 4 17 48 -24
-44 48 99 39 66 45 87 73 20 -25 -8 40 100
32 87 -25 31 18 -38 -17 -15 -25 -33 58 76 91
96 64 -12 37 0 17 91 35 62 20 -3 -21 0
23 91 -13 69 65 -18 2 -14 -34 -28 29 33 53
0 31 12 19 57 -12 -9 35 3 92 26 49 22
41 91 29 19 -21 -42 94 89 -7 38 14 7 -3
82 85 17 -26 -50 57 12 24 4 61 -44 -44 71
69 100 -37 0 46 68 32 4 98 29 25 78 -18
67 65 2 99 73 -8 21 85 57 -5 13 60 64
1326895
5 7
34 57 43 63 -47 -12 -15
-24 65 91 20 11 -6 27
90 -17 90 -7 32 -47 76
62 19 77 -50 51 -18 44
30 78 -31 -49 -38 40 44
238052
9 8
81 65 27 31 -12 -36 6 69
-10 82 -10 67 -49 60 26 70
-22 74 61 83 45 -32 -23 -34
-25 -15 -35 25 10 25 86 57
96 59 -2 74 -10 38 7 32
46 -42 -4 54 16 58 67 92
-12 27 81 54 -34 56 56 -40
68 61 66 93 18 36 -36 -19
74 -39 -10 -45 63 30 16 -49
312362
9 4
15 -3 76 -5
60 90 2 13
50 72 49 41
92 -31 -40 57
-18 94 18 78
82 -1 -48 47
-43 30 27 80
43 -47 58 23
60 82 63 47
161577
2 2
66 -21
-27 75
10481
2 7
21 -44 5 86 100 92 15
-5 62 -6 -25 36 -1 79
106158
7 4
45 -40 24 72
2 -28 -37 73
-38 72 -3 -21
91 58 94 58
60 14 63 -20
-4 41 2 -11
74 84 29 80
205594
7 2
20 2
63 17
-35 -42
100 38
-30 28
-1 37
80 90
28111
7 5
58 70 5 50 -30
48 35 39 77 64
46 -28 -13 88 10
69 85 99 -33 1
-49 50 50 66 50
-47 92 28 24 57
100 64 5 44 3
61770
8 4
-4 45 7 -18
-10 -5 75 40
42 42 69 71
50 -5 33 -36
47 6 91 91
69 54 89 46
48 23 -21 13
62 80 57 71
310813
5 8
-38 26 -20 -38 67 -11 -40 84
-5 -9 34 13 -2 30 69 -30
62 100 -17 -32 97 36 -36 -9
-15 -17 52 1 -41 53 -9 25
-11 55 -50 94 29 77 41 13
303073
3 6
64 -8 88 -14 97 49
2 66 -6 47 2 41
-29 -7 59 -36 57 94
44032
5 2
79 4
83 -10
57 -15
60 28
52 2
1086
4 7
-15 38 54 51 -29 28 -28
48 6 4 -43 61 1 97
-26 -18 -44 65 13 -21 78
38 -10 62 20 79 31 21
107226
9 5
17 10 -48 -34 96
89 8 48 26 -34
-9 29 -2 23 -41
72 -14 1 65 -33
65 47 78 -6 96
39 77 63 63 -50
78 47 7 -20 -31
-4 31 76 25 56
56 69 0 31 89
418309
5 8
-4 68 1 48 -44 40 -50 -43
-48 -46 85 -30 65 26 75 99
44 -32 43 -48 -39 76 -7 8
55 72 32 92 -23 94 42 100
17 -4 -33 -5 -48 -41 56 -39
337041
8 8
-13 39 43 44 67 3 -31 80
74 -21 46 42 -28 -40 42 99
7 -37 2 46 64 35 49 -38
97 9 94 61 -38 -13 57 82
-7 -24 9 21 68 -24 -33 49
32 -37 1 40 34 44 19 8
86 -40 5 56 32 17 77 74
48 21 -49 99 53 -9 -44 -34
456525
4 5
33 -16 -10 85 55
24 -32 -1 52 -48
-48 -8 18 -49 37
99 94 90 69 96
98141
5 4
55 40 14 -40
70 -15 -5 -12
23 -16 -45 88
67 -10 -8 25
91 39 81 7
199957
7 7
54 100 30 -23 99 70 12
-47 68 -35 -17 77 44 -14
15 -36 98 61 33 -37 8
-7 -3 67 -8 50 -12 44
64 71 67 -27 -42 -43 -10
48 82 29 29 -46 18 51
16 76 43 -14 81 34 -26
392857
2 6
-11 -31 -45 4 2 68
-48 34 56 -44 78 17
23994
4 3
30 22 47
-7 -14 -38
49 -23 81
38 63 -48
37412
9 4
-4 -32 62 51
18 -42 -29 56
-31 58 -1 -32
47 -12 23 -26
14 88 -18 57
-14 -39 41 34
50 4 6 -22
25 68 35 75
53 -21 -28 51
3756
21 27
40 -10 98 -44 -14 -34 -28 -21 71 85 84 50 8 -7 -37 29 -22 15 74 73 80 -27 27 -24 -14 60 -19
58 8 39 98 96 21 -5 62 37 90 63 66 24 -24 15 71 -23 28 9 -47 29 21 47 18 57 32 -29
30 30 -40 87 67 -3 -17 57 72 19 -30 -39 9 72 -40 3 94 -35 -24 -50 87 90 31 41 66 69 64
-39 60 78 32 75 49 26 43 44 79 -30 36 42 19 40 23 -28 -3 0 33 -4 -45 21 -45 8 72 36
12 9 86 -36 -27 23 19 -6 2 -8 12 -42 59 -50 72 32 93 44 -39 32 37 71 21 -25 -37 19 97
21 0 -48 50 89 9 3 50 10 100 47 25 23 99 3 40 15 -14 89 11 77 88 -12 -35 5 26 93
33 15 20 2 -21 6 27 39 25 60 -9 -29 23 -21 78 69 81 90 -41 72 47 28 -41 73 86 -27 34
22 -6 85 -41 35 48 50 14 -20 23 21 -38 40 93 68 -10 27 35 53 67 82 21 -35 79 70 2 83
-17 40 -5 -29 -47 -39 -42 57 -37 51 0 72 -2 97 53 87 17 74 62 61 -22 78 4 -5 67 -36 21
36 94 73 34 15 76 34 36 -40 64 2 69 40 78 94 97 77 -50 13 13 71 -13 -18 42 -2 -38 15
-8 78 -47 -39 64 42 39 58 7 -48 40 77 33 37 -42 -5 63 19 -21 62 -8 55 75 70 -39 31 -22
81 -15 -31 94 46 71 89 42 -29 73 -44 3 -45 11 -19 -9 70 5 87 23 27 68 79 -4 73 52 -4
50 36 42 66 12 -31 35 49 -26 9 10 77 -12 70 67 -48 21 13 33 88 12 -14 95 18 21 54 -5
84 92 41 86 79 -15 59 -27 -4 68 77 58 -46 16 -45 0 12 80 2 75 -44 -3 37 -31 93 57 62
-38 -20 18 40 52 86 25 7 75 39 -26 34 82 57 6 -32 38 -49 99 64 7 62 -42 -18 38 52 -16
15 99 -11 5 80 100 -37 66 47 82 39 -47 -28 -50 91 -5 -29 65 14 -14 -9 -25 -15 66 87 100 62
89 -22 27 86 34 -1 65 54 79 47 52 69 17 59 71 -2 95 -15 -39 17 2 51 61 81 -36 -19 -32
44 -24 70 100 4 49 92 -36 -2 -31 51 -12 -9 91 72 37 18 -46 63 -36 91 -26 37 83 23 75 -34
67 28 -11 88 76 2 40 20 62 -3 71 52 63 -32 46 -26 1 63 -6 -18 0 -42 29 41 52 55 78
41 60 20 22 95 59 89 25 -29 -22 19 1 -39 65 -7 58 -13 31 1 60 81 83 14 -9 48 99 20
0 15 61 16 -49 49 -1 64 -46 28 26 -16 59 83 70 38 19 -8 -29 27 43 -33 -40 9 55 74 -16
4045079
0 0
