4 5
1 2
2 3
3 4
1 3
4 1
3 3
1 2
2 3
3 1
4 5
1 2
3 1
4 1
4 2
3 4
4 6
3 4
2 4
2 3
1 2
1 3
1 4
5 4
1 2
2 3
3 4
4 5
100 4950
1 2
1 3
1 4
1 6
1 7
1 8
1 9
1 10
1 11
1 12
1 13
1 14
1 15
1 16
1 17
1 18
1 19
1 20
1 21
1 22
1 23
1 24
1 25
1 26
1 27
1 28
1 29
1 30
1 31
1 32
1 33
1 34
1 35
1 36
1 37
1 38
1 39
1 40
1 41
1 42
1 43
1 44
1 45
1 46
1 47
1 48
1 49
1 50
1 51
1 52
1 53
1 54
1 55
1 56
1 57
1 58
1 59
1 60
1 61
1 62
1 63
1 64
1 65
1 66
1 67
1 68
1 69
1 70
1 71
1 72
1 73
1 74
1 75
1 76
1 77
1 78
1 79
1 80
1 81
1 82
1 83
1 84
1 85
1 86
1 87
1 88
1 89
1 90
1 91
1 92
1 93
1 94
1 95
1 96
1 97
1 98
1 99
1 100
2 3
2 4
2 5
2 6
2 7
2 8
2 9
2 11
2 12
2 13
2 14
2 15
2 16
2 17
2 18
2 19
2 20
2 21
2 22
2 23
2 24
2 25
2 26
2 27
2 28
2 29
2 30
2 31
2 32
2 33
2 34
2 35
2 36
2 37
2 38
2 39
2 40
2 41
2 42
2 43
2 44
2 45
2 46
2 47
2 48
2 49
2 50
2 51
2 52
2 53
2 54
2 55
2 56
2 57
2 58
2 59
2 60
2 61
2 62
2 63
2 64
2 65
2 66
2 67
2 68
2 69
2 70
2 71
2 72
2 73
2 74
2 75
2 76
2 77
2 78
2 79
2 80
2 81
2 82
2 83
2 84
2 85
2 86
2 87
2 88
2 89
2 90
2 91
2 92
2 93
2 94
2 95
2 96
2 97
2 98
2 99
2 100
3 4
3 5
3 6
3 7
3 8
3 9
3 10
3 11
3 12
3 13
3 14
3 16
3 17
3 18
3 19
3 20
3 21
3 22
3 23
3 24
3 25
3 26
3 27
3 28
3 29
3 30
3 31
3 32
3 33
3 34
3 35
3 36
3 37
3 38
3 39
3 40
3 41
3 42
3 43
3 44
3 45
3 46
3 47
3 48
3 49
3 50
3 51
3 52
3 53
3 54
3 55
3 56
3 57
3 58
3 59
3 60
3 61
3 62
3 63
3 64
3 65
3 66
3 67
3 68
3 69
3 70
3 71
3 72
3 73
3 74
3 75
3 76
3 77
3 78
3 79
3 80
3 81
3 82
3 83
3 84
3 85
3 86
3 87
3 88
3 89
3 90
3 91
3 92
3 93
3 94
3 95
3 96
3 97
3 98
3 99
3 100
4 5
4 6
4 7
4 8
4 9
4 10
4 11
4 12
4 13
4 14
4 15
4 16
4 17
4 18
4 19
4 21
4 22
4 23
4 24
4 25
4 26
4 27
4 28
4 29
4 30
4 31
4 32
4 33
4 34
4 35
4 36
4 37
4 38
4 39
4 40
4 41
4 42
4 43
4 44
4 45
4 46
4 47
4 48
4 49
4 50
4 51
4 52
4 53
4 54
4 55
4 56
4 57
4 58
4 59
4 60
4 61
4 62
4 63
4 64
4 65
4 66
4 67
4 68
4 69
4 70
4 71
4 72
4 73
4 74
4 75
4 76
4 77
4 78
4 79
4 80
4 81
4 82
4 83
4 84
4 85
4 86
4 87
4 88
4 89
4 90
4 91
4 92
4 93
4 94
4 95
4 96
4 97
4 98
4 99
4 100
5 6
5 7
5 8
5 9
5 10
5 11
5 12
5 13
5 14
5 15
5 16
5 17
5 18
5 19
5 20
5 21
5 22
5 23
5 24
5 26
5 27
5 28
5 29
5 30
5 31
5 32
5 33
5 34
5 35
5 36
5 37
5 38
5 39
5 40
5 41
5 42
5 43
5 44
5 45
5 46
5 47
5 48
5 49
5 50
5 51
5 52
5 53
5 54
5 55
5 56
5 57
5 58
5 59
5 60
5 61
5 62
5 63
5 64
5 65
5 66
5 67
5 68
5 69
5 70
5 71
5 72
5 73
5 74
5 75
5 76
5 77
5 78
5 79
5 80
5 81
5 82
5 83
5 84
5 85
5 86
5 87
5 88
5 89
5 90
5 91
5 92
5 93
5 94
5 95
5 96
5 97
5 98
5 99
5 100
6 7
6 8
6 9
6 10
6 11
6 12
6 13
6 14
6 15
6 16
6 17
6 18
6 19
6 20
6 21
6 22
6 23
6 24
6 25
6 26
6 27
6 28
6 29
6 31
6 32
6 33
6 34
6 35
6 36
6 37
6 38
6 39
6 40
6 41
6 42
6 43
6 44
6 45
6 46
6 47
6 48
6 49
6 50
6 51
6 52
6 53
6 54
6 55
6 56
6 57
6 58
6 59
6 60
6 61
6 62
6 63
6 64
6 65
6 66
6 67
6 68
6 69
6 70
6 71
6 72
6 73
6 74
6 75
6 76
6 77
6 78
6 79
6 80
6 81
6 82
6 83
6 84
6 85
6 86
6 87
6 88
6 89
6 90
6 91
6 92
6 93
6 94
6 95
6 96
6 97
6 98
6 99
6 100
7 8
7 9
7 10
7 11
7 12
7 13
7 14
7 15
7 16
7 17
7 18
7 19
7 20
7 21
7 22
7 23
7 24
7 25
7 26
7 27
7 28
7 29
7 30
7 31
7 32
7 33
7 34
7 36
7 37
7 38
7 39
7 40
7 41
7 42
7 43
7 44
7 45
7 46
7 47
7 48
7 49
7 50
7 51
7 52
7 53
7 54
7 55
7 56
7 57
7 58
7 59
7 60
7 61
7 62
7 63
7 64
7 65
7 66
7 67
7 68
7 69
7 70
7 71
7 72
7 73
7 74
7 75
7 76
7 77
7 78
7 79
7 80
7 81
7 82
7 83
7 84
7 85
7 86
7 87
7 88
7 89
7 90
7 91
7 92
7 93
7 94
7 95
7 96
7 97
7 98
7 99
7 100
8 9
8 10
8 11
8 12
8 13
8 14
8 15
8 16
8 17
8 18
8 19
8 20
8 21
8 22
8 23
8 24
8 25
8 26
8 27
8 28
8 29
8 30
8 31
8 32
8 33
8 34
8 35
8 36
8 37
8 38
8 39
8 41
8 42
8 43
8 44
8 45
8 46
8 47
8 48
8 49
8 50
8 51
8 52
8 53
8 54
8 55
8 56
8 57
8 58
8 59
8 60
8 61
8 62
8 63
8 64
8 65
8 66
8 67
8 68
8 69
8 70
8 71
8 72
8 73
8 74
8 75
8 76
8 77
8 78
8 79
8 80
8 81
8 82
8 83
8 84
8 85
8 86
8 87
8 88
8 89
8 90
8 91
8 92
8 93
8 94
8 95
8 96
8 97
8 98
8 99
8 100
9 10
9 11
9 12
9 13
9 14
9 15
9 16
9 17
9 18
9 19
9 20
9 21
9 22
9 23
9 24
9 25
9 26
9 27
9 28
9 29
9 30
9 31
9 32
9 33
9 34
9 35
9 36
9 37
9 38
9 39
9 40
9 41
9 42
9 43
9 44
9 46
9 47
9 48
9 49
9 50
9 51
9 52
9 53
9 54
9 55
9 56
9 57
9 58
9 59
9 60
9 61
9 62
9 63
9 64
9 65
9 66
9 67
9 68
9 69
9 70
9 71
9 72
9 73
9 74
9 75
9 76
9 77
9 78
9 79
9 80
9 81
9 82
9 83
9 84
9 85
9 86
9 87
9 88
9 89
9 90
9 91
9 92
9 93
9 94
9 95
9 96
9 97
9 98
9 99
9 100
10 11
10 12
10 13
10 14
10 15
10 16
10 17
10 18
10 19
10 20
10 21
10 22
10 23
10 24
10 25
10 26
10 27
10 28
10 29
10 30
10 31
10 32
10 33
10 34
10 35
10 36
10 37
10 38
10 39
10 40
10 41
10 42
10 43
10 44
10 45
10 46
10 47
10 48
10 49
10 51
10 52
10 53
10 54
10 55
10 56
10 57
10 58
10 59
10 60
10 61
10 62
10 63
10 64
10 65
10 66
10 67
10 68
10 69
10 70
10 71
10 72
10 73
10 74
10 75
10 76
10 77
10 78
10 79
10 80
10 81
10 82
10 83
10 84
10 85
10 86
10 87
10 88
10 89
10 90
10 91
10 92
10 93
10 94
10 95
10 96
10 97
10 98
10 99
10 100
11 12
11 13
11 14
11 15
11 16
11 17
11 18
11 19
11 20
11 21
11 22
11 23
11 24
11 25
11 26
11 27
11 28
11 29
11 30
11 31
11 32
11 33
11 34
11 35
11 36
11 37
11 38
11 39
11 40
11 41
11 42
11 43
11 44
11 45
11 46
11 47
11 48
11 49
11 50
11 51
11 52
11 53
11 54
11 55
11 56
11 57
11 58
11 59
11 60
11 61
11 62
11 63
11 64
11 65
11 66
11 67
11 68
11 69
11 70
11 71
11 72
11 73
11 74
11 75
11 76
11 77
11 78
11 79
11 80
11 81
11 82
11 83
11 84
11 85
11 86
11 87
11 88
11 89
11 90
11 91
11 92
11 93
11 94
11 95
11 96
11 97
11 98
11 99
11 100
12 13
12 14
12 15
12 16
12 17
12 18
12 19
12 20
12 21
12 22
12 23
12 24
12 25
12 26
12 27
12 28
12 29
12 30
12 31
12 32
12 33
12 34
12 35
12 36
12 37
12 38
12 39
12 40
12 41
12 42
12 43
12 44
12 45
12 46
12 47
12 48
12 49
12 50
12 51
12 52
12 53
12 54
12 55
12 56
12 57
12 58
12 59
12 60
12 61
12 62
12 63
12 64
12 65
12 66
12 67
12 68
12 69
12 70
12 71
12 72
12 73
12 74
12 75
12 76
12 77
12 78
12 79
12 80
12 81
12 82
12 83
12 84
12 85
12 86
12 87
12 88
12 89
12 90
12 91
12 92
12 93
12 94
12 95
12 96
12 97
12 98
12 99
12 100
13 14
13 15
13 16
13 17
13 18
13 19
13 20
13 21
13 22
13 23
13 24
13 25
13 26
13 27
13 28
13 29
13 30
13 31
13 32
13 33
13 34
13 35
13 36
13 37
13 38
13 39
13 40
13 41
13 42
13 43
13 44
13 45
13 46
13 47
13 48
13 49
13 50
13 51
13 52
13 53
13 54
13 55
13 56
13 57
13 58
13 59
13 60
13 61
13 62
13 63
13 64
13 65
13 66
13 67
13 68
13 69
13 70
13 71
13 72
13 73
13 74
13 75
13 76
13 77
13 78
13 79
13 80
13 81
13 82
13 83
13 84
13 85
13 86
13 87
13 88
13 89
13 90
13 91
13 92
13 93
13 94
13 95
13 96
13 97
13 98
13 99
13 100
14 15
14 16
14 17
14 18
14 19
14 20
14 21
14 22
14 23
14 24
14 25
14 26
14 27
14 28
14 29
14 30
14 31
14 32
14 33
14 34
14 35
14 36
14 37
14 38
14 39
14 40
14 41
14 42
14 43
14 44
14 45
14 46
14 47
14 48
14 49
14 50
14 51
14 52
14 53
14 54
14 55
14 56
14 57
14 58
14 59
14 60
14 61
14 62
14 63
14 64
14 65
14 66
14 67
14 68
14 69
14 70
14 71
14 72
14 73
14 74
14 75
14 76
14 77
14 78
14 79
14 80
14 81
14 82
14 83
14 84
14 85
14 86
14 87
14 88
14 89
14 90
14 91
14 92
14 93
14 94
14 95
14 96
14 97
14 98
14 99
14 100
15 16
15 17
15 18
15 19
15 20
15 21
15 22
15 23
15 24
15 25
15 26
15 27
15 28
15 29
15 30
15 31
15 32
15 33
15 34
15 35
15 36
15 37
15 38
15 39
15 40
15 41
15 42
15 43
15 44
15 45
15 46
15 47
15 48
15 49
15 50
15 51
15 52
15 53
15 54
15 55
15 56
15 57
15 58
15 59
15 60
15 61
15 62
15 63
15 64
15 65
15 66
15 67
15 68
15 69
15 70
15 71
15 72
15 73
15 74
15 75
15 76
15 77
15 78
15 79
15 80
15 81
15 82
15 83
15 84
15 85
15 86
15 87
15 88
15 89
15 90
15 91
15 92
15 93
15 94
15 95
15 96
15 97
15 98
15 99
15 100
16 17
16 18
16 19
16 20
16 21
16 22
16 23
16 24
16 25
16 26
16 27
16 28
16 29
16 30
16 31
16 32
16 33
16 34
16 35
16 36
16 37
16 38
16 39
16 40
16 41
16 42
16 43
16 44
16 45
16 46
16 47
16 48
16 49
16 50
16 51
16 52
16 53
16 54
16 55
16 56
16 57
16 58
16 59
16 60
16 61
16 62
16 63
16 64
16 65
16 66
16 67
16 68
16 69
16 70
16 71
16 72
16 73
16 74
16 75
16 76
16 77
16 78
16 79
16 80
16 81
16 82
16 83
16 84
16 85
16 86
16 87
16 88
16 89
16 90
16 91
16 92
16 93
16 94
16 95
16 96
16 97
16 98
16 99
16 100
17 18
17 19
17 20
17 21
17 22
17 23
17 24
17 25
17 26
17 27
17 28
17 29
17 30
17 31
17 32
17 33
17 34
17 35
17 36
17 37
17 38
17 39
17 40
17 41
17 42
17 43
17 44
17 45
17 46
17 47
17 48
17 49
17 50
17 51
17 52
17 53
17 54
17 55
17 56
17 57
17 58
17 59
17 60
17 61
17 62
17 63
17 64
17 65
17 66
17 67
17 68
17 69
17 70
17 71
17 72
17 73
17 74
17 75
17 76
17 77
17 78
17 79
17 80
17 81
17 82
17 83
17 84
17 85
17 86
17 87
17 88
17 89
17 90
17 91
17 92
17 93
17 94
17 95
17 96
17 97
17 98
17 99
17 100
18 19
18 20
18 21
18 22
18 23
18 24
18 25
18 26
18 27
18 28
18 29
18 30
18 31
18 32
18 33
18 34
18 35
18 36
18 37
18 38
18 39
18 40
18 41
18 42
18 43
18 44
18 45
18 46
18 47
18 48
18 49
18 50
18 51
18 52
18 53
18 54
18 55
18 56
18 57
18 58
18 59
18 60
18 61
18 62
18 63
18 64
18 65
18 66
18 67
18 68
18 69
18 70
18 71
18 72
18 73
18 74
18 75
18 76
18 77
18 78
18 79
18 80
18 81
18 82
18 83
18 84
18 85
18 86
18 87
18 88
18 89
18 90
18 91
18 92
18 93
18 94
18 95
18 96
18 97
18 98
18 99
18 100
19 20
19 21
19 22
19 23
19 24
19 25
19 26
19 27
19 28
19 29
19 30
19 31
19 32
19 33
19 34
19 35
19 36
19 37
19 38
19 39
19 40
19 41
19 42
19 43
19 44
19 45
19 46
19 47
19 48
19 49
19 50
19 51
19 52
19 53
19 54
19 55
19 56
19 57
19 58
19 59
19 60
19 61
19 62
19 63
19 64
19 65
19 66
19 67
19 68
19 69
19 70
19 71
19 72
19 73
19 74
19 75
19 76
19 77
19 78
19 79
19 80
19 81
19 82
19 83
19 84
19 85
19 86
19 87
19 88
19 89
19 90
19 91
19 92
19 93
19 94
19 95
19 96
19 97
19 98
19 99
19 100
20 21
20 22
20 23
20 24
20 25
20 26
20 27
20 28
20 29
20 30
20 31
20 32
20 33
20 34
20 35
20 36
20 37
20 38
20 39
20 40
20 41
20 42
20 43
20 44
20 45
20 46
20 47
20 48
20 49
20 50
20 51
20 52
20 53
20 54
20 55
20 56
20 57
20 58
20 59
20 60
20 61
20 62
20 63
20 64
20 65
20 66
20 67
20 68
20 69
20 70
20 71
20 72
20 73
20 74
20 75
20 76
20 77
20 78
20 79
20 80
20 81
20 82
20 83
20 84
20 85
20 86
20 87
20 88
20 89
20 90
20 91
20 92
20 93
20 94
20 95
20 96
20 97
20 98
20 99
20 100
21 22
21 23
21 24
21 25
21 26
21 27
21 28
21 29
21 30
21 31
21 32
21 33
21 34
21 35
21 36
21 37
21 38
21 39
21 40
21 41
21 42
21 43
21 44
21 45
21 46
21 47
21 48
21 49
21 50
21 51
21 52
21 53
21 54
21 55
21 56
21 57
21 58
21 59
21 60
21 61
21 62
21 63
21 64
21 65
21 66
21 67
21 68
21 69
21 70
21 71
21 72
21 73
21 74
21 75
21 76
21 77
21 78
21 79
21 80
21 81
21 82
21 83
21 84
21 85
21 86
21 87
21 88
21 89
21 90
21 91
21 92
21 93
21 94
21 95
21 96
21 97
21 98
21 99
21 100
22 23
22 24
22 25
22 26
22 27
22 28
22 29
22 30
22 31
22 32
22 33
22 34
22 35
22 36
22 37
22 38
22 39
22 40
22 41
22 42
22 43
22 44
22 45
22 46
22 47
22 48
22 49
22 50
22 51
22 52
22 53
22 54
22 55
22 56
22 57
22 58
22 59
22 60
22 61
22 62
22 63
22 64
22 65
22 66
22 67
22 68
22 69
22 70
22 71
22 72
22 73
22 74
22 75
22 76
22 77
22 78
22 79
22 80
22 81
22 82
22 83
22 84
22 85
22 86
22 87
22 88
22 89
22 90
22 91
22 92
22 93
22 94
22 95
22 96
22 97
22 98
22 99
22 100
23 24
23 25
23 26
23 27
23 28
23 29
23 30
23 31
23 32
23 33
23 34
23 35
23 36
23 37
23 38
23 39
23 40
23 41
23 42
23 43
23 44
23 45
23 46
23 47
23 48
23 49
23 50
23 51
23 52
23 53
23 54
23 55
23 56
23 57
23 58
23 59
23 60
23 61
23 62
23 63
23 64
23 65
23 66
23 67
23 68
23 69
23 70
23 71
23 72
23 73
23 74
23 75
23 76
23 77
23 78
23 79
23 80
23 81
23 82
23 83
23 84
23 85
23 86
23 87
23 88
23 89
23 90
23 91
23 92
23 93
23 94
23 95
23 96
23 97
23 98
23 99
23 100
24 25
24 26
24 27
24 28
24 29
24 30
24 31
24 32
24 33
24 34
24 35
24 36
24 37
24 38
24 39
24 40
24 41
24 42
24 43
24 44
24 45
24 46
24 47
24 48
24 49
24 50
24 51
24 52
24 53
24 54
24 55
24 56
24 57
24 58
24 59
24 60
24 61
24 62
24 63
24 64
24 65
24 66
24 67
24 68
24 69
24 70
24 71
24 72
24 73
24 74
24 75
24 76
24 77
24 78
24 79
24 80
24 81
24 82
24 83
24 84
24 85
24 86
24 87
24 88
24 89
24 90
24 91
24 92
24 93
24 94
24 95
24 96
24 97
24 98
24 99
24 100
25 26
25 27
25 28
25 29
25 30
25 31
25 32
25 33
25 34
25 35
25 36
25 37
25 38
25 39
25 40
25 41
25 42
25 43
25 44
25 45
25 46
25 47
25 48
25 49
25 50
25 51
25 52
25 53
25 54
25 55
25 56
25 57
25 58
25 59
25 60
25 61
25 62
25 63
25 64
25 65
25 66
25 67
25 68
25 69
25 70
25 71
25 72
25 73
25 74
25 75
25 76
25 77
25 78
25 79
25 80
25 81
25 82
25 83
25 84
25 85
25 86
25 87
25 88
25 89
25 90
25 91
25 92
25 93
25 94
25 95
25 96
25 97
25 98
25 99
25 100
26 27
26 28
26 29
26 30
26 31
26 32
26 33
26 34
26 35
26 36
26 37
26 38
26 39
26 40
26 41
26 42
26 43
26 44
26 45
26 46
26 47
26 48
26 49
26 50
26 51
26 52
26 53
26 54
26 55
26 56
26 57
26 58
26 59
26 60
26 61
26 62
26 63
26 64
26 65
26 66
26 67
26 68
26 69
26 70
26 71
26 72
26 73
26 74
26 75
26 76
26 77
26 78
26 79
26 80
26 81
26 82
26 83
26 84
26 85
26 86
26 87
26 88
26 89
26 90
26 91
26 92
26 93
26 94
26 95
26 96
26 97
26 98
26 99
26 100
27 28
27 29
27 30
27 31
27 32
27 33
27 34
27 35
27 36
27 37
27 38
27 39
27 40
27 41
27 42
27 43
27 44
27 45
27 46
27 47
27 48
27 49
27 50
27 51
27 52
27 53
27 54
27 55
27 56
27 57
27 58
27 59
27 60
27 61
27 62
27 63
27 64
27 65
27 66
27 67
27 68
27 69
27 70
27 71
27 72
27 73
27 74
27 75
27 76
27 77
27 78
27 79
27 80
27 81
27 82
27 83
27 84
27 85
27 86
27 87
27 88
27 89
27 90
27 91
27 92
27 93
27 94
27 95
27 96
27 97
27 98
27 99
27 100
28 29
28 30
28 31
28 32
28 33
28 34
28 35
28 36
28 37
28 38
28 39
28 40
28 41
28 42
28 43
28 44
28 45
28 46
28 47
28 48
28 49
28 50
28 51
28 52
28 53
28 54
28 55
28 56
28 57
28 58
28 59
28 60
28 61
28 62
28 63
28 64
28 65
28 66
28 67
28 68
28 69
28 70
28 71
28 72
28 73
28 74
28 75
28 76
28 77
28 78
28 79
28 80
28 81
28 82
28 83
28 84
28 85
28 86
28 87
28 88
28 89
28 90
28 91
28 92
28 93
28 94
28 95
28 96
28 97
28 98
28 99
28 100
29 30
29 31
29 32
29 33
29 34
29 35
29 36
29 37
29 38
29 39
29 40
29 41
29 42
29 43
29 44
29 45
29 46
29 47
29 48
29 49
29 50
29 51
29 52
29 53
29 54
29 55
29 56
29 57
29 58
29 59
29 60
29 61
29 62
29 63
29 64
29 65
29 66
29 67
29 68
29 69
29 70
29 71
29 72
29 73
29 74
29 75
29 76
29 77
29 78
29 79
29 80
29 81
29 82
29 83
29 84
29 85
29 86
29 87
29 88
29 89
29 90
29 91
29 92
29 93
29 94
29 95
29 96
29 97
29 98
29 99
29 100
30 31
30 32
30 33
30 34
30 35
30 36
30 37
30 38
30 39
30 40
30 41
30 42
30 43
30 44
30 45
30 46
30 47
30 48
30 49
30 50
30 51
30 52
30 53
30 54
30 55
30 56
30 57
30 58
30 59
30 60
30 61
30 62
30 63
30 64
30 65
30 66
30 67
30 68
30 69
30 70
30 71
30 72
30 73
30 74
30 75
30 76
30 77
30 78
30 79
30 80
30 81
30 82
30 83
30 84
30 85
30 86
30 87
30 88
30 89
30 90
30 91
30 92
30 93
30 94
30 95
30 96
30 97
30 98
30 99
30 100
31 32
31 33
31 34
31 35
31 36
31 37
31 38
31 39
31 40
31 41
31 42
31 43
31 44
31 45
31 46
31 47
31 48
31 49
31 50
31 51
31 52
31 53
31 54
31 55
31 56
31 57
31 58
31 59
31 60
31 61
31 62
31 63
31 64
31 65
31 66
31 67
31 68
31 69
31 70
31 71
31 72
31 73
31 74
31 75
31 76
31 77
31 78
31 79
31 80
31 81
31 82
31 83
31 84
31 85
31 86
31 87
31 88
31 89
31 90
31 91
31 92
31 93
31 94
31 95
31 96
31 97
31 98
31 99
31 100
32 33
32 34
32 35
32 36
32 37
32 38
32 39
32 40
32 41
32 42
32 43
32 44
32 45
32 46
32 47
32 48
32 49
32 50
32 51
32 52
32 53
32 54
32 55
32 56
32 57
32 58
32 59
32 60
32 61
32 62
32 63
32 64
32 65
32 66
32 67
32 68
32 69
32 70
32 71
32 72
32 73
32 74
32 75
32 76
32 77
32 78
32 79
32 80
32 81
32 82
32 83
32 84
32 85
32 86
32 87
32 88
32 89
32 90
32 91
32 92
32 93
32 94
32 95
32 96
32 97
32 98
32 99
32 100
33 34
33 35
33 36
33 37
33 38
33 39
33 40
33 41
33 42
33 43
33 44
33 45
33 46
33 47
33 48
33 49
33 50
33 51
33 52
33 53
33 54
33 55
33 56
33 57
33 58
33 59
33 60
33 61
33 62
33 63
33 64
33 65
33 66
33 67
33 68
33 69
33 70
33 71
33 72
33 73
33 74
33 75
33 76
33 77
33 78
33 79
33 80
33 81
33 82
33 83
33 84
33 85
33 86
33 87
33 88
33 89
33 90
33 91
33 92
33 93
33 94
33 95
33 96
33 97
33 98
33 99
33 100
34 35
34 36
34 37
34 38
34 39
34 40
34 41
34 42
34 43
34 44
34 45
34 46
34 47
34 48
34 49
34 50
34 51
34 52
34 53
34 54
34 55
34 56
34 57
34 58
34 59
34 60
34 61
34 62
34 63
34 64
34 65
34 66
34 67
34 68
34 69
34 70
34 71
34 72
34 73
34 74
34 75
34 76
34 77
34 78
34 79
34 80
34 81
34 82
34 83
34 84
34 85
34 86
34 87
34 88
34 89
34 90
34 91
34 92
34 93
34 94
34 95
34 96
34 97
34 98
34 99
34 100
35 36
35 37
35 38
35 39
35 40
35 41
35 42
35 43
35 44
35 45
35 46
35 47
35 48
35 49
35 50
35 51
35 52
35 53
35 54
35 55
35 56
35 57
35 58
35 59
35 60
35 61
35 62
35 63
35 64
35 65
35 66
35 67
35 68
35 69
35 70
35 71
35 72
35 73
35 74
35 75
35 76
35 77
35 78
35 79
35 80
35 81
35 82
35 83
35 84
35 85
35 86
35 87
35 88
35 89
35 90
35 91
35 92
35 93
35 94
35 95
35 96
35 97
35 98
35 99
35 100
36 37
36 38
36 39
36 40
36 41
36 42
36 43
36 44
36 45
36 46
36 47
36 48
36 49
36 50
36 51
36 52
36 53
36 54
36 55
36 56
36 57
36 58
36 59
36 60
36 61
36 62
36 63
36 64
36 65
36 66
36 67
36 68
36 69
36 70
36 71
36 72
36 73
36 74
36 75
36 76
36 77
36 78
36 79
36 80
36 81
36 82
36 83
36 84
36 85
36 86
36 87
36 88
36 89
36 90
36 91
36 92
36 93
36 94
36 95
36 96
36 97
36 98
36 99
36 100
37 38
37 39
37 40
37 41
37 42
37 43
37 44
37 45
37 46
37 47
37 48
37 49
37 50
37 51
37 52
37 53
37 54
37 55
37 56
37 57
37 58
37 59
37 60
37 61
37 62
37 63
37 64
37 65
37 66
37 67
37 68
37 69
37 70
37 71
37 72
37 73
37 74
37 75
37 76
37 77
37 78
37 79
37 80
37 81
37 82
37 83
37 84
37 85
37 86
37 87
37 88
37 89
37 90
37 91
37 92
37 93
37 94
37 95
37 96
37 97
37 98
37 99
37 100
38 39
38 40
38 41
38 42
38 43
38 44
38 45
38 46
38 47
38 48
38 49
38 50
38 51
38 52
38 53
38 54
38 55
38 56
38 57
38 58
38 59
38 60
38 61
38 62
38 63
38 64
38 65
38 66
38 67
38 68
38 69
38 70
38 71
38 72
38 73
38 74
38 75
38 76
38 77
38 78
38 79
38 80
38 81
38 82
38 83
38 84
38 85
38 86
38 87
38 88
38 89
38 90
38 91
38 92
38 93
38 94
38 95
38 96
38 97
38 98
38 99
38 100
39 40
39 41
39 42
39 43
39 44
39 45
39 46
39 47
39 48
39 49
39 50
39 51
39 52
39 53
39 54
39 55
39 56
39 57
39 58
39 59
39 60
39 61
39 62
39 63
39 64
39 65
39 66
39 67
39 68
39 69
39 70
39 71
39 72
39 73
39 74
39 75
39 76
39 77
39 78
39 79
39 80
39 81
39 82
39 83
39 84
39 85
39 86
39 87
39 88
39 89
39 90
39 91
39 92
39 93
39 94
39 95
39 96
39 97
39 98
39 99
39 100
40 41
40 42
40 43
40 44
40 45
40 46
40 47
40 48
40 49
40 50
40 51
40 52
40 53
40 54
40 55
40 56
40 57
40 58
40 59
40 60
40 61
40 62
40 63
40 64
40 65
40 66
40 67
40 68
40 69
40 70
40 71
40 72
40 73
40 74
40 75
40 76
40 77
40 78
40 79
40 80
40 81
40 82
40 83
40 84
40 85
40 86
40 87
40 88
40 89
40 90
40 91
40 92
40 93
40 94
40 95
40 96
40 97
40 98
40 99
40 100
41 42
41 43
41 44
41 45
41 46
41 47
41 48
41 49
41 50
41 51
41 52
41 53
41 54
41 55
41 56
41 57
41 58
41 59
41 60
41 61
41 62
41 63
41 64
41 65
41 66
41 67
41 68
41 69
41 70
41 71
41 72
41 73
41 74
41 75
41 76
41 77
41 78
41 79
41 80
41 81
41 82
41 83
41 84
41 85
41 86
41 87
41 88
41 89
41 90
41 91
41 92
41 93
41 94
41 95
41 96
41 97
41 98
41 99
41 100
42 43
42 44
42 45
42 46
42 47
42 48
42 49
42 50
42 51
42 52
42 53
42 54
42 55
42 56
42 57
42 58
42 59
42 60
42 61
42 62
42 63
42 64
42 65
42 66
42 67
42 68
42 69
42 70
42 71
42 72
42 73
42 74
42 75
42 76
42 77
42 78
42 79
42 80
42 81
42 82
42 83
42 84
42 85
42 86
42 87
42 88
42 89
42 90
42 91
42 92
42 93
42 94
42 95
42 96
42 97
42 98
42 99
42 100
43 44
43 45
43 46
43 47
43 48
43 49
43 50
43 51
43 52
43 53
43 54
43 55
43 56
43 57
43 58
43 59
43 60
43 61
43 62
43 63
43 64
43 65
43 66
43 67
43 68
43 69
43 70
43 71
43 72
43 73
43 74
43 75
43 76
43 77
43 78
43 79
43 80
43 81
43 82
43 83
43 84
43 85
43 86
43 87
43 88
43 89
43 90
43 91
43 92
43 93
43 94
43 95
43 96
43 97
43 98
43 99
43 100
44 45
44 46
44 47
44 48
44 49
44 50
44 51
44 52
44 53
44 54
44 55
44 56
44 57
44 58
44 59
44 60
44 61
44 62
44 63
44 64
44 65
44 66
44 67
44 68
44 69
44 70
44 71
44 72
44 73
44 74
44 75
44 76
44 77
44 78
44 79
44 80
44 81
44 82
44 83
44 84
44 85
44 86
44 87
44 88
44 89
44 90
44 91
44 92
44 93
44 94
44 95
44 96
44 97
44 98
44 99
44 100
45 46
45 47
45 48
45 49
45 50
45 51
45 52
45 53
45 54
45 55
45 56
45 57
45 58
45 59
45 60
45 61
45 62
45 63
45 64
45 65
45 66
45 67
45 68
45 69
45 70
45 71
45 72
45 73
45 74
45 75
45 76
45 77
45 78
45 79
45 80
45 81
45 82
45 83
45 84
45 85
45 86
45 87
45 88
45 89
45 90
45 91
45 92
45 93
45 94
45 95
45 96
45 97
45 98
45 99
45 100
46 47
46 48
46 49
46 50
46 51
46 52
46 53
46 54
46 55
46 56
46 57
46 58
46 59
46 60
46 61
46 62
46 63
46 64
46 65
46 66
46 67
46 68
46 69
46 70
46 71
46 72
46 73
46 74
46 75
46 76
46 77
46 78
46 79
46 80
46 81
46 82
46 83
46 84
46 85
46 86
46 87
46 88
46 89
46 90
46 91
46 92
46 93
46 94
46 95
46 96
46 97
46 98
46 99
46 100
47 48
47 49
47 50
47 51
47 52
47 53
47 54
47 55
47 56
47 57
47 58
47 59
47 60
47 61
47 62
47 63
47 64
47 65
47 66
47 67
47 68
47 69
47 70
47 71
47 72
47 73
47 74
47 75
47 76
47 77
47 78
47 79
47 80
47 81
47 82
47 83
47 84
47 85
47 86
47 87
47 88
47 89
47 90
47 91
47 92
47 93
47 94
47 95
47 96
47 97
47 98
47 99
47 100
48 49
48 50
48 51
48 52
48 53
48 54
48 55
48 56
48 57
48 58
48 59
48 60
48 61
48 62
48 63
48 64
48 65
48 66
48 67
48 68
48 69
48 70
48 71
48 72
48 73
48 74
48 75
48 76
48 77
48 78
48 79
48 80
48 81
48 82
48 83
48 84
48 85
48 86
48 87
48 88
48 89
48 90
48 91
48 92
48 93
48 94
48 95
48 96
48 97
48 98
48 99
48 100
49 50
49 51
49 52
49 53
49 54
49 55
49 56
49 57
49 58
49 59
49 60
49 61
49 62
49 63
49 64
49 65
49 66
49 67
49 68
49 69
49 70
49 71
49 72
49 73
49 74
49 75
49 76
49 77
49 78
49 79
49 80
49 81
49 82
49 83
49 84
49 85
49 86
49 87
49 88
49 89
49 90
49 91
49 92
49 93
49 94
49 95
49 96
49 97
49 98
49 99
49 100
50 51
50 52
50 53
50 54
50 55
50 56
50 57
50 58
50 59
50 60
50 61
50 62
50 63
50 64
50 65
50 66
50 67
50 68
50 69
50 70
50 71
50 72
50 73
50 74
50 75
50 76
50 77
50 78
50 79
50 80
50 81
50 82
50 83
50 84
50 85
50 86
50 87
50 88
50 89
50 90
50 91
50 92
50 93
50 94
50 95
50 96
50 97
50 98
50 99
50 100
51 52
51 53
51 54
51 55
51 56
51 57
51 58
51 59
51 60
51 61
51 62
51 63
51 64
51 65
51 66
51 67
51 68
51 69
51 70
51 71
51 72
51 73
51 74
51 75
51 76
51 77
51 78
51 79
51 80
51 81
51 82
51 83
51 84
51 85
51 86
51 87
51 88
51 89
51 90
51 91
51 92
51 93
51 94
51 95
51 96
51 97
51 98
51 99
51 100
52 53
52 54
52 55
52 56
52 57
52 58
52 59
52 60
52 61
52 62
52 63
52 64
52 65
52 66
52 67
52 68
52 69
52 70
52 71
52 72
52 73
52 74
52 75
52 76
52 77
52 78
52 79
52 80
52 81
52 82
52 83
52 84
52 85
52 86
52 87
52 88
52 89
52 90
52 91
52 92
52 93
52 94
52 95
52 96
52 97
52 98
52 99
52 100
53 54
53 55
53 56
53 57
53 58
53 59
53 60
53 61
53 62
53 63
53 64
53 65
53 66
53 67
53 68
53 69
53 70
53 71
53 72
53 73
53 74
53 75
53 76
53 77
53 78
53 79
53 80
53 81
53 82
53 83
53 84
53 85
53 86
53 87
53 88
53 89
53 90
53 91
53 92
53 93
53 94
53 95
53 96
53 97
53 98
53 99
53 100
54 55
54 56
54 57
54 58
54 59
54 60
54 61
54 62
54 63
54 64
54 65
54 66
54 67
54 68
54 69
54 70
54 71
54 72
54 73
54 74
54 75
54 76
54 77
54 78
54 79
54 80
54 81
54 82
54 83
54 84
54 85
54 86
54 87
54 88
54 89
54 90
54 91
54 92
54 93
54 94
54 95
54 96
54 97
54 98
54 99
54 100
55 56
55 57
55 58
55 59
55 60
55 61
55 62
55 63
55 64
55 65
55 66
55 67
55 68
55 69
55 70
55 71
55 72
55 73
55 74
55 75
55 76
55 77
55 78
55 79
55 80
55 81
55 82
55 83
55 84
55 85
55 86
55 87
55 88
55 89
55 90
55 91
55 92
55 93
55 94
55 95
55 96
55 97
55 98
55 99
55 100
56 57
56 58
56 59
56 60
56 61
56 62
56 63
56 64
56 65
56 66
56 67
56 68
56 69
56 70
56 71
56 72
56 73
56 74
56 75
56 76
56 77
56 78
56 79
56 80
56 81
56 82
56 83
56 84
56 85
56 86
56 87
56 88
56 89
56 90
56 91
56 92
56 93
56 94
56 95
56 96
56 97
56 98
56 99
56 100
57 58
57 59
57 60
57 61
57 62
57 63
57 64
57 65
57 66
57 67
57 68
57 69
57 70
57 71
57 72
57 73
57 74
57 75
57 76
57 77
57 78
57 79
57 80
57 81
57 82
57 83
57 84
57 85
57 86
57 87
57 88
57 89
57 90
57 91
57 92
57 93
57 94
57 95
57 96
57 97
57 98
57 99
57 100
58 59
58 60
58 61
58 62
58 63
58 64
58 65
58 66
58 67
58 68
58 69
58 70
58 71
58 72
58 73
58 74
58 75
58 76
58 77
58 78
58 79
58 80
58 81
58 82
58 83
58 84
58 85
58 86
58 87
58 88
58 89
58 90
58 91
58 92
58 93
58 94
58 95
58 96
58 97
58 98
58 99
58 100
59 60
59 61
59 62
59 63
59 64
59 65
59 66
59 67
59 68
59 69
59 70
59 71
59 72
59 73
59 74
59 75
59 76
59 77
59 78
59 79
59 80
59 81
59 82
59 83
59 84
59 85
59 86
59 87
59 88
59 89
59 90
59 91
59 92
59 93
59 94
59 95
59 96
59 97
59 98
59 99
59 100
60 61
60 62
60 63
60 64
60 65
60 66
60 67
60 68
60 69
60 70
60 71
60 72
60 73
60 74
60 75
60 76
60 77
60 78
60 79
60 80
60 81
60 82
60 83
60 84
60 85
60 86
60 87
60 88
60 89
60 90
60 91
60 92
60 93
60 94
60 95
60 96
60 97
60 98
60 99
60 100
61 62
61 63
61 64
61 65
61 66
61 67
61 68
61 69
61 70
61 71
61 72
61 73
61 74
61 75
61 76
61 77
61 78
61 79
61 80
61 81
61 82
61 83
61 84
61 85
61 86
61 87
61 88
61 89
61 90
61 91
61 92
61 93
61 94
61 95
61 96
61 97
61 98
61 99
61 100
62 63
62 64
62 65
62 66
62 67
62 68
62 69
62 70
62 71
62 72
62 73
62 74
62 75
62 76
62 77
62 78
62 79
62 80
62 81
62 82
62 83
62 84
62 85
62 86
62 87
62 88
62 89
62 90
62 91
62 92
62 93
62 94
62 95
62 96
62 97
62 98
62 99
62 100
63 64
63 65
63 66
63 67
63 68
63 69
63 70
63 71
63 72
63 73
63 74
63 75
63 76
63 77
63 78
63 79
63 80
63 81
63 82
63 83
63 84
63 85
63 86
63 87
63 88
63 89
63 90
63 91
63 92
63 93
63 94
63 95
63 96
63 97
63 98
63 99
63 100
64 65
64 66
64 67
64 68
64 69
64 70
64 71
64 72
64 73
64 74
64 75
64 76
64 77
64 78
64 79
64 80
64 81
64 82
64 83
64 84
64 85
64 86
64 87
64 88
64 89
64 90
64 91
64 92
64 93
64 94
64 95
64 96
64 97
64 98
64 99
64 100
65 66
65 67
65 68
65 69
65 70
65 71
65 72
65 73
65 74
65 75
65 76
65 77
65 78
65 79
65 80
65 81
65 82
65 83
65 84
65 85
65 86
65 87
65 88
65 89
65 90
65 91
65 92
65 93
65 94
65 95
65 96
65 97
65 98
65 99
65 100
66 67
66 68
66 69
66 70
66 71
66 72
66 73
66 74
66 75
66 76
66 77
66 78
66 79
66 80
66 81
66 82
66 83
66 84
66 85
66 86
66 87
66 88
66 89
66 90
66 91
66 92
66 93
66 94
66 95
66 96
66 97
66 98
66 99
66 100
67 68
67 69
67 70
67 71
67 72
67 73
67 74
67 75
67 76
67 77
67 78
67 79
67 80
67 81
67 82
67 83
67 84
67 85
67 86
67 87
67 88
67 89
67 90
67 91
67 92
67 93
67 94
67 95
67 96
67 97
67 98
67 99
67 100
68 69
68 70
68 71
68 72
68 73
68 74
68 75
68 76
68 77
68 78
68 79
68 80
68 81
68 82
68 83
68 84
68 85
68 86
68 87
68 88
68 89
68 90
68 91
68 92
68 93
68 94
68 95
68 96
68 97
68 98
68 99
68 100
69 70
69 71
69 72
69 73
69 74
69 75
69 76
69 77
69 78
69 79
69 80
69 81
69 82
69 83
69 84
69 85
69 86
69 87
69 88
69 89
69 90
69 91
69 92
69 93
69 94
69 95
69 96
69 97
69 98
69 99
69 100
70 71
70 72
70 73
70 74
70 75
70 76
70 77
70 78
70 79
70 80
70 81
70 82
70 83
70 84
70 85
70 86
70 87
70 88
70 89
70 90
70 91
70 92
70 93
70 94
70 95
70 96
70 97
70 98
70 99
70 100
71 72
71 73
71 74
71 75
71 76
71 77
71 78
71 79
71 80
71 81
71 82
71 83
71 84
71 85
71 86
71 87
71 88
71 89
71 90
71 91
71 92
71 93
71 94
71 95
71 96
71 97
71 98
71 99
71 100
72 73
72 74
72 75
72 76
72 77
72 78
72 79
72 80
72 81
72 82
72 83
72 84
72 85
72 86
72 87
72 88
72 89
72 90
72 91
72 92
72 93
72 94
72 95
72 96
72 97
72 98
72 99
72 100
73 74
73 75
73 76
73 77
73 78
73 79
73 80
73 81
73 82
73 83
73 84
73 85
73 86
73 87
73 88
73 89
73 90
73 91
73 92
73 93
73 94
73 95
73 96
73 97
73 98
73 99
73 100
74 75
74 76
74 77
74 78
74 79
74 80
74 81
74 82
74 83
74 84
74 85
74 86
74 87
74 88
74 89
74 90
74 91
74 92
74 93
74 94
74 95
74 96
74 97
74 98
74 99
74 100
75 76
75 77
75 78
75 79
75 80
75 81
75 82
75 83
75 84
75 85
75 86
75 87
75 88
75 89
75 90
75 91
75 92
75 93
75 94
75 95
75 96
75 97
75 98
75 99
75 100
76 77
76 78
76 79
76 80
76 81
76 82
76 83
76 84
76 85
76 86
76 87
76 88
76 89
76 90
76 91
76 92
76 93
76 94
76 95
76 96
76 97
76 98
76 99
76 100
77 78
77 79
77 80
77 81
77 82
77 83
77 84
77 85
77 86
77 87
77 88
77 89
77 90
77 91
77 92
77 93
77 94
77 95
77 96
77 97
77 98
77 99
77 100
78 79
78 80
78 81
78 82
78 83
78 84
78 85
78 86
78 87
78 88
78 89
78 90
78 91
78 92
78 93
78 94
78 95
78 96
78 97
78 98
78 99
78 100
79 80
79 81
79 82
79 83
79 84
79 85
79 86
79 87
79 88
79 89
79 90
79 91
79 92
79 93
79 94
79 95
79 96
79 97
79 98
79 99
79 100
80 81
80 82
80 83
80 84
80 85
80 86
80 87
80 88
80 89
80 90
80 91
80 92
80 93
80 94
80 95
80 96
80 97
80 98
80 99
80 100
81 82
81 83
81 84
81 85
81 86
81 87
81 88
81 89
81 90
81 91
81 92
81 93
81 94
81 95
81 96
81 97
81 98
81 99
81 100
82 83
82 84
82 85
82 86
82 87
82 88
82 89
82 90
82 91
82 92
82 93
82 94
82 95
82 96
82 97
82 98
82 99
82 100
83 84
83 85
83 86
83 87
83 88
83 89
83 90
83 91
83 92
83 93
83 94
83 95
83 96
83 97
83 98
83 99
83 100
84 85
84 86
84 87
84 88
84 89
84 90
84 91
84 92
84 93
84 94
84 95
84 96
84 97
84 98
84 99
84 100
85 86
85 87
85 88
85 89
85 90
85 91
85 92
85 93
85 94
85 95
85 96
85 97
85 98
85 99
85 100
86 87
86 88
86 89
86 90
86 91
86 92
86 93
86 94
86 95
86 96
86 97
86 98
86 99
86 100
87 88
87 89
87 90
87 91
87 92
87 93
87 94
87 95
87 96
87 97
87 98
87 99
87 100
88 89
88 90
88 91
88 92
88 93
88 94
88 95
88 96
88 97
88 98
88 99
88 100
89 90
89 91
89 92
89 93
89 94
89 95
89 96
89 97
89 98
89 99
89 100
90 91
90 92
90 93
90 94
90 95
90 96
90 97
90 98
90 99
90 100
91 92
91 93
91 94
91 95
91 96
91 97
91 98
91 99
91 100
92 93
92 94
92 95
92 96
92 97
92 98
92 99
92 100
93 94
93 95
93 96
93 97
93 98
93 99
93 100
94 95
94 96
94 97
94 98
94 99
94 100
95 96
95 97
95 98
95 99
95 100
96 97
96 98
96 99
96 100
97 98
97 99
97 100
98 99
98 100
99 100
1 5
2 10
3 15
4 20
5 25
6 30
7 35
8 40
9 45
10 50
6 15
1 5
1 6
2 3
2 4
2 5
2 6
3 4
3 5
3 6
4 5
4 6
5 6
1 2
1 3
1 4
50 748
7 5
19 10
2 42
36 30
30 11
43 25
12 15
11 5
42 47
11 24
23 26
3 32
11 27
12 37
12 5
7 32
11 23
36 50
28 16
43 22
30 38
15 8
31 7
16 18
50 37
12 26
43 18
5 19
34 48
44 33
10 26
37 5
17 5
3 14
29 30
34 35
41 13
45 29
24 12
47 4
25 4
20 47
2 21
36 44
24 17
30 32
21 48
10 27
17 49
46 24
43 46
8 6
48 45
43 11
49 19
35 46
46 15
25 22
13 17
16 32
5 48
43 3
1 4
22 34
34 4
12 46
4 36
7 25
40 48
47 36
39 20
5 39
42 49
34 12
16 22
2 14
19 41
49 31
27 31
3 11
14 36
13 21
6 2
39 50
35 32
7 35
45 13
47 22
21 23
2 29
14 19
10 46
39 21
13 37
9 39
45 9
33 11
48 3
21 22
9 43
14 39
10 36
2 25
29 50
45 22
18 5
30 46
38 40
50 6
50 24
37 4
3 36
2 33
1 13
18 29
28 40
7 3
24 6
21 50
25 48
19 39
42 44
8 26
14 33
38 37
7 14
39 34
9 35
29 1
10 14
42 34
29 17
39 30
2 24
33 23
50 9
36 37
23 42
34 16
44 3
39 32
11 29
9 24
13 7
4 49
49 50
26 20
16 24
45 6
44 40
28 30
43 14
13 15
25 20
46 36
50 46
8 18
18 38
19 35
26 33
12 2
27 28
5 45
32 17
39 28
30 41
11 6
19 42
14 26
36 43
50 27
14 42
38 23
29 37
45 1
39 13
32 33
25 10
5 10
27 44
1 41
45 21
4 17
33 35
14 32
34 44
10 23
50 40
14 13
40 43
25 1
21 31
43 21
31 18
37 39
30 35
22 29
2 47
7 26
12 6
48 6
13 35
23 50
24 21
12 8
23 40
19 22
10 48
24 49
27 3
43 10
6 47
33 6
44 10
1 34
3 4
5 2
17 18
29 25
33 38
47 32
24 18
37 47
25 21
42 48
34 46
29 14
30 19
38 1
50 22
43 44
25 35
28 26
8 11
28 4
3 37
16 37
47 44
30 27
19 25
43 32
1 35
44 14
24 47
42 10
10 39
12 11
44 20
3 18
25 50
47 5
12 23
44 19
4 35
42 25
44 31
44 21
9 6
26 41
20 10
15 42
13 48
18 34
46 17
38 11
3 34
32 37
46 7
34 20
28 17
34 49
35 48
33 43
41 47
26 47
34 29
16 19
6 34
43 41
5 27
48 15
15 20
4 38
9 29
47 17
13 40
40 11
3 42
42 21
15 1
1 26
27 36
45 11
4 16
47 3
18 50
30 34
27 38
35 6
49 10
46 25
27 41
34 41
38 44
39 7
28 13
43 15
37 14
34 27
16 49
17 15
22 26
27 14
19 43
3 24
31 30
43 39
7 4
12 4
33 8
28 6
34 36
9 21
38 45
10 4
14 24
48 22
31 34
44 4
8 49
43 4
18 12
40 25
8 30
13 12
22 10
34 7
32 6
7 44
23 16
37 40
21 20
36 45
28 43
6 29
14 46
11 47
39 29
24 45
16 17
26 32
28 34
11 16
39 22
16 44
12 25
33 25
27 43
47 39
2 13
41 46
49 45
45 33
7 42
7 43
48 20
16 45
20 2
12 3
16 9
46 11
44 30
41 18
13 44
4 19
22 1
35 28
50 31
18 37
29 16
48 46
5 49
34 21
18 45
47 48
39 35
9 4
25 27
21 12
18 47
46 32
32 29
7 23
25 5
35 24
28 5
12 42
34 10
2 41
50 7
27 18
35 2
29 19
26 15
30 15
13 34
41 29
9 15
20 4
33 41
28 45
33 47
28 7
1 8
13 26
13 33
3 10
38 41
1 16
46 40
32 49
34 23
40 39
17 42
48 49
12 35
36 2
8 21
10 50
16 40
33 19
34 26
42 26
25 37
8 32
30 4
16 27
28 22
1 10
17 36
6 37
11 36
46 20
39 12
26 45
29 35
12 50
36 19
33 24
39 1
22 24
5 35
23 36
9 36
1 28
27 40
15 29
38 47
20 11
30 37
3 33
47 19
13 4
37 9
15 11
17 23
31 42
41 23
48 19
48 39
41 8
5 4
49 7
49 14
44 22
8 37
39 23
27 23
45 19
29 23
37 21
41 45
28 23
47 10
28 24
33 28
24 13
15 35
8 24
12 29
6 46
29 21
25 38
4 45
47 13
27 35
11 32
50 38
29 36
23 31
17 12
21 28
38 10
17 30
37 19
43 2
48 41
20 13
35 37
8 14
22 33
14 38
6 25
41 21
7 10
10 28
47 15
24 20
6 18
18 32
28 36
43 13
28 38
41 28
36 6
29 49
13 32
39 4
3 41
49 9
14 16
26 37
34 5
11 2
29 8
49 44
13 25
43 47
41 10
16 50
24 31
2 40
19 6
40 12
3 6
41 20
45 39
33 1
38 20
37 33
28 12
47 30
42 8
16 5
17 22
41 7
41 14
30 50
33 21
12 48
7 20
6 40
25 47
24 41
37 22
19 32
22 3
19 27
49 25
25 17
40 14
9 13
32 40
5 14
26 18
41 16
47 29
1 30
29 28
14 47
32 5
17 20
19 28
27 42
43 50
39 27
44 39
42 13
38 7
6 17
4 31
7 11
38 24
24 4
6 49
7 9
7 30
20 35
2 8
42 50
15 16
6 26
8 3
5 29
40 42
18 19
23 8
41 42
50 3
20 14
25 36
49 2
23 2
11 21
49 15
37 15
17 8
42 43
10 45
50 20
42 22
29 10
15 38
45 42
6 10
31 13
44 18
40 34
24 44
48 23
37 46
3 9
26 38
38 22
40 19
17 10
9 30
33 10
14 22
18 35
6 16
38 36
17 3
49 18
40 17
9 17
19 12
39 6
35 26
5 44
44 2
30 25
5 13
7 37
33 30
29 20
16 35
32 45
42 11
4 42
42 29
23 47
40 35
44 50
17 26
11 34
3 2
7 27
50 45
1 6
2 50
39 8
20 1
41 22
46 44
26 27
36 16
31 26
7 2
26 29
14 17
15 27
39 24
13 18
42 37
36 26
50 5
43 5
40 26
33 29
38 49
6 42
31 10
27 6
45 3
23 20
48 2
43 45
24 23
13 6
1 19
5 38
41 4
9 33
23 22
36 13
17 33
12 30
32 50
26 44
22 12
15 50
32 12
14 21
25 34
46 21
1 44
39 38
27 1
21 36
17 35
5 8
12 36
23 45
3 26
48 38
4 21
8 20
30 6
24 43
39 26
28 31
48 14
15 19
32 22
10 11
35 44
33 40
22 5
7 36
34 50
9 18
3 30
32 48
9 42
35 50
9 11
39 18
200 4713
25 20
75 40
5 168
144 117
117 42
172 98
46 60
41 18
165 188
43 93
90 104
11 126
41 105
47 145
47 17
27 128
43 92
142 197
111 63
170 85
120 149
58 32
124 28
63 69
200 145
47 104
170 70
17 74
135 189
176 131
40 101
145 19
66 20
10 54
114 118
136 137
163 50
178 115
95 45
187 13
98 15
79 188
19 75
5 83
143 176
96 65
118 125
81 191
38 108
67 196
184 95
169 183
30 23
190 180
169 42
193 74
140 182
182 57
97 87
52 67
63 127
19 189
169 9
4 15
88 134
134 15
47 182
13 143
28 100
158 190
185 142
153 77
17 155
165 193
134 45
62 85
5 55
73 163
28 27
196 121
136 86
105 122
10 44
55 143
51 81
24 8
194 166
155 200
137 125
28 139
179 49
187 85
84 91
6 113
54 74
188 86
37 182
154 81
50 147
36 156
180 33
130 41
190 11
83 85
36 169
55 153
39 142
5 99
115 200
178 87
70 19
119 182
182 95
150 159
197 23
199 94
148 16
40 37
9 144
7 132
3 50
70 116
111 158
39 73
26 9
94 23
84 200
98 192
74 154
167 173
30 102
55 131
187 185
152 146
25 56
155 135
34 139
114 3
37 56
167 133
115 65
155 119
6 94
129 90
199 36
143 145
90 167
136 62
173 9
155 125
43 114
34 94
49 25
13 194
196 198
101 80
62 93
87 99
179 21
175 158
110 120
170 55
52 60
98 77
183 141
197 182
29 72
72 152
73 139
101 130
48 7
107 109
20 180
126 67
153 109
118 163
42 23
75 168
54 104
142 169
198 107
54 165
76 54
152 92
116 148
177 3
155 52
128 132
99 38
20 40
107 173
3 161
178 84
166 56
13 66
132 137
55 125
135 175
38 91
199 160
54 52
158 170
100 4
81 124
170 84
123 72
145 156
117 140
85 114
7 188
145 114
166 8
172 33
27 102
46 23
191 22
49 140
91 198
111 108
95 64
95 82
45 31
92 159
75 86
38 189
93 193
105 12
178 49
172 39
24 186
130 24
174 37
4 136
10 16
20 7
68 71
115 98
131 151
185 127
95 69
146 188
97 82
166 191
133 182
114 55
117 76
149 3
26 56
200 88
91 83
170 175
99 138
110 101
32 41
109 13
12 147
13 67
151 129
61 145
187 173
52 154
117 108
73 98
169 126
1 138
176 56
94 186
166 39
40 156
45 43
175 78
12 70
37 166
38 105
99 197
187 19
48 92
174 76
14 138
168 98
173 123
143 56
176 84
34 24
101 162
80 40
58 165
52 191
69 135
183 68
67 93
151 41
167 191
11 133
125 146
183 28
122 72
135 78
112 67
134 196
137 189
131 170
161 186
102 185
134 114
116 65
61 75
24 134
170 163
19 106
189 58
59 79
57 190
16 151
36 113
133 139
23 95
188 65
113 42
51 160
159 44
88 188
52 84
12 167
168 84
59 3
2 101
56 6
107 142
178 41
13 62
118 117
188 9
70 198
118 133
105 151
140 22
196 39
184 97
107 164
135 163
151 173
176 40
156 25
109 50
17 190
172 58
146 53
135 106
64 194
23 180
67 57
103 2
86 104
186 166
105 53
76 171
12 93
57 4
184 47
122 120
169 154
28 16
45 15
130 31
111 21
136 144
127 130
34 83
152 178
39 15
54 96
191 85
123 133
200 197
165 82
134 69
15 196
173 16
32 194
169 14
137 192
70 48
157 97
144 16
31 117
193 30
51 45
175 188
85 39
25 137
134 27
125 21
27 175
90 63
148 159
83 79
150 120
143 180
96 71
167 76
112 169
21 114
54 183
43 188
153 114
93 178
63 66
103 128
111 134
183 57
155 56
116 117
148 128
42 61
155 87
59 168
64 173
47 97
131 99
108 170
185 156
5 50
60 184
162 182
193 180
97 76
179 131
28 167
9 15
39 167
87 104
43 177
28 171
56 173
129 139
189 79
61 177
84 77
77 5
192 180
45 11
62 36
183 41
175 120
58 78
162 71
51 175
16 170
16 76
86 3
140 109
200 121
70 145
76 119
115 61
188 161
189 184
160 158
131 132
136 13
17 195
136 81
71 180
185 189
154 137
34 14
100 106
83 48
70 186
181 128
127 115
26 89
99 20
140 95
110 18
171 25
45 167
138 27
24 43
134 40
6 164
198 26
100 191
62 193
105 72
39 100
138 7
195 194
117 115
113 76
109 133
104 57
118 57
51 134
164 113
36 57
79 13
132 162
109 178
131 188
112 28
2 30
52 104
52 130
9 40
171 164
96 48
151 164
148 141
3 64
63 195
181 157
126 196
27 156
71 186
139 118
89 150
135 90
160 156
67 17
87 153
67 168
72 108
24 138
190 195
47 137
141 7
29 84
40 198
62 157
131 75
147 159
136 101
50 137
110 20
167 102
99 146
137 134
29 127
118 13
62 105
110 87
2 38
68 144
42 183
23 146
44 142
181 79
29 125
156 48
74 129
197 196
103 177
116 140
45 198
120 13
141 76
131 93
41 64
181 197
58 102
171 107
155 3
75 194
87 96
17 139
41 29
127 120
79 82
91 144
140 18
34 144
3 111
106 158
60 113
150 186
80 42
118 147
9 131
187 76
50 16
41 144
148 34
58 41
67 91
185 126
145 97
124 167
164 92
192 76
121 123
127 54
191 155
162 31
182 157
90 91
20 13
196 27
151 70
61 179
195 55
173 85
29 148
153 90
176 105
19 37
42 142
105 89
177 74
116 91
186 149
82 153
148 81
133 24
51 3
163 178
63 62
175 54
109 89
183 97
187 38
111 93
132 110
95 49
164 106
42 115
187 104
57 140
122 194
18 179
32 93
46 116
162 164
24 184
113 82
98 152
178 21
14 178
176 53
186 51
26 174
105 140
42 187
68 194
42 127
200 149
113 141
90 122
76 55
68 48
84 112
149 37
44 57
146 24
67 120
40 200
20 111
50 189
148 75
75 20
101 86
25 125
171 6
189 164
84 92
84 191
105 98
78 49
138 148
53 130
30 56
86 132
54 152
184 158
21 98
36 148
161 83
17 65
168 68
84 87
26 37
55 165
40 110
186 59
65 64
94 78
165 39
50 132
109 20
21 71
40 107
70 125
111 142
43 30
39 38
2 58
171 51
109 151
164 112
142 22
49 160
115 196
158 91
194 18
50 126
154 13
101 180
11 164
193 35
53 62
101 148
4 99
133 19
152 148
137 133
44 6
115 29
195 173
49 99
70 95
169 186
153 135
172 41
164 38
107 160
61 199
131 109
71 62
127 186
94 124
5 159
74 21
114 148
157 46
184 160
11 23
164 78
177 154
129 3
152 80
148 130
109 47
186 119
38 76
166 31
62 17
67 86
161 28
162 53
83 153
34 199
159 41
117 198
130 82
97 20
197 61
48 189
155 198
28 77
41 142
22 157
10 185
98 186
94 163
148 86
74 127
126 27
141 23
86 10
76 105
194 97
7 5
26 200
58 31
99 65
157 56
109 38
176 74
33 49
127 157
9 125
18 56
104 72
163 63
187 114
2 120
114 111
101 111
53 185
127 18
147 31
66 78
69 45
54 40
127 22
75 112
105 167
170 200
138 74
153 108
173 153
168 50
9 106
116 85
196 98
39 188
149 28
21 67
90 112
16 123
25 43
149 95
166 89
115 35
96 13
111 14
22 194
27 34
26 117
77 137
8 32
167 200
124 136
60 64
36 34
24 103
29 12
16 19
19 115
136 20
186 41
106 161
47 165
157 168
72 76
91 30
191 80
164 166
198 11
107 151
138 111
57 172
79 53
115 90
173 14
97 142
36 138
193 8
48 197
155 19
18 40
107 108
165 97
89 5
42 81
196 57
193 99
49 98
65 86
147 57
67 30
167 171
37 180
95 78
108 17
199 79
165 85
102 49
116 39
57 149
177 166
167 58
22 39
181 93
21 182
124 49
118 198
141 105
174 69
157 133
95 174
189 92
26 40
25 14
148 183
13 37
80 5
11 34
101 152
15 154
134 70
149 88
88 102
16 64
157 76
143 8
68 40
34 119
96 112
180 115
67 23
129 39
53 86
72 137
23 62
120 44
186 104
71 176
172 9
17 177
150 142
52 111
67 11
193 70
184 191
159 67
41 26
35 68
76 46
138 189
51 121
156 22
94 13
94 71
138 103
19 174
176 6
30 167
119 99
20 49
26 148
127 154
180 35
175 75
131 120
63 157
115 77
62 140
126 179
166 42
19 112
134 115
14 167
172 5
166 115
91 187
159 137
148 45
175 198
118 3
66 102
44 134
151 120
159 42
87 98
119 100
198 22
12 6
27 106
42 149
175 159
200 180
2 24
175 157
198 119
8 199
82 147
16 79
104 179
154 32
8 92
28 151
181 127
117 44
77 1
125 159
146 118
191 139
164 85
50 134
143 106
183 175
103 106
144 62
124 103
27 7
176 171
103 116
6 32
95 80
55 68
59 106
154 95
151 198
49 72
29 96
20 105
167 147
143 101
96 111
182 94
153 34
136 162
197 17
171 19
158 102
130 113
150 86
151 196
23 168
121 39
162 76
75 69
108 21
188 191
181 135
73 157
116 76
178 12
91 199
91 79
190 7
172 178
53 163
93 90
65 32
52 24
148 151
4 74
158 200
200 35
13 74
20 152
66 100
163 14
103 144
72 113
35 132
135 112
91 89
172 40
69 136
66 37
91 85
141 52
145 63
66 132
48 119
125 200
58 117
101 175
187 126
87 47
60 197
125 48
120 15
56 83
49 60
15 139
97 133
115 100
62 87
23 177
150 1
184 83
144 55
2 163
106 172
84 129
34 9
5 49
1 175
75 188
154 151
106 4
86 135
156 32
81 143
66 139
157 64
28 137
186 148
166 193
20 31
48 141
198 200
197 85
78 138
91 179
75 2
77 56
9 102
131 149
104 2
192 152
6 82
13 81
196 191
30 79
119 21
96 171
107 152
155 101
67 59
85 130
75 193
112 123
190 54
58 75
17 105
181 81
7 84
6 17
74 130
24 64
24 33
54 157
128 88
16 165
38 182
77 151
38 43
153 35
22 181
36 59
24 167
139 173
130 158
183 100
130 96
87 17
73 164
28 141
135 197
51 176
34 70
108 105
11 120
127 191
194 93
117 176
22 37
87 54
36 166
22 155
138 199
34 43
190 196
48 45
153 71
27 121
24 50
126 190
26 8
3 87
33 11
129 16
106 39
50 62
48 112
92 115
114 170
95 147
184 78
185 198
145 162
81 82
178 69
134 59
33 69
21 88
80 176
46 83
93 8
165 167
42 17
1 188
25 22
13 141
185 54
27 72
168 132
48 105
26 152
90 12
192 191
81 153
99 71
87 7
11 79
110 165
179 150
123 25
69 181
105 125
79 158
69 2
145 107
1 31
180 161
149 16
65 1
174 149
162 151
108 177
176 113
143 125
157 156
105 24
147 2
56 20
34 81
34 86
48 10
136 163
44 78
106 157
22 130
77 193
12 134
31 105
175 6
8 122
40 115
196 92
158 129
95 7
86 125
76 59
110 77
183 110
121 113
189 96
83 103
38 29
182 28
110 78
99 105
129 114
89 193
14 70
119 194
199 185
165 129
105 94
87 135
87 143
194 4
29 116
29 126
107 102
167 49
87 145
155 28
41 61
89 64
77 30
161 153
19 54
105 23
49 190
37 186
93 52
94 190
98 57
110 106
9 128
94 31
62 135
151 158
200 43
134 128
46 5
63 11
82 129
77 24
25 182
124 75
95 76
171 32
134 48
73 28
43 123
26 79
54 73
126 174
49 197
80 86
179 197
88 36
147 58
156 74
184 89
44 17
60 99
184 199
87 83
118 56
44 52
130 178
20 118
11 129
137 1
100 77
120 194
33 153
180 99
117 114
170 53
57 200
53 81
73 62
95 168
169 31
142 67
185 192
81 108
123 158
174 105
26 108
84 63
34 49
192 168
153 12
52 122
51 177
115 20
72 37
49 118
174 109
20 26
94 15
56 22
16 96
186 80
175 77
136 96
86 181
35 154
28 2
128 54
92 161
81 16
68 34
136 14
18 34
23 151
171 131
34 15
180 120
187 27
26 33
199 132
149 153
158 126
82 136
94 104
4 128
155 50
63 17
89 8
102 145
102 174
85 192
140 118
77 166
40 195
112 177
14 105
91 160
126 14
60 117
57 14
140 25
134 49
41 86
126 159
101 120
147 87
92 200
105 91
37 53
20 127
51 178
132 70
97 77
186 86
42 132
88 47
89 11
67 38
71 191
44 100
4 135
77 47
167 104
91 82
190 61
154 8
37 79
180 65
26 172
137 4
18 149
100 26
71 175
112 4
179 88
121 181
24 72
136 182
180 132
54 85
16 52
152 67
86 118
137 93
130 20
73 143
155 151
117 88
33 101
52 161
192 146
14 164
70 46
54 58
49 181
71 46
95 57
151 135
118 73
52 72
193 45
21 22
76 191
66 92
115 133
159 144
89 24
122 30
20 27
28 180
73 41
73 19
176 145
94 44
96 105
156 107
1 3
182 48
196 58
29 137
83 197
198 49
90 164
101 103
141 25
144 94
39 99
80 60
180 89
15 176
62 194
67 128
89 153
98 38
162 51
189 13
28 97
23 183
97 192
154 180
192 140
64 56
68 83
200 103
136 142
87 13
27 18
7 13
80 169
111 149
106 123
141 180
172 150
156 147
29 55
108 172
126 96
58 171
171 157
157 134
187 128
86 100
160 88
17 142
49 61
185 154
127 96
80 117
104 144
43 22
191 137
33 51
156 92
154 34
93 123
118 94
65 21
196 113
175 85
24 108
175 41
119 54
121 58
46 54
16 71
24 12
32 117
172 164
46 194
149 139
56 181
52 193
174 45
102 62
89 33
33 142
117 167
155 36
184 86
185 171
10 79
44 64
44 156
62 3
91 7
197 13
130 160
59 1
9 30
10 101
21 103
75 180
74 63
185 99
158 49
89 198
5 121
107 139
91 45
55 58
160 144
143 60
164 1
51 86
181 167
143 190
6 48
102 98
98 35
146 169
33 109
45 61
91 157
14 158
170 31
16 169
122 28
190 73
135 89
159 96
64 199
48 54
4 47
82 198
142 103
83 50
77 182
27 170
88 62
133 96
181 31
187 143
128 152
121 57
9 13
148 185
154 54
32 191
159 40
124 27
94 174
159 47
41 123
107 199
127 32
138 61
158 95
103 48
173 99
141 133
64 137
1 6
69 84
108 30
172 169
53 179
132 111
38 162
54 11
31 4
193 18
97 18
84 30
147 106
165 200
90 108
51 50
123 135
89 197
193 199
52 194
124 22
31 10
6 11
37 143
92 182
85 108
117 200
28 87
87 162
27 62
13 169
7 89
174 40
35 171
151 81
62 172
69 189
12 187
144 176
104 12
122 81
9 141
149 17
58 161
155 84
62 149
133 158
7 97
147 113
124 139
72 93
115 97
60 107
13 142
6 46
7 62
161 54
136 183
61 151
193 100
155 167
86 130
98 18
111 143
29 22
39 24
42 138
113 144
53 10
5 67
12 163
84 10
13 104
133 6
93 91
2 54
147 187
199 56
17 175
78 165
82 72
53 72
121 197
70 158
190 114
53 31
116 50
90 180
110 164
103 111
159 168
45 139
63 140
37 28
172 114
102 24
104 23
136 132
164 24
33 16
93 10
28 61
163 82
44 75
72 176
51 115
119 2
14 83
51 174
26 49
193 149
35 32
198 7
108 82
4 41
50 92
123 127
31 119
192 173
80 168
119 172
52 176
25 34
127 61
150 22
61 95
183 5
124 62
68 158
149 130
198 162
159 145
200 11
111 36
92 79
68 157
121 186
124 89
15 164
134 25
54 39
120 55
64 147
92 71
181 60
189 111
129 188
128 143
148 48
110 124
104 31
154 59
158 72
14 17
120 176
90 45
136 77
86 106
177 40
71 5
123 142
64 38
140 97
154 87
176 46
106 73
102 29
150 13
194 152
185 174
77 158
194 115
19 40
149 31
50 4
8 179
77 173
43 197
5 88
46 135
200 128
116 154
159 68
47 81
104 46
195 93
137 140
146 78
93 48
17 10
4 82
122 93
97 50
10 45
40 8
195 102
48 14
148 57
103 32
33 82
117 120
8 94
83 190
58 70
89 37
52 149
172 180
99 184
147 28
110 65
196 125
31 74
90 47
188 89
154 186
107 61
103 28
61 43
78 133
194 100
177 157
105 178
155 168
195 122
48 27
119 104
18 79
38 56
176 134
8 86
197 103
81 78
88 52
187 103
8 58
57 116
34 152
181 193
161 68
154 51
131 25
36 79
189 23
135 65
84 181
194 25
32 57
160 70
22 159
48 159
148 99
24 54
171 174
114 18
135 42
173 62
25 132
148 165
184 61
48 41
11 93
79 97
174 44
89 162
54 180
123 116
128 47
59 196
76 111
6 26
61 111
11 43
166 112
66 60
75 91
149 53
10 98
34 135
126 55
132 165
34 7
50 192
129 10
192 29
80 16
52 89
83 89
167 192
92 40
60 30
115 60
150 55
135 107
46 199
36 86
107 163
197 170
143 27
93 147
28 94
60 9
190 15
59 161
118 9
115 185
138 134
59 190
133 44
84 163
85 131
22 185
63 75
33 148
75 73
190 189
88 192
51 64
144 98
199 127
152 187
33 125
197 199
24 21
104 146
147 119
160 105
69 79
90 96
52 177
35 51
81 73
200 48
37 147
31 81
142 81
184 193
75 135
23 96
106 30
8 180
135 165
56 175
147 54
16 63
50 93
111 200
63 6
63 93
78 59
186 171
91 192
127 169
114 44
119 84
120 8
191 14
172 43
47 171
153 157
173 165
1 66
57 6
47 101
60 21
6 178
130 84
191 42
106 55
182 10
136 160
194 129
36 83
176 200
167 77
61 106
31 17
140 173
110 107
66 150
111 15
43 180
177 127
110 144
5 23
98 80
100 187
192 70
21 50
156 8
79 179
30 118
46 198
101 194
157 136
163 43
110 75
143 179
197 114
63 114
159 185
65 167
191 9
23 76
44 187
65 93
39 190
151 96
74 113
132 39
118 185
71 45
138 126
17 18
160 137
181 1
23 24
117 83
187 137
71 165
188 34
138 71
77 82
174 197
95 176
105 144
181 163
179 52
14 51
33 20
132 61
6 150
142 179
107 54
72 194
40 70
148 155
148 78
142 173
144 80
199 57
141 6
92 130
78 125
61 12
54 64
78 104
62 145
178 185
183 107
49 73
55 192
174 5
107 119
87 9
13 188
112 193
89 137
106 75
20 176
103 61
174 42
144 89
133 32
39 74
55 45
19 76
153 148
182 12
165 90
145 73
124 88
57 120
23 6
187 17
188 73
86 40
25 192
127 15
157 149
157 82
52 178
101 92
144 83
18 21
62 40
97 199
12 160
124 104
163 31
40 46
132 166
101 151
31 50
82 13
91 141
143 119
178 182
51 73
153 48
200 5
44 152
86 16
135 85
105 40
97 101
173 10
168 13
91 31
166 102
148 31
168 19
167 156
85 148
109 98
49 151
146 150
39 152
118 90
190 101
17 40
82 122
190 166
139 101
177 59
80 184
134 117
178 96
182 86
85 79
131 61
9 10
180 68
96 116
137 94
82 31
157 39
100 145
51 36
30 183
199 136
122 168
167 27
191 29
179 111
34 38
61 72
19 102
191 92
164 134
154 148
97 158
1 35
161 80
9 45
69 97
176 57
125 141
199 162
102 162
162 126
75 134
144 53
97 167
135 26
77 41
25 197
63 68
152 174
175 145
106 97
191 170
21 46
19 72
64 192
171 100
120 168
1 54
165 13
39 3
170 178
81 102
157 121
13 170
61 144
46 94
93 39
46 161
93 180
125 12
36 26
16 72
141 95
157 154
61 113
71 170
104 20
179 96
61 169
145 67
100 120
37 39
68 190
28 20
12 106
48 122
103 41
63 125
79 168
149 168
166 150
170 93
8 141
130 187
139 47
185 13
160 78
88 126
136 110
120 48
16 90
177 58
10 40
155 42
59 66
104 159
176 50
74 178
32 76
200 10
100 190
198 181
147 22
147 17
123 24
27 108
182 108
171 116
123 147
131 60
71 1
83 182
177 62
66 56
63 25
36 123
24 78
200 108
156 162
76 190
172 141
198 126
34 142
110 198
144 44
63 1
11 147
19 186
20 87
164 194
107 129
63 191
32 158
117 199
123 19
82 25
103 131
85 200
132 32
3 105
31 44
101 115
48 4
26 109
58 18
98 88
150 160
58 100
37 172
25 79
134 161
8 111
71 182
154 7
122 116
141 78
132 11
104 69
58 140
80 150
42 114
100 102
184 176
193 104
77 127
76 145
4 95
66 126
84 22
131 69
81 137
63 21
67 132
112 138
158 168
194 77
59 40
42 16
35 2
40 125
26 64
69 179
119 60
165 34
196 61
56 144
172 32
129 79
82 172
44 112
115 76
195 83
115 74
194 180
23 93
114 122
111 154
48 1
152 132
52 49
5 175
32 148
81 59
18 36
150 104
4 73
173 168
88 66
15 58
93 174
200 142
76 143
74 194
187 112
82 67
13 47
106 159
55 104
26 31
139 187
93 101
91 154
92 75
118 25
150 183
55 31
118 156
176 185
176 79
143 30
74 164
168 124
135 184
160 53
167 178
141 80
5 8
69 198
22 53
197 44
49 182
164 61
144 82
78 136
160 7
194 200
155 150
21 41
23 102
52 171
106 111
63 146
13 58
104 178
133 1
68 171
156 90
198 113
44 40
52 11
42 181
189 117
56 174
153 80
92 174
5 3
72 48
52 28
95 190
30 41
140 183
35 75
15 19
180 26
96 63
39 187
180 82
144 76
88 10
112 173
81 96
102 159
161 37
141 162
79 147
173 6
118 88
152 186
66 175
23 150
12 25
19 97
140 162
142 113
141 152
30 11
26 194
158 9
166 158
143 59
100 167
145 64
71 116
167 143
95 18
84 177
124 5
66 61
121 8
131 22
61 81
161 111
80 131
8 75
131 104
18 111
37 41
26 104
155 38
124 19
172 54
176 129
1 185
14 64
6 39
164 40
105 116
143 68
45 58
8 67
14 113
156 24
45 87
172 122
153 98
146 124
170 120
99 171
77 58
132 183
5 21
34 137
87 2
36 43
68 98
73 78
189 150
59 179
47 160
128 177
79 114
126 33
171 97
90 56
81 193
155 47
96 25
33 34
99 98
157 142
50 114
104 100
123 6
196 165
49 105
155 139
82 116
48 196
121 17
19 84
38 57
179 84
97 135
41 96
43 162
11 62
168 161
186 122
72 112
165 162
83 22
119 137
94 2
200 118
190 156
38 175
191 162
23 179
12 92
96 157
143 154
130 46
193 182
129 97
32 18
122 70
138 41
68 31
20 2
4 165
30 46
44 200
160 171
155 10
181 91
157 100
21 162
185 191
131 84
9 69
124 10
136 161
126 18
28 165
133 192
43 112
145 71
87 103
136 16
1 165
193 72
180 107
103 67
72 38
92 192
52 124
81 133
191 174
159 19
36 122
127 2
82 169
35 116
116 120
179 156
164 4
41 45
46 1
103 175
179 97
72 25
3 187
149 13
176 130
57 72
27 146
101 82
20 38
29 82
112 26
85 50
105 35
124 180
63 55
189 15
69 133
57 137
87 56
60 47
32 22
156 187
123 156
200 61
116 60
60 37
179 116
28 148
138 28
65 128
18 88
169 58
1 10
84 175
160 25
78 189
145 45
117 94
23 98
101 70
104 161
22 141
98 155
27 110
42 4
52 128
192 166
115 120
15 79
48 184
28 140
63 200
173 91
25 155
105 120
40 160
141 12
195 183
198 90
8 185
105 82
64 120
126 91
152 78
17 45
50 129
8 20
27 166
183 105
67 111
65 39
182 146
30 58
6 15
79 54
59 155
89 191
117 47
68 21
35 96
125 79
48 111
39 110
82 194
95 88
92 154
179 92
155 195
43 190
21 62
155 71
11 80
129 18
179 141
170 129
117 3
190 52
110 33
192 138
164 75
15 147
16 1
64 48
2 197
170 147
191 97
38 177
59 46
47 168
10 22
43 20
92 110
117 81
38 89
97 163
99 78
200 105
108 7
93 128
18 125
74 195
161 74
30 98
42 188
166 73
14 101
44 90
139 27
67 26
11 66
113 84
151 98
157 152
78 22
134 90
136 119
146 179
117 24
97 173
6 33
81 72
129 160
134 195
28 85
98 173
147 169
108 64
179 36
108 69
56 198
125 160
87 81
31 18
13 114
43 71
43 102
148 104
17 91
46 142
67 2
39 159
166 109
121 110
188 2
39 113
173 28
82 173
18 44
100 155
141 171
3 128
118 145
155 102
88 71
145 31
126 168
44 123
118 180
28 91
21 181
90 71
33 176
28 135
82 46
79 169
2 47
57 97
69 176
45 35
156 140
175 107
55 138
154 9
154 23
44 47
37 9
55 132
168 200
114 94
70 119
170 186
153 67
118 15
147 33
191 38
53 25
18 16
170 81
103 15
16 59
192 59
142 100
80 128
44 76
76 200
40 42
115 160
115 174
105 165
190 111
123 122
127 24
72 84
151 33
158 4
186 189
16 189
107 190
148 56
31 143
185 71
55 117
153 76
171 53
125 8
167 5
140 185
25 76
111 102
72 85
169 78
27 45
115 85
177 189
117 146
192 155
45 64
17 13
196 17
7 1
142 165
83 124
74 80
185 37
160 104
111 49
85 118
7 133
87 35
35 185
27 97
77 101
11 17
110 182
68 25
156 87
90 86
126 97
137 122
82 127
54 137
191 121
153 156
147 62
47 22
57 59
35 164
77 16
74 86
123 162
131 121
34 200
79 14
18 183
181 19
98 100
143 199
133 165
164 55
65 80
162 112
28 49
185 68
166 100
177 136
6 199
2 19
37 157
15 52
67 22
116 14
72 83
151 190
35 16
60 106
167 130
127 39
89 47
111 78
152 76
107 96
52 91
173 42
129 14
134 190
67 163
2 100
62 86
172 17
2 158
91 135
183 45
22 13
89 115
133 142
65 127
48 104
103 129
68 129
105 73
34 113
190 21
103 13
76 43
56 150
19 163
190 46
17 130
79 45
71 97
135 84
16 177
185 65
16 38
122 162
78 69
57 174
135 126
168 130
19 172
190 69
18 188
60 108
62 16
186 174
195 22
4 166
13 155
10 61
136 90
22 163
63 166
173 198
101 181
196 81
143 22
159 121
8 83
133 106
118 34
103 40
183 192
179 159
26 85
161 152
106 183
168 92
153 195
61 195
18 123
151 94
11 127
33 23
194 55
3 193
65 88
137 9
100 148
15 156
12 102
50 46
198 148
198 48
174 98
130 198
95 117
115 56
4 113
195 141
15 46
70 67
31 97
110 125
122 76
178 131
171 21
177 186
196 178
75 171
124 179
199 171
33 183
32 192
44 45
72 136
4 159
144 81
82 37
63 175
136 156
172 85
167 138
120 21
79 58
149 22
178 70
68 28
78 2
25 144
51 21
64 151
128 109
157 70
27 145
142 161
4 168
119 90
28 39
15 30
4 144
75 170
121 145
124 151
115 17
81 157
1 4
184 144
64 195
179 89
86 70
153 31
97 75
37 136
162 73
120 166
60 92
32 51
55 2
160 80
7 59
148 41
25 180
26 74
155 128
159 99
143 196
127 155
51 31
74 82
78 195
114 89
27 29
151 76
73 125
115 43
176 158
191 45
7 156
158 15
101 131
163 175
30 161
197 46
154 139
113 62
164 50
18 45
135 150
6 93
146 140
99 162
180 137
152 108
105 168
122 31
162 110
58 173
91 4
63 115
27 40
64 123
146 92
193 37
73 21
140 110
143 107
149 36
178 169
133 113
60 74
52 21
52 160
159 139
11 104
184 162
2 200
8 129
135 183
197 73
156 109
10 115
28 14
99 139
22 107
92 103
167 20
7 179
65 18
120 66
48 5
147 76
67 85
21 106
199 146
89 170
71 129
98 166
147 127
147 128
153 177
105 65
110 184
85 36
104 99
177 174
184 134
15 86
11 196
108 156
183 40
141 118
78 83
130 154
143 113
83 155
171 156
117 37
195 172
174 96
74 6
163 112
103 178
49 2
82 62
44 148
3 95
87 195
196 108
18 176
61 173
6 166
107 30
73 24
55 121
38 144
189 63
90 80
156 174
39 136
150 76
86 166
18 191
30 130
155 196
138 3
50 110
147 68
5 147
129 148
41 125
145 21
67 143
1 194
120 14
60 141
151 174
105 28
142 199
17 171
128 105
106 124
193 34
168 1
55 185
195 6
198 156
56 91
104 93
151 127
91 163
146 109
31 56
166 108
158 16
196 132
97 66
186 195
31 79
30 158
138 106
164 185
24 27
116 11
169 84
199 158
60 159
179 139
118 173
84 67
148 6
171 14
188 44
54 164
126 148
137 49
32 179
13 166
1 55
56 170
175 146
171 3
188 147
69 199
185 76
158 73
156 99
190 181
50 26
170 144
175 129
60 102
156 9
149 179
111 185
120 80
66 117
109 81
120 190
117 105
110 90
73 53
84 184
158 62
78 107
51 120
67 98
68 116
173 68
44 70
98 78
141 92
119 5
165 109
132 102
2 146
82 111
75 89
87 160
158 29
174 181
164 117
71 2
18 106
28 57
40 132
186 64
132 73
21 132
180 94
72 121
166 162
20 81
171 147
117 17
53 140
132 105
137 177
38 50
116 152
186 32
119 106
102 192
59 62
147 14
148 64
101 29
125 4
187 119
34 52
152 93
19 93
91 43
6 170
96 115
121 7
198 134
174 78
15 166
108 16
26 86
49 159
44 79
139 117
7 10
30 26
49 62
126 177
133 18
21 135
151 38
181 94
57 153
155 79
30 65
27 9
185 103
63 132
49 109
172 132
142 101
177 179
79 148
102 129
68 142
148 134
117 173
79 135
193 185
164 195
89 178
156 103
8 126
85 77
113 168
30 151
184 115
69 82
90 88
150 129
172 63
78 97
3 13
60 190
90 57
117 49
41 169
16 60
35 187
169 90
22 153
99 160
188 121
127 156
131 67
121 82
200 199
30 115
195 182
166 49
139 12
73 194
119 167
26 90
61 191
169 99
122 78
153 14
54 13
74 186
85 126
14 197
47 183
35 182
64 62
188 103
172 127
106 81
64 138
163 197
100 27
176 65
122 38
171 24
54 194
85 155
6 45
96 67
144 183
17 68
78 167
183 170
151 65
117 100
152 5
106 199
39 57
176 37
71 87
179 15
32 90
36 152
158 45
40 119
20 140
133 27
52 7
45 187
157 118
113 92
173 13
80 111
45 60
32 101
123 97
11 84
68 108
92 94
41 31
190 79
33 135
35 79
163 27
67 198
172 22
141 56
147 101
162 14
187 170
116 158
12 165
57 81
65 69
26 80
163 44
106 188
137 7
80 171
68 131
159 31
88 133
67 117
27 91
101 37
166 182
116 185
105 133
31 60
175 87
103 152
123 46
179 135
77 150
191 17
168 162
133 128
187 88
75 96
48 171
74 105
24 85
137 79
30 138
24 166
170 92
27 184
102 50
155 60
95 108
133 22
161 182
14 121
151 171
19 30
115 136
24 51
4 115
198 44
73 103
32 45
138 68
162 1
113 83
41 12
126 58
64 121
40 126
170 78
66 143
171 36
192 115
25 99
187 105
13 153
41 143
130 98
11 25
50 30
121 176
129 101
52 9
118 195
88 23
132 160
99 86
35 175
22 123
50 183
23 78
122 182
70 143
15 85
63 39
83 168
104 143
103 55
165 30
107 177
17 12
181 173
146 176
130 7
174 90
182 151
13 83
48 167
51 200
95 92
141 90
93 153
90 79
115 70
12 117
176 78
68 5
158 169
197 31
174 71
134 4
48 47
78 7
177 110
111 123
190 3
42 126
156 83
76 45
164 80
195 185
13 98
55 21
187 160
116 149
160 173
155 122
129 52
22 7
129 138
183 55
191 34
38 31
139 10
42 144
112 91
133 26
166 64
186 77
198 106
110 135
66 45
168 64
98 106
158 69
69 73
173 41
21 6
171 50
93 155
165 77
171 132
119 3
133 9
144 84
1 33
199 135
96 31
74 9
53 192
1 49
65 97
119 7
20 171
46 146
122 130
34 41
66 73
164 146
131 96
169 83
16 178
81 159
76 89
181 145
46 87
93 33
188 189
82 187
157 7
74 142
4 123
106 26
76 177
77 12
53 164
114 10
150 130
43 35
64 179
122 104
84 115
37 162
98 46
93 150
1 157
55 99
119 89
60 63
133 17
62 60
177 142
197 39
154 145
156 81
180 109
184 37
166 126
4 35
62 28
143 164
43 72
113 28
136 168
89 81
105 34
84 152
153 184
43 40
11 24
106 13
69 144
125 90
166 124
72 177
54 90
138 53
77 33
93 4
157 119
13 97
179 41
51 189
112 159
140 166
155 74
40 106
56 86
65 94
107 82
38 17
1 53
71 147
44 191
123 189
189 53
84 33
64 23
179 63
21 8
130 138
170 173
164 34
152 119
18 161
77 200
52 148
131 19
93 126
66 51
171 26
134 34
174 11
145 1
134 77
40 63
158 110
62 171
63 130
19 117
109 77
140 197
95 41
24 115
118 47
15 54
64 133
75 3
113 163
21 164
101 106
58 1
72 40
149 105
35 123
150 3
18 164
181 10
196 174
130 18
123 58
146 82
181 116
30 81
11 19
175 36
58 164
113 102
27 94
189 142
130 38
44 183
127 112
196 10
33 50
172 18
102 22
11 194
140 8
169 167
200 97
43 56
46 96
183 48
57 19
14 61
65 166
4 44
195 95
88 6
92 21
174 89
162 113
190 165
173 199
177 192
41 119
173 25
165 57
171 140
46 140
80 107
64 73
96 80
126 161
161 20
110 197
161 159
87 86
143 189
157 184
8 68
66 62
177 42
133 186
51 41
104 50
60 18
5 1
194 39
52 139
79 41
34 90
112 25
96 190
199 180
195 90
139 70
46 29
20 138
93 161
119 146
50 148
46 184
186 65
85 12
91 166
143 108
191 144
1 17
178 162
153 196
87 180
99 34
189 197
81 93
162 94
84 79
57 17
145 192
190 12
85 51
150 16
57 5
123 94
194 9
33 73
63 167
188 186
152 22
15 49
163 169
5 157
88 20
182 33
12 164
193 132
158 137
179 125
190 155
64 187
74 99
28 78
144 143
143 149
125 142
67 122
101 159
19 200
135 74
96 53
183 143
120 41
161 14
190 145
101 109
179 153
155 141
122 19
96 7
121 20
15 66
157 176
178 42
12 43
119 162
173 185
113 122
27 95
60 70
35 188
68 43
189 64
48 43
191 190
126 36
111 23
4 133
101 96
160 1
20 164
182 41
6 112
68 15
30 49
150 61
146 96
200 7
44 95
158 63
146 194
159 28
95 157
160 198
161 63
184 29
100 108
52 145
45 33
70 79
79 121
61 128
101 53
17 178
132 3
161 143
102 35
53 152
47 91
61 121
43 37
62 151
32 70
181 148
109 59
178 128
154 61
142 58
137 110
128 121
56 75
152 3
124 194
192 51
138 164
6 18
83 135
74 158
109 2
108 93
14 194
5 131
112 24
48 100
58 83
49 189
44 150
21 113
9 155
181 32
150 65
176 125
172 24
174 39
41 92
90 179
57 126
183 67
50 7
58 139
76 6
52 81
5 184
177 182
144 126
45 100
63 44
15 29
146 161
52 35
90 192
134 14
185 52
49 81
67 186
171 103
163 85
137 27
197 195
121 174
146 79
147 196
185 125
122 134
24 100
81 175
133 145
39 156
16 147
159 169
141 58
13 32
9 165
191 15
61 52
69 139
174 182
164 147
191 199
122 24
98 74
32 85
184 3
39 108
68 29
158 145
91 178
41 176
3 158
63 59
191 19
147 176
52 12
29 183
119 64
34 150
146 60
91 169
84 70
37 156
36 68
189 199
175 109
131 63
128 194
131 114
77 145
189 84
62 98
49 113
98 167
104 91
89 107
40 84
170 153
172 151
62 110
57 107
34 48
197 18
138 137
3 137
124 91
143 178
73 7
51 34
73 111
127 113
93 47
66 53
122 37
116 40
146 81
157 6
23 167
66 87
115 193
145 123
112 115
90 13
164 67
192 23
192 86
4 98
120 95
5 35
127 171
19 38
109 15
75 179
71 128
66 83
128 87
76 139
102 7
18 91
120 9
145 135
142 145
32 198
191 77
12 109
149 104
169 18
160 46
191 119
28 128
12 156
59 147
12 36
168 17
193 9
141 21
37 74
86 137
163 173
173 109
149 75
8 49
31 25
104 96
112 57
95 132
76 109
159 6
186 36
2 32
62 69
52 46
178 80
105 118
152 62
34 42
61 65
109 144
143 170
129 123
179 71
95 60
193 51
159 140
59 139
114 30
110 133
146 35
16 73
161 197
31 102
191 56
94 19
8 25
143 64
81 180
83 119
134 76
65 175
127 114
45 40
145 166
145 117
193 139
131 160
177 168
51 16
129 80
125 114
69 41
158 109
192 184
2 50
134 110
24 69
1 170
6 34
31 136
162 78
60 189
194 187
96 69
77 91
21 70
178 118
159 173
28 118
23 185
27 158
52 69
33 198
117 102
38 45
133 122
174 13
189 74
60 71
16 12
62 130
134 71
119 114
188 135
178 81
151 136
146 58
168 194
158 127
135 154
99 112
66 39
92 144
59 90
168 147
96 195
138 11
199 31
101 145
33 187
49 13
124 171
96 109
182 199
62 192
107 23
157 42
73 37
170 199
100 176
191 90
132 113
98 133
178 72
103 147
42 192
8 110
7 25
181 161
113 170
198 68
69 5
180 114
132 119
32 16
183 59
103 104
87 44
13 99
8 157
99 85
109 94
48 20
102 112
46 145
74 47
188 116
72 114
99 100
128 183
40 137
25 3
121 23
61 98
106 36
25 143
19 167
193 195
170 61
151 184
114 161
75 153
24 20
70 96
181 184
74 1
187 92
108 159
136 169
113 29
66 109
182 29
165 79
109 80
118 19
59 49
194 28
180 129
134 97
127 56
44 43
17 148
163 41
159 191
14 198
136 30
29 75
170 151
48 16
176 23
55 35
14 19
120 33
118 96
123 194
71 132
75 7
156 110
90 53
69 142
83 44
67 74
141 11
195 33
40 117
196 172
127 194
98 42
158 197
139 21
56 187
140 67
64 164
52 18
17 29
69 49
120 158
74 157
190 35
52 165
33 190
82 96
135 80
157 139
59 77
191 23
110 116
61 108
103 108
134 105
19 52
79 102
160 190
96 22
89 79
35 149
157 113
10 82
37 20
191 145
178 125
197 171
150 188
48 161
172 110
74 111
22 183
78 91
193 71
134 118
31 90
177 11
129 145
77 87
18 173
89 19
100 75
145 182
140 6
126 102
79 50
38 46
108 198
6 43
188 66
114 22
57 10
197 24
177 98
190 81
145 84
109 102
155 81
50 39
67 43
169 110
79 52
95 14
28 117
93 167
48 69
67 99
166 125
54 62
73 83
32 74
102 54
59 164
191 130
59 8
160 57
186 125
170 94
93 57
173 74
147 148
194 33
9 134
104 85
174 150
47 3
69 83
189 80
41 84
27 81
64 28
78 47
187 107
100 118
198 51
196 32
1 15
85 194
157 2
112 56
150 15
192 181
50 98
68 81
179 130
16 130
190 64
26 125
53 113
169 119
94 10
108 142
143 134
128 101
55 169
171 139
145 169
35 85
117 71
91 6
38 150
147 125
129 172
192 119
80 63
62 74
100 82
72 17
14 6
45 52
113 33
150 58
96 14
92 116
194 149
35 159
54 81
146 77
197 123
111 109
81 14
80 138
166 44
199 175
186 167
172 163
159 171
23 149
63 141
83 98
76 41
159 30
59 31
20 62
55 172
165 164
76 79
183 108
89 108
12 128
92 42
24 97
77 122
143 100
180 41
9 80
126 99
153 129
150 29
111 79
151 2
22 154
185 146
20 185
181 59
31 54
129 140
100 125
184 53
45 98
195 170
35 151
149 195
179 54
136 154
139 90
16 21
193 169
150 60
90 173
83 174
188 59
162 188
182 179
97 151
197 63
91 5
17 152
58 143
11 165
112 12
133 56
128 8
126 188
133 138
161 21
125 169
187 110
38 78
120 129
57 139
143 121
27 141
83 172
134 192
1 34
138 146
140 82
12 79
58 125
31 76
193 44
17 64
22 34
153 30
38 200
130 161
184 30
185 5
105 58
108 151
162 173
161 176
163 160
144 187
71 10
36 71
7 185
95 33
187 32
109 189
125 96
56 52
164 2
135 130
128 197
101 144
85 4
84 83
38 14
100 128
109 74
6 5
81 90
21 143
156 116
106 89
35 156
39 86
139 13
71 58
154 31
67 199
187 120
117 99
104 107
141 170
40 87
108 133
61 93
63 87
127 1
42 62
29 132
166 117
7 127
182 76
187 80
117 62
75 93
6 198
108 48
187 118
108 127
85 76
44 28
23 106
190 102
48 15
156 196
150 31
106 171
39 179
53 12
113 3
86 156
139 132
186 165
166 141
15 35
160 141
163 195
169 46
44 2
148 77
175 125
157 19
169 149
172 81
4 18
27 8
31 185
132 17
181 142
196 142
150 46
55 53
158 83
166 43
96 57
158 188
117 142
29 51
47 29
44 129
137 148
89 14
184 85
97 127
65 103
3 122
90 11
139 19
94 110
60 78
39 75
54 196
35 138
107 81
111 31
42 176
53 83
47 38
53 122
70 16
148 5
178 145
14 172
78 194
133 168
83 163
69 124
165 5
101 54
167 17
58 179
117 4
63 168
189 151
3 92
20 122
188 11
147 18
159 183
133 161
30 32
105 47
167 50
24 199
4 114
191 59
79 1
15 97
5 132
48 99
166 103
76 4
187 109
122 60
27 147
88 89
72 109
83 134
42 11
2 143
63 23
87 69
26 113
110 96
30 156
70 64
115 22
101 22
198 183
199 77
181 156
102 165
57 94
137 85
2 64
61 194
170 73
73 117
116 38
118 150
174 163
160 16
59 72
106 90
78 173
77 29
6 116
30 39
57 70
175 7
38 63
6 154
67 87
30 61
75 198
182 111
76 86
52 99
91 98
17 95
35 37
55 86
59 123
67 180
122 192
154 179
19 47
31 107
99 7
76 81
79 117
44 8
189 1
18 107
148 84
76 65
15 72
137 39
0 0
