100
7 1 3 1 4 7 2 7
4 9 3 7 2
10 8 9 10 8 7 1 9 2 9 10
9 10 3 9 3 10 5 3 6 6
9 6 2 10 1 7 3 6 7 5
2 4 10
2 5 9
5 1 1 2 10 6
6 9 7 7 7 6 4
9 3 7 6 7 9 3 2 9 7
7 4 8 7 4 1 7 4
2 2 10
2 10 2
5 7 1 7 2 3
10 4 5 4 4 3 10 5 3 2 9
8 1 1 1 1 10 10 3 10
7 6 3 9 1 10 1 3
10 3 3 2 1 6 6 5 7 3 2
10 9 10 9 9 7 5 6 6 3 4
10 3 7 7 9 2 6 9 10 2 6
2 7 6
3 6 1 5
11 3 6 10 9 1 9 6 9 6 1 5
11 6 9 7 3 1 5 2 4 4 3 3
3 8 2 4
5 6 1 8 8 5
8 10 4 3 6 8 6 3 1
3 7 1 3
6 1 10 1 3 5 2
6 6 4 8 7 2 10
4 8 9 10 7
2 10 10
11 4 6 1 5 10 9 9 1 3 5 1
6 6 7 4 2 8 5
7 6 7 3 9 1 1 5
6 3 8 8 3 5 3
3 8 10 5
11 3 8 3 5 3 7 3 8 8 8 5
2 5 3
8 3 7 10 4 6 8 6 2
11 8 6 4 9 1 6 6 6 1 7 9
7 6 10 1 7 3 1 7
4 8 1 4 6
2 1 1
4 8 4 4 10
11 4 7 8 7 3 2 9 2 5 4 2
4 6 3 3 7
3 8 7 2
9 7 10 1 1 2 4 3 4 10
6 6 4 2 7 5 1
5 8 10 8 9 10
8 2 8 8 9 9 2 4 2
3 7 5 8
10 8 6 5 5 1 9 7 10 8 2
4 9 2 3 7
9 2 6 7 1 6 4 2 1 10
5 4 8 9 1 10
4 6 10 10 8
2 6 3
4 8 2 2 8
8 8 3 8 6 2 4 7 10
7 6 6 2 3 2 6 1
7 2 2 8 4 10 10 9
11 4 10 7 6 6 6 3 1 3 9 9
9 10 2 2 7 1 3 1 10 1
6 8 6 2 5 2 7
4 6 2 6 8
6 10 9 10 6 5 1
10 1 8 5 9 9 5 9 7 5 1
2 10 9
9 8 9 3 1 2 9 10 2 3
10 3 6 5 1 1 7 9 6 4 10
4 5 2 6 2
8 1 9 8 6 4 3 3 6
9 7 10 10 9 10 1 3 6 9
10 8 10 10 3 6 4 10 5 5 4
3 1 3 7
10 8 5 8 4 4 6 6 8 10 8
8 1 3 8 7 2 6 3 5
6 10 3 2 7 3 6
2 4 7
7 3 6 1 8 6 4 3
7 10 3 8 10 4 7 6
7 2 7 3 9 1 9 9
10 1 10 5 8 1 1 8 3 1 1
6 1 6 1 6 1 1
10 6 6 2 5 9 5 1 9 4 3
8 2 2 8 4 6 10 8 8
6 8 2 1 10 10 7
6 5 10 8 1 9 6
11 6 10 4 7 8 2 9 5 5 3 5
2 8 7
2 9 5
6 3 1 10 2 9 6
3 2 1 8
7 8 1 1 3 3 4 1
3 5 10 1
4 8 6 9 4
7 5 7 10 10 2 3 3
6 6 9 2 9 8 5
