50
11059 11260
627854 1209286
1700 187213
1704757 1964271
3727 64070
9111 1642473
282 6369
851758 1712792
431 7004
131153 441366
1468 170027
309587 797502
112568 1934373
1717451 1941153
103251 1435373
313884 1259227
1444483 1956356
1541296 1754503
1255112 1799338
2 2000000
1682055 1970090
1023186 1836406
1915919 1935528
650070 1118899
607757 1726512
235810 354848
2000000 2000000
1264 13529
646011 1464682
1488159 1495802
198 198
1500382 1758102
1730 1861067
17541 1838168
2 2
470376 1902028
151959 425860
704 160279
15695 186126
182 19989
666 1563
96425 1705256
14940 177109
1893 18665
6903 7466
1839 17800
1176 1675770
454947 1772126
99264 1706376
1557951 1579236
