9765625 12
0 0
1 0
2 0
1 1
2 1
3 1
17871925 12919720
4755645 2518094
14481742 343163
4912010 860981
18700252 17393934
11103520 3853441
5157824 3279209
10255165 7813507
19711669 3987316
19921210 11246064
9380367 8477206
4698420 3420877
3787102 2811839
14771605 9632959
1381312 473923
9640207 6777418
4569963 1476493
12044106 9532090
14914754 2079938
14117892 11631816
14779139 10387922
5123801 623935
2668134 2644163
17852298 13702683
4585034 4571416
45999 21646
16067951 14074294
5593575 398006
8955036 7241152
4645812 293859
275011 145447
2959966 1834784
17572311 9573585
3565119 1743805
7634039 1866805
16624326 4860335
3086719 1279517
4948403 4288976
3409398 3342921
5798536 1509310
9371142 2848034
18780697 3559139
15501379 13778559
6852204 4752285
3867626 2166007
8242745 906639
13438626 11123839
11470352 9353206
12252352 4495975
11652049 10739213
15708270 5188208
3396986 1298804
2250949 1700126
11576310 2830840
13792452 10063860
1698926 1049352
17654208 3702357
1335303 1315207
5563111 2875623
3418426 1651659
442232 261852
6513763 4714528
7768123 5875159
14129656 9710355
7608141 7423782
16688005 11458868
1798249 171305
19977180 15413472
6653613 6224942
19468696 640537
10515862 7691024
4859006 744904
18163689 17829409
12080315 11001803
5758542 3351513
12012230 9627475
15871495 12901996
15577483 1468914
13338259 5631708
5570513 619904
11743363 4416222
5755814 1442951
18414462 13461061
2412792 1165469
50860 29881
8913544 3279028
15732347 2733638
9528357 2014941
1165089 1001338
853665 661106
14396812 6217079
19912810 18775353
9322982 1004873
12650894 3600661
325545 257920
760741 224483
12017676 8839057
4247173 780843
2150082 1089570
3887977 2262376
15466294 8153311
4471222 4262336
15592626 10918603
12247942 7686212
11748511 2017155
4356685 3192314
13326599 3456818
8117996 511805
677049 490438
302348 102556
12024399 6754587
18299120 14836607
4768273 3984560
19221364 4191491
545059 338140
3174551 152914
5288556 3743848
8854321 7324601
4862832 71538
9064430 1325950
10829319 10403878
16687376 12200869
5308494 2204786
7859521 1869670
15123940 3691419
2511692 319642
13414575 6848915
19310500 15904229
3080785 2310363
6715531 6405270
15645245 4914443
332570 244509
12720367 1693701
1532131 1199041
13825765 7736994
15649194 15529214
9527093 4593165
15918524 9258369
3026713 2037259
13137005 1868564
14478966 5180246
19951276 19162228
2771445 2564679
18564389 3884645
13616857 12218041
2339270 273209
19460711 19149421
6347690 4395255
3202245 2633650
11888774 4137229
3180824 2753661
9659739 4481916
13007459 5375205
8857357 2397678
195769 165687
7557468 1792063
14048189 6381633
6383006 2498403
13277607 1280066
17668724 12175751
18338954 1031263
10726428 6712864
18200574 842589
5461608 4504589
15679903 1284206
8088864 2946302
16031614 5205435
2009842 1962254
11132384 6454009
8723417 6172247
17245308 10124993
275588 48894
17919871 14658496
19764135 4922020
4205488 3129976
1358596 1224852
9951116 8310411
9795174 1557557
17768507 4632704
16339402 1283437
1460621 846038
16385491 10486246
9388315 7942742
6160877 615986
6817360 4194570
1821615 426027
16255519 6869182
19569002 343679
11131833 10181336
3393751 1363991
9841101 7524492
13581878 9523848
16870666 1196642
5209048 4963934
17634833 1497607
8567530 331552
9811285 5081870
15268405 6789063
19785618 13752344
10366937 6584256
4776346 1938481
11840959 2320546
6089622 3992386
11368945 2947397
14425144 499553
3092134 2265798
7134842 451321
863242 555044
13192997 3360677
10478591 8273156
17553527 6830095
5751737 1982625
18399515 6594675
6088715 1274250
9515732 7835651
19353827 7631993
9583475 8108592
6981803 4304606
16670493 2819749
10257992 6749570
10483661 1035607
4891163 2504693
1951110 1687309
5369601 2460407
9968580 3160826
18732202 15723889
5166593 2874712
7112453 800753
15122851 8692786
13983936 11039043
5631967 2483255
14177780 8585435
6908121 2423510
14462174 12794805
389063 221536
10198549 8889574
13196469 8456136
582897 581412
17180889 9888794
6466249 3888483
15370837 4336799
9550114 6019896
19057420 4053097
512805 48155
2054247 811080
17385571 6868085
18419311 15903406
2425849 574255
19015937 9566979
19010142 15058859
12557322 817072
16633141 15995400
1695937 1213442
7729462 7618460
585441 153365
10343063 2425615
18919690 16259117
7526909 5068981
12837272 4937487
625174 434790
8691707 1363697
2691306 1490322
1749603 586248
12568877 9568638
7521497 5423362
10852418 8142663
2467143 1256841
2298158 1013621
9500191 2057333
6500337 3639675
12435080 2847229
10167757 151476
10557461 1910559
10109566 1565326
18772711 4581950
14353716 12307859
18535891 16642072
8762162 6561961
4768607 1848538
1349059 1271083
6265904 5915035
12281493 5970176
2567641 97142
2483960 2319894
18846079 3855370
7049647 831328
5153926 2681760
11391016 7752434
15445411 7208976
8950385 89794
6036130 901059
3666906 1887770
6409775 910345
19567815 6281460
15978766 14581818
4809637 1872344
14980134 8023421
10295712 7689094
13216772 3682315
1788809 1152914
16536033 14389693
8495288 4371276
9373649 5757833
2450 1262
13071650 2973092
2496834 1187710
6946691 5733169
6627706 5819142
7372167 3110914
15758883 5300080
5058987 3279962
8206945 3180554
6855003 6131188
15255082 10562948
9679442 5709115
13717137 12231210
10234123 6967310
18475464 9475881
10773851 41518
14860401 163553
10437610 8752594
17937251 10303255
19355536 5756354
13961931 6847423
1745335 194484
84404 3446
7345928 421394
12754609 6278115
16871663 2088306
5924687 730030
751286 246014
3135388 807466
11903981 9875384
218203 177902
13432785 8501223
16111582 12534556
5462526 5403221
5263443 5126486
5376229 1051718
12169417 1216365
16898452 3655735
1586615 533017
4320401 2918082
5611735 3490728
17025444 13446479
19041085 5156881
4286893 3848464
13631253 12418400
10218569 314276
17052155 15556552
6656384 3551212
18649120 18135241
9840363 7269676
5036790 1529572
7005310 2197163
12652377 10521513
7553140 5766190
7026704 615591
4049957 3049948
19063621 4057775
8813755 1467734
5725663 5018433
9521366 2142143
17632072 9937345
14574150 8258746
19321912 1693569
9089127 6322483
124100 105068
7551625 2395263
12329828 4685299
15041728 7759817
2791856 2334334
2923514 1674920
8003593 1415742
185345 96500
18370599 11522195
3274345 1072357
12295847 6966434
471049 140748
11425193 260217
11752035 11681997
13984326 11212301
10141199 5201586
3307853 2212705
14149593 441811
14230743 11319939
11481708 1151926
14642600 11067166
2073332 1662002
8073035 7776619
17500129 3586474
51318 35401
12396079 5163908
12410064 3247277
6885452 6326031
8742975 4076847
1869184 1113978
163393 1273
2257488 1878777
5017678 695333
16529836 9411307
14658493 6939411
5188570 955421
11004133 9640177
12432780 11887901
10246669 2139400
8764764 4286424
6931611 1727059
16590017 12483547
9355248 632915
4754830 2889325
14822033 10791682
9878993 5855389
17025032 15977569
12646490 4446478
16130555 5872641
18788338 7079762
15917338 11996647
8600921 3502450
9551442 2218755
13172630 1741342
1444613 535846
7313893 3770208
15900114 7122680
8037360 7411134
16773029 15389395
454619 322800
3208103 2052780
10205184 4718522
12042013 283149
341531 165753
5184711 4044264
249055 72561
14241286 2382644
192541 110473
769691 294503
9452225 2099409
2264650 1934398
7880747 1987698
15264276 6928346
10418796 8530851
7980783 3410152
826537 250534
7249138 3022108
7807627 7780408
9056243 6674110
3208340 3111477
8669829 6011133
17883309 5680759
4515634 375068
15265786 8848986
5063420 213093
3285608 1486714
15305802 9734196
10347523 10049776
2864532 1302665
15831236 4507565
9766593 4638971
2422297 669333
18075411 15778449
16824989 4807335
6953418 2886255
9147112 2176167
12993443 4315555
4526905 3125635
11566746 10087441
653439 156076
1017308 360106
874700 143844
5981438 2281672
12662480 3472278
15189043 4330032
11807582 7461630
14031011 12800494
8532066 6056614
10810461 289991
17679926 15735234
11020193 2902360
9603073 300408
2409682 2059839
8415584 2481715
9712412 6982431
11768606 1947463
10362747 6842442
15319228 10631087
14057879 12131195
1260749 432205
12832086 4277977
8408498 5384865
17383000 6193947
594329 452074
15682225 3122395
7227929 70341
8104797 2201087
11944293 1435163
3789278 961828
7520228 1990719
1093586 851214
5243112 1706686
9887427 5475981
4663997 749636
6236892 2950405
18506297 9693336
15646747 3852650
7710159 6215458
654605 14172
14965616 4640072
17717026 3449675
15336395 1354426
2791452 2775068
4460709 2133210
1908521 171943
3429288 115798
7618389 1723471
15371487 10803655
10470141 10314656
14426932 14204508
658313 447981
6916672 5592507
17901292 5625358
12955920 7249293
14338177 13895137
14689691 13826571
14012575 8580113
7889108 3444415
2969803 1352176
2325985 2178381
19513462 12217987
17246214 10749472
14474719 1462512
2047680 1000547
11745141 4249742
1999782 933452
1915722 1177842
14094766 7960836
15430739 7357274
7434475 3556269
17932283 8573681
13680608 6888129
9018666 1967744
17514247 5331549
72624 43700
12253648 6672420
11488346 5384747
3689749 3431837
18941027 2463013
3385605 3200770
7394428 732868
1314293 148443
18076600 4515434
13493001 12340427
7787616 526994
9145527 4298485
2220948 2035760
15083469 7390484
7833108 3529623
9374501 5617693
15564119 7595322
12128594 7960487
10925528 4897080
2202159 976106
13222983 288052
12612441 4301462
7170687 3655484
7623135 5049576
7637230 3748726
1242520 727584
8059388 1108057
16959429 902174
14029268 5927754
1446425 821212
10030331 557406
2498222 66772
10758290 2072315
19110952 5429984
18723500 14996476
17927168 3258541
1275657 765572
7604842 2773804
8485475 7400698
7697861 4502971
2931691 1991692
13149205 8940888
12640222 7917867
19081080 7573817
5749027 2311171
6064691 5535629
19688911 12031631
9673522 8912206
15062219 5666259
5801531 2950521
8879175 8413332
14976133 7579689
7321017 2143654
5142999 928310
14245094 2023340
1956047 1246863
4797065 1644724
15869567 6833520
3004698 221154
7154420 5236985
12179467 2353008
3091563 29169
6736230 2282631
17511496 13932595
10789633 492092
7517010 4285372
14910616 3654688
12098589 10473618
9626357 719320
1712099 1288434
16132396 4529713
369167 228294
15238345 2324888
2320378 2138007
7575089 502807
2837137 1294790
6557851 717103
12789785 7006158
1515166 1423567
3064526 567479
10978761 6778183
18222015 4886818
9987808 1051234
13822231 6344167
17817733 7591521
4733850 2894354
16621253 1425995
19208684 7360457
16650771 8022850
6777730 2749447
8085286 3287335
15248137 3506582
19021179 17319142
1998303 398589
5390724 2516021
17186336 15865177
8597518 1753423
17709307 4782680
14012665 11536135
18830315 9307200
3471440 3464002
2843448 1618460
18869803 15602773
2540398 1357922
2198172 2161908
748569 380703
15388454 10805437
12267397 3356326
10420109 5315173
8911194 6144922
11277705 1383192
10236501 9755843
3237034 37396
15223867 1988818
4416873 2049588
13819225 8187680
19280083 7183355
11248690 8987629
19906477 6070889
17502915 5240780
16163609 11321123
8493638 937835
8091673 7599664
11230530 7499816
19058939 16765349
14961086 5344398
13844219 10453664
365126 251259
2424137 314169
19981992 14077408
2782331 2014422
17280926 4852078
11189260 5903613
3643168 1550160
15446676 5551678
11150306 5108909
6121638 5973267
16390423 5440753
18053762 17838482
14303516 8900630
14769491 3697539
9688027 1934213
12431290 9083469
10901301 8346208
6121622 5838250
19281763 6920673
17957173 9750581
9466417 5679193
14697104 6520073
12917010 4417217
9697528 8392546
789681 645135
5559384 2590693
18432118 13639797
15665497 7600497
17582019 1421719
8555802 1325121
17924303 14610063
6587739 3553082
5867732 2757135
7965098 6340725
7217973 4272035
525096 345966
12162939 6166899
12350341 9217825
15930897 9141962
4354158 4251010
15637420 9520871
4163862 678169
17437056 14889914
1507986 1098325
2392463 1503575
1962271 396946
3634142 1502306
1875178 315003
14960790 14018839
5734933 1344999
421745 71539
14499135 721284
16007000 14263400
13453282 8363407
2828292 335347
1613147 476267
920442 205638
18125317 16682814
10484694 10364834
5613734 1806754
2593371 1552961
2680812 1970619
5956959 3998390
13008631 11193112
17251514 12999145
15032402 11171476
11924126 3270461
17259855 9464649
960411 175216
12117007 7670264
14413461 8203253
13661838 9126911
11771478 1057595
15200509 4197801
4124569 3801076
1230567 103601
18128192 12064066
3437593 1791477
1912099 546619
13079369 1980174
19207959 1905807
14947819 9630998
15580278 4291759
6439132 203958
14347335 5958867
18949600 11019081
7273208 1625980
7501033 2474641
9278092 546807
10707832 10673059
2317413 1711968
18112486 14725136
1434148 41220
15183883 3335082
16918184 1943573
8617836 5978452
3189098 1568077
4694900 3948408
15363944 864928
15125418 8047942
11909269 1960477
2624668 1520941
17089024 6124541
4435110 3570644
19738640 14725187
2470077 2186341
8735162 5870593
37032 36044
17433309 12199478
7822158 7476518
15747139 874801
17506753 1570688
8181224 7099874
11798876 5937592
8748762 8627836
19353381 8961505
17282191 14617655
10125855 8394140
11563337 2747183
15164904 4673049
17994751 5825495
17285241 3012806
12601772 2031481
3293263 3140320
13692856 9106141
3304389 3197958
16213950 13343294
15907584 11513702
1905271 539054
11713474 9566703
7388205 1686999
6517229 5042277
17702856 1170052
14279373 6350985
18308223 11047128
5385715 432508
3566421 568649
1416348 981498
6583924 1672581
6048897 3583839
14313701 4995350
19688782 18233462
13211627 919904
2660771 347505
1438107 133992
17760092 3278466
19424002 312882
2058626 380134
2677856 423934
71562 8382
5040520 2919616
2220931 1334069
15147327 5068280
19479894 7330438
12384373 6473047
7172732 5725872
12620938 5768611
16587028 10705688
9520930 6406914
172975 152887
8782916 2025103
12213560 3294089
18149211 590368
7337850 324248
19789769 4485758
14106532 4425092
2857096 2778899
12222266 1938746
17312786 893318
4521229 1700398
4858125 4661658
10954167 2235651
18684410 15800181
7380336 3293889
9290824 8571266
6213721 1467031
14153629 2964605
9432698 5547060
3589639 731401
12018726 2029429
14078319 11924702
10612387 7087529
11772528 8169963
9530462 95834
12045416 5362289
12635284 11177259
13440748 5120237
8016829 7125375
15672854 10342036
18898234 10756114
6709285 139487
19278100 17598095
14199762 4658873
19154238 9301784
2298321 918553
7032465 4537688
7018003 2592357
8277168 3748497
10009045 7180106
19475603 18821204
17421393 12668982
18199160 8082101
17842232 14784002
19143528 8196617
9057039 3110511
6091179 1128404
9175776 1986791
10365330 4770968
11975487 413211
18359893 9624410
3548328 1782967
946739 856899
15525641 11529854
12504076 12220389
16828229 10682706
15379728 13077910
2627967 1120354
16416027 10556311
7033588 3265257
16410406 11166806
12606948 12165663
18780420 11346973
2852686 171391
5028503 1691473
17880546 15145285
12156649 8200872
1162813 705639
15451538 12767012
3383894 1975740
3025154 2944646
18008041 6036841
15193814 3263112
48122 44512
13905136 4799264
12926783 5687957
5654250 2340555
5592010 2053458
4105993 2437863
5720298 987574
15426893 13578556
3433669 1803539
7157732 2597789
8398105 5249525
13082163 11533307
11477020 2864007
13954643 8198004
952537 794014
2732231 1596869
16142953 3785960
16203011 14047569
14538247 6624865
1661918 920182
17556234 9796969
14292826 10126987
18588329 17280775
11230696 2359899
662921 36928
6078022 2999311
924174 334908
7743487 6671138
1995463 492811
6719790 5326945
11602829 5944795
4501479 784538
18700242 13655732
8733135 4314636
15798796 4979830
7890990 2280117
6698714 62849
7986315 975201
955992 117626
15834983 6226467
14440791 130393
6691180 6495809
5255556 4909537
2573298 1135359
16845931 6154696
11990215 8646118
11744540 3381673
5660935 567544
6940207 1867930
5971594 1738904
8190654 5960306
14618726 12565349
16617313 14168369
15120566 5140915
5959002 597763
7517928 4241036
10119774 7838351
16347784 11996800
18090591 10071297
8680218 8557256
9742002 970634
4099358 3759817
18844865 17134617
13926377 11071435
7166262 1435929
3552249 2116910
9606073 1802873
1989297 1932737
3003106 800112
3246365 1385837
7519891 1790466
4336366 3835482
2696787 1915596
3483425 1497857
8636899 4230218
4041936 3490689
9715618 624403
2183184 2118571
4035945 1077600
6209353 2364970
13584674 6372657
11555305 8193217
8261845 3866257
14258216 11819040
19849786 18141797
8678237 5095825
17172056 1410642
14063666 3587912
7866279 2909493
12536488 5726271
13028085 10835660
5313343 3250074
19813838 8305736
6899919 2459511
15049376 10820515
1322055 860377
14031863 4724521
6363915 729502
19558534 12953108
11409513 1033282
