4
0 0
0 1
1 1
1 0
3
0 1
1 0
2 2
8
1 1
2 1
2 7
3 7
3 0
0 0
0 7
1 7
7
-3 1
1 1
1 0
-2 -1
2 -1
1 2
-3 2
32
4 3
3 3
3 2
2 2
2 3
1 3
1 2
0 2
0 3
-1 3
-1 2
-2 2
-2 3
-3 3
-3 -2
-2 -2
-2 -1
-1 -1
-1 -2
0 -2
0 -1
1 -1
1 -2
2 -2
2 -1
3 -1
3 -2
4 -2
4 0
-2 0
-2 1
4 1
28
-5 3
-5 -4
4 -4
5 -3
5 1
4 1
4 -2
3 -3
2 -3
2 -1
3 -2
2 0
3 3
2 3
1 -3
0 -3
0 3
-1 3
-1 -3
-4 -3
-4 -1
-2 -2
-2 -1
-4 0
-2 2
-2 3
-4 1
-4 3
11
4 2
2 3
-1 4
-4 3
-5 2
-5 0
-4 -2
-2 -3
2 -4
5 -3
5 0
18
0 0
1 0
1 1
-1 1
-1 -2
3 -2
3 3
-3 3
-3 -4
5 -4
5 4
4 4
4 -3
-2 -3
-2 2
2 2
2 -1
0 -1
20
-86 -40
-84 -40
-84 -75
-82 -75
-82 -40
-80 -40
-80 -75
-78 -75
-78 -40
-76 -40
-76 -75
-74 -75
-74 -40
-72 -40
-72 -75
-70 -75
-70 -40
-68 -40
-68 -77
-86 -77
60
-27 79
-26 79
-26 -67
-25 -67
-25 79
-24 79
-24 -67
-23 -67
-23 79
-22 79
-22 -67
-21 -67
-21 79
-20 79
-20 -67
-19 -67
-19 79
-18 79
-18 -67
-17 -67
-17 79
-16 79
-16 -67
-15 -67
-15 79
-14 79
-14 -67
-13 -67
-13 79
-12 79
-12 -67
-11 -67
-11 79
-10 79
-10 -67
-9 -67
-9 79
-8 79
-8 -67
-7 -67
-7 79
-6 79
-6 -67
-5 -67
-5 79
-4 79
-4 -67
-3 -67
-3 79
-2 79
-2 -67
-1 -67
-1 79
0 79
0 -67
1 -67
1 79
2 79
2 -92
-27 -92
100
-100 -19
-99 -19
-99 -86
-98 -86
-98 -19
-97 -19
-97 -86
-96 -86
-96 -19
-95 -19
-95 -86
-94 -86
-94 -19
-93 -19
-93 -86
-92 -86
-92 -19
-91 -19
-91 -86
-90 -86
-90 -19
-89 -19
-89 -86
-88 -86
-88 -19
-87 -19
-87 -86
-86 -86
-86 -19
-85 -19
-85 -86
-84 -86
-84 -19
-83 -19
-83 -86
-82 -86
-82 -19
-81 -19
-81 -86
-80 -86
-80 -19
-79 -19
-79 -86
-78 -86
-78 -19
-77 -19
-77 -86
-76 -86
-76 -19
-75 -19
-75 -86
-74 -86
-74 -19
-73 -19
-73 -86
-72 -86
-72 -19
-71 -19
-71 -86
-70 -86
-70 -19
-69 -19
-69 -86
-68 -86
-68 -19
-67 -19
-67 -86
-66 -86
-66 -19
-65 -19
-65 -86
-64 -86
-64 -19
-63 -19
-63 -86
-62 -86
-62 -19
-61 -19
-61 -86
-60 -86
-60 -19
-59 -19
-59 -86
-58 -86
-58 -19
-57 -19
-57 -86
-56 -86
-56 -19
-55 -19
-55 -86
-54 -86
-54 -19
-53 -19
-53 -86
-52 -86
-52 -19
-51 -19
-51 -88
-100 -88
25
-34 91
-31 93
-30 90
-28 64
7 96
-17 62
6 78
-1 72
5 74
10 30
5 29
0 35
-5 62
-7 58
-6 31
-39 34
-12 35
-36 62
-41 56
-44 45
-48 35
-52 43
-66 57
-57 95
-50 89
60
-71 58
-51 49
-58 84
-14 71
2 53
-35 25
-35 31
-50 20
-25 1
-11 21
-4 45
2 13
17 -45
17 -29
24 -2
33 1
41 20
65 -8
59 -29
69 -15
78 -26
66 -62
66 -74
85 -96
80 -87
93 -10
89 25
97 75
57 77
67 64
41 55
32 80
-18 94
-55 94
-98 100
-89 80
-98 97
-97 73
-59 26
-96 38
-81 -4
-92 0
-92 -39
-98 -98
-88 -86
-68 -71
-83 -23
-41 -25
-46 -65
-41 -90
-19 -73
-14 -97
23 -71
-7 -67
-6 -57
-17 -58
-22 -29
-44 -19
-47 -11
-42 -8
90
68 46
79 40
80 38
68 -52
77 -44
80 -76
76 -84
73 -75
65 -82
51 -88
51 -73
43 -80
-86 -91
-84 -61
-77 -65
-84 -26
-80 -24
-76 -70
-69 -69
-79 -22
-72 0
-70 17
-60 20
-39 15
-39 12
-35 -11
-57 14
-69 4
-39 -21
-32 -24
-32 2
-27 -20
-13 -10
-20 -24
-56 -32
-55 -37
-48 -37
-21 -25
31 -4
-1 -17
25 -14
42 -25
-24 -54
-34 -56
-39 -54
4 -20
-29 -32
-47 -46
-60 -45
-64 -14
-63 -79
-25 -78
3 -81
40 -71
32 -63
4 -70
13 -64
41 -31
38 -46
35 -51
46 -49
50 -51
65 -69
64 -29
62 -28
58 8
47 22
22 1
0 -1
-44 41
-8 29
5 39
-53 50
-70 26
-80 22
-75 32
-79 46
-79 62
-63 62
-58 55
-44 54
13 58
47 63
41 44
7 28
-17 17
-3 13
9 27
48 46
63 37
99
87 -41
93 -69
87 -67
82 -84
37 -74
-2 -56
-1 -43
-18 -46
-15 -57
-1 -76
-23 -77
-34 -76
-46 -57
-49 -57
7 -36
14 -39
65 -62
82 -68
46 -52
28 -31
40 -7
7 -24
10 -16
-5 -11
-19 -22
-59 -68
-64 -45
-54 -47
-53 -51
-38 -32
-36 -31
-37 -22
-63 7
-56 52
-51 63
-37 49
-39 55
-14 59
14 58
54 54
73 53
43 62
-27 67
-44 75
-12 73
9 70
45 63
68 71
90 37
63 28
23 49
33 46
28 52
17 49
2 52
-1 52
-42 46
-36 45
-31 29
-35 20
-37 27
-49 31
-52 42
-49 25
-46 -3
-40 -6
-31 -23
-33 7
-24 23
-21 -6
3 9
0 51
4 30
13 30
17 25
10 15
21 3
33 -1
48 1
46 -5
45 -31
52 -44
61 -46
68 -21
57 -7
57 -2
55 11
68 25
75 25
79 22
80 23
83 15
86 -19
84 -2
79 18
83 -5
74 -4
75 -23
91 -38
99
-95 -67
-42 -68
-48 -59
-25 -41
-40 -11
-45 3
-75 23
-62 12
-64 3
-54 -7
-60 -24
-75 7
-90 15
-79 -6
-62 -20
-51 -58
-60 -41
-81 -64
-87 -59
-92 -26
-93 -28
-93 24
-90 72
-74 90
-54 97
7 80
21 95
68 78
95 61
97 -44
93 46
75 63
68 12
66 17
57 41
57 40
40 -28
52 -12
62 -3
94 -51
88 21
98 -74
66 -100
56 -100
-1 -99
-17 -95
-93 -94
-32 -81
9 -93
22 -91
33 -89
57 -83
76 -68
43 -73
44 -56
43 -50
61 -9
17 -56
20 -56
12 -70
-4 -49
1 -17
0 3
-12 -17
-14 9
-12 35
5 47
6 30
40 61
44 35
19 24
20 15
11 17
-6 27
10 4
6 -9
22 -6
29 0
43 25
40 8
21 -20
31 -31
25 -21
55 34
49 55
49 69
-7 60
-32 74
-47 80
-83 71
-91 41
-66 64
-28 -25
-5 -49
-38 -65
-15 -72
-7 -74
16 -77
-92 -82
23
21 32
27 31
16 38
15 64
67 32
53 -31
28 13
-6 -30
-1 8
15 3
19 6
11 22
9 25
-16 22
-42 41
-11 32
0 47
15 27
16 26
17 26
20 25
18 29
19 32
60
-44 91
-42 56
-55 61
-51 98
-72 5
-86 -27
-52 -15
-75 -11
-12 49
-12 29
-20 38
-29 2
-38 -5
-18 4
-15 -4
-18 -6
-22 -17
-29 -51
-11 -40
10 -39
4 -63
-40 -72
14 -85
43 -61
58 -10
46 -23
6 -23
1 -21
12 -4
8 6
9 15
21 10
49 0
10 -9
33 -9
67 8
93 14
55 42
22 51
-4 12
-5 11
-4 11
3 14
5 14
-4 3
-7 0
-12 1
-7 12
-7 16
-10 14
-12 11
-14 21
-1 34
-8 31
11 44
-3 31
-3 30
39 69
38 71
0 61
88
82 -11
74 -27
52 -60
49 -46
35 -33
51 -43
52 -52
57 -43
51 -34
54 -28
47 -22
38 -27
34 -25
29 -26
16 -40
26 -39
32 -50
27 -73
10 -51
23 -21
20 -24
9 -42
8 -44
-11 -49
-4 -35
11 -15
6 -20
11 -14
20 -16
10 -25
23 -16
23 -15
24 -17
16 -26
25 -17
27 -22
26 -18
27 -17
28 -18
29 -16
28 -14
24 -9
26 -15
24 -15
12 -12
24 -13
18 -7
11 -4
13 0
-1 -2
-8 -4
9 -8
-19 -52
-15 -70
-24 -55
-40 -39
-41 -32
-12 -7
0 33
11 21
37 40
79 30
47 10
40 -3
82 18
64 4
48 -10
47 -10
39 -5
35 -6
34 -3
37 14
33 15
30 10
29 7
27 24
18 26
17 13
19 2
23 9
37 -16
32 -8
33 -11
34 -18
39 -22
55 -9
55 -19
79 4
98
20 12
19 11
14 12
16 11
13 2
13 8
12 -1
15 -4
9 -12
-1 -21
-8 -12
-38 -41
13 10
13 12
6 13
9 10
0 5
-3 -1
-10 -6
-39 -42
16 -16
9 -37
-3 -63
-45 -51
37 -75
17 -8
17 2
25 -17
44 -24
39 -19
28 -12
34 -4
40 -1
23 -3
19 4
17 3
17 7
19 10
22 9
28 9
43 3
49 -20
57 -46
54 -69
63 -20
65 -8
66 -30
93 -3
72 -3
98 18
78 58
55 69
36 94
77 28
56 51
64 11
64 5
52 -8
48 3
46 34
39 36
40 43
35 42
24 26
29 32
33 29
35 29
35 27
36 25
29 17
22 12
26 16
20 24
18 53
30 55
25 91
9 76
16 31
15 28
13 34
5 35
-8 22
-5 27
-10 22
-11 18
-15 19
7 43
-5 88
-2 34
-59 23
-34 0
-4 1
-3 2
10 27
18 17
18 25
20 16
23 17
98
-7 -8
-30 -16
-47 -64
-16 -81
-24 -63
-19 -59
-18 -65
-7 -28
-15 -45
-18 -39
-8 -22
-4 -10
-5 -2
-1 -1
-4 0
-8 -2
-10 2
-8 2
-6 4
-3 2
-3 4
-4 5
-11 8
-27 15
-5 9
0 5
-4 12
3 30
3 3
1 2
-2 5
-2 4
-1 2
7 -5
-8 -74
4 -21
24 -39
14 -38
14 -70
13 -89
29 -88
41 -66
45 -65
66 -58
63 -40
85 29
69 8
70 5
65 -20
64 -23
61 -50
39 -36
61 -32
21 -11
25 -6
27 1
31 24
27 27
5 0
14 20
17 29
3 37
1 31
-6 77
33 32
37 49
18 63
-9 96
-51 87
-78 41
-67 33
-85 29
-73 -6
-55 2
-46 -4
-64 -10
-85 -16
-51 -58
-28 -7
-25 -6
-23 -3
-30 -1
-53 12
-50 24
-35 38
-32 52
-14 81
-24 46
-16 28
-19 41
-10 13
-34 23
-43 20
-27 1
-22 -2
-42 20
-13 0
-9 -4
0
