1 1.234
2.468 0
1 2
2 2
2 1
1 1
-1 -1
1 2
5 5
1 2
1 1
1 3
2 0
1 3
0 2
1 1
0 0
2 1
0 0
1 0
5 1
0 0
1 0
0 1
-1 0
0 -1
2 2
0 0
0 0
4 20
0 40
0 -40
40 0
-40 0
4 10
5 25
5 -15
25 5
-15 5
2 5
6 8
-6 -8
4 5
8 -6
6 8
-8 6
-6 -8
4 5
8 -6
6 8
-8 6
-6 -8
5 5
8 -6
6 8
-8 6
-6 -8
2 2
4 3
-3 -3
-3 3
3 -3
3 3
1 4
0 0
2 2
0 0
2 0
2 2
0 0
5.5 0
5 1
-1 -1
-1 1
1 -1
1 1
3 -1
9 10
-28 -28
-28 0
-28 28
0 -28
0 0
0 28
28 -28
28 0
28 28
16 100
-150 -150
-150 -50
-150 50
-150 150
-50 -150
-50 -50
-50 50
-50 150
50 -150
50 -50
50 50
50 150
150 -150
150 -50
150 50
150 150
25 1
-5 -5
-5 -2.5
-5 0
-5 2.5
-5 5
-2.5 -5
-2.5 -2.5
-2.5 0
-2.5 2.5
-2.5 5
0 -5
0 -2.5
0 0
0 2.5
0 5
2.5 -5
2.5 -2.5
2.5 0
2.5 2.5
2.5 5
5 -5
5 -2.5
5 0
5 2.5
5 5
36 18
-100 -100
-100 -60
-100 -20
-100 20
-100 60
-100 100
-60 -100
-60 -60
-60 -20
-60 20
-60 60
-60 100
-20 -100
-20 -60
-20 -20
-20 20
-20 60
-20 100
20 -100
20 -60
20 -20
20 20
20 60
20 100
60 -100
60 -60
60 -20
60 20
60 60
60 100
100 -100
100 -60
100 -20
100 20
100 60
100 100
64 32
-245 -245
-245 -175
-245 -105
-245 -35
-245 35
-245 105
-245 175
-245 245
-175 -245
-175 -175
-175 -105
-175 -35
-175 35
-175 105
-175 175
-175 245
-105 -245
-105 -175
-105 -105
-105 -35
-105 35
-105 105
-105 175
-105 245
-35 -245
-35 -175
-35 -105
-35 -35
-35 35
-35 105
-35 175
-35 245
35 -245
35 -175
35 -105
35 -35
35 35
35 105
35 175
35 245
105 -245
105 -175
105 -105
105 -35
105 35
105 105
105 175
105 245
175 -245
175 -175
175 -105
175 -35
175 35
175 105
175 175
175 245
245 -245
245 -175
245 -105
245 -35
245 35
245 105
245 175
245 245
81 100
-1000 -1000
-1000 -750
-1000 -500
-1000 -250
-1000 0
-1000 250
-1000 500
-1000 750
-1000 1000
-750 -1000
-750 -750
-750 -500
-750 -250
-750 0
-750 250
-750 500
-750 750
-750 1000
-500 -1000
-500 -750
-500 -500
-500 -250
-500 0
-500 250
-500 500
-500 750
-500 1000
-250 -1000
-250 -750
-250 -500
-250 -250
-250 0
-250 250
-250 500
-250 750
-250 1000
0 -1000
0 -750
0 -500
0 -250
0 0
0 250
0 500
0 750
0 1000
250 -1000
250 -750
250 -500
250 -250
250 0
250 250
250 500
250 750
250 1000
500 -1000
500 -750
500 -500
500 -250
500 0
500 250
500 500
500 750
500 1000
750 -1000
750 -750
750 -500
750 -250
750 0
750 250
750 500
750 750
750 1000
1000 -1000
1000 -750
1000 -500
1000 -250
1000 0
1000 250
1000 500
1000 750
1000 1000
100 20
-148.5 -148.5
-148.5 -115.5
-148.5 -82.5
-148.5 -49.5
-148.5 -16.5
-148.5 16.5
-148.5 49.5
-148.5 82.5
-148.5 115.5
-148.5 148.5
-115.5 -148.5
-115.5 -115.5
-115.5 -82.5
-115.5 -49.5
-115.5 -16.5
-115.5 16.5
-115.5 49.5
-115.5 82.5
-115.5 115.5
-115.5 148.5
-82.5 -148.5
-82.5 -115.5
-82.5 -82.5
-82.5 -49.5
-82.5 -16.5
-82.5 16.5
-82.5 49.5
-82.5 82.5
-82.5 115.5
-82.5 148.5
-49.5 -148.5
-49.5 -115.5
-49.5 -82.5
-49.5 -49.5
-49.5 -16.5
-49.5 16.5
-49.5 49.5
-49.5 82.5
-49.5 115.5
-49.5 148.5
-16.5 -148.5
-16.5 -115.5
-16.5 -82.5
-16.5 -49.5
-16.5 -16.5
-16.5 16.5
-16.5 49.5
-16.5 82.5
-16.5 115.5
-16.5 148.5
16.5 -148.5
16.5 -115.5
16.5 -82.5
16.5 -49.5
16.5 -16.5
16.5 16.5
16.5 49.5
16.5 82.5
16.5 115.5
16.5 148.5
49.5 -148.5
49.5 -115.5
49.5 -82.5
49.5 -49.5
49.5 -16.5
49.5 16.5
49.5 49.5
49.5 82.5
49.5 115.5
49.5 148.5
82.5 -148.5
82.5 -115.5
82.5 -82.5
82.5 -49.5
82.5 -16.5
82.5 16.5
82.5 49.5
82.5 82.5
82.5 115.5
82.5 148.5
115.5 -148.5
115.5 -115.5
115.5 -82.5
115.5 -49.5
115.5 -16.5
115.5 16.5
115.5 49.5
115.5 82.5
115.5 115.5
115.5 148.5
148.5 -148.5
148.5 -115.5
148.5 -82.5
148.5 -49.5
148.5 -16.5
148.5 16.5
148.5 49.5
148.5 82.5
148.5 115.5
148.5 148.5
10 2
-11.009 -16.46
-13.837 3.843
17.699 4.875
3.579 -14.008
16.242 11.025
-1.03 3.383
3.024 -8.079
8.083 14.387
-18.643 -10.917
6.956 11.19
50 10
170.208 89.034
168.011 124.461
-28.563 -113.941
-136.768 -168.038
-25.701 -144.679
156.591 179.062
-135.634 -137.671
-197.17 43.276
180.711 -123.614
-150.458 160.53
-14.591 193.828
168.039 105.246
-182.888 -8.006
-27.694 -49.099
-48.667 161.748
-9.304 149.009
-42.012 -9.638
-103.432 113.555
111.839 185.813
-0.268 21.72
-56.498 -31.345
20.796 26.661
-136.997 -143.369
141.645 -146.211
-40.504 48.945
123.921 94.436
7.09 -28.614
199.588 98.267
-178.64 125.397
-163.395 112.278
84.571 -165.223
198.654 -91.707
94.902 -145.575
89.249 -2.626
180.023 36.074
-73.639 -19.995
-118.7 -199.684
166.359 -32.684
89.686 -91.646
-147.863 81.742
177.716 108.724
-108.19 28.606
-128.55 115.481
-78.145 80.621
184.467 125.725
188.752 -92.986
-54.628 -90.929
61.302 -72.593
-184.109 193.683
137.325 -98.752
100 100
-128.051 517.357
652.092 -717.97
-768.462 -156.681
-576.241 609.972
-404.618 -592.149
-325.784 -394.813
-260.028 -186.821
689.055 264.518
-160.023 -66.022
437.091 -679.908
7.351 -21.092
-68.233 560.486
-483.498 -446.051
-39.067 508.91
545.052 144.293
314.468 -603.446
-448.637 475.216
453.761 -64.603
557.682 -604.997
706.769 611.812
219.464 -59.041
663.649 186.278
417.48 -140.155
-229.825 -617.165
766.394 -703.554
-740.991 15.143
377.515 479.452
-200.809 625.213
-112.074 -455.205
-287.219 -646.08
281.977 -632.937
-482.035 -431.422
-94.103 538.982
-532.33 -665.009
-320.554 -759.369
450.138 786.454
417.136 744.361
-692.389 -441.371
648.272 -378.793
-371.861 -581.519
-612.199 -509.181
-190.424 -483.486
-727.425 430.328
471.362 570.198
576.292 376.111
711.591 117.132
568.264 -175.374
693.097 280.602
-169.273 -578.224
-26.822 779.8
117.279 -23.26
507.108 -438.656
581.946 -421.589
-208.795 -472.43
133.57 35.722
709.989 -390.419
179.938 421.138
-340.648 725.952
-76.159 -643.791
382.375 312.881
-91.513 766.885
-684.28 -307.082
-572.427 36.67
-393.94 -78.632
762.806 -192.627
-69.122 -228.054
-556.905 648.407
98.855 -524.559
-11.531 -189.405
-740.513 517.723
499.966 -603.107
406.197 733.145
590.513 703.502
299.059 -759.711
-640.817 56.45
-319.95 250.387
-751.26 248.685
-137.438 431.037
-65.776 -794.276
64.246 -524.376
-611.941 -534.962
-773.466 514.48
626.115 273.43
242.087 345.687
-502.693 -634.006
73.602 453.699
390.997 -781.276
509.072 221.455
-293.352 -239.066
-570.761 416.648
-316.95 556.457
201.718 686.2
-533.743 -182.562
599.109 604.001
578.893 672.735
683.663 -676.304
378.65 624.668
-236.816 -587.164
592.097 658.208
-587.151 -758.913
100 100
369.16 -424.071
477.844 -412.2
-322.241 -576.523
124.182 448.744
-193.493 -296.675
558.003 -185.135
-117.355 23.32
365.228 36.145
575.281 -587.313
-570.825 472.261
532.252 -437.835
404.839 -390.28
-554.512 116.259
444.036 581.566
409.43 -383.135
227.192 -13.049
157.164 -38.06
-174.432 67.294
323.47 -56.731
-43.095 -312.611
517.306 -505.279
-428.149 409.222
-541.947 257.15
-302.707 585.338
6.343 257.592
-514.773 20.805
294.702 482.512
564.052 384.115
133.825 -384.383
-47.087 -24.186
-398.876 -371.652
-357.486 -76.977
-457.764 -441.394
278.643 586.411
-454.512 -57.702
-8.16 253.906
-204.33 -37.802
-313.209 596.417
-489.769 123.479
437.936 -576.724
-406.909 -48.156
31.877 471.075
574.052 111.052
-179.416 -27.735
-259.02 -508.57
-445.559 199.888
138.357 247.44
304.791 -113.987
337.114 -412.705
-265.495 574.377
-114.012 -53.36
-488.871 -271.666
510.485 373.964
-127.691 -309.319
-508.386 355.845
-304.84 -226.268
-51.499 566.599
242.013 104.445
107.953 -256.345
-548.934 216.861
-329.859 -230.998
80.378 5.786
-141.942 -408.754
-37.429 -23.231
-121.695 593.436
-518.593 336.924
249.444 421.068
-225.345 -507.497
-588.721 247.934
533.197 249.418
-266.942 466.03
-233.637 194.47
312.837 354.087
-495.927 -365.524
60.102 173.864
277.742 442.632
428.532 530.252
-187.005 -210.921
-391.513 538.709
-537.963 105.53
578.307 487.808
575.849 -541.251
66.833 556.91
398.826 -402.2
-77.262 306.359
-173.523 470.564
599.236 -131.016
542.124 -455.192
-144.838 91.624
213.836 -182.196
164.229 -576.723
-51.656 -207.9
360.059 441.853
-321.215 345.631
191.408 -511.177
118.51 393.336
-461.103 -289.712
-486.895 -158.677
-312.695 -511.056
226.218 281.718
100 70
-144.644 145.362
228.178 -248.859
390.611 378.959
356.763 -74.762
-118.006 -64.821
369.691 -397.614
-204.051 -364.892
-235.721 294.314
249.657 107.908
-357.155 -327.433
178.645 -144.575
251.565 -250.621
233.65 -214.706
10.034 -351.8
-235.339 -104.36
-90.268 238.837
-279.225 -364.57
-25.345 -276.169
-72.632 -127.159
-165.317 -177.227
302.255 289.3
242.581 -150.176
-184.031 16.168
40.753 -110.831
124.426 270.752
-54.038 -278.899
-342.815 300.71
-321.719 -12.83
-380.749 -89.432
141.188 -178.766
66.234 352.251
-222.999 -55.5
249.813 -57.13
-358.504 -353.258
-77.704 -136.707
-142.518 162.896
-398.864 -19.747
334.114 397.178
198.436 -383.502
26.509 271.055
-334.272 -25.633
175.215 325.312
351.574 203.549
-95.757 -303.144
-114.888 -82.542
211.352 -43.112
-161.251 -393.012
249.848 275.037
227.6 -232.035
-107.347 191.427
331.513 312.107
307.41 168.738
-385.979 16.364
-347.276 -42.338
-95.737 -274.348
-370.104 111.091
210.166 -105.368
-70.213 271.728
-336.367 -8.907
-27.946 250.779
266.881 354.813
-332.846 137.925
-363.846 -141.254
-22.109 -319.041
-100.102 -225.132
-212.762 -230.72
-309.685 -228.412
387.299 -156.796
-182.802 333.033
122.105 -137.277
-258.604 79.079
291.877 332.114
-36.382 -209.489
-15.942 169.325
-85.951 -169.875
202.377 -370.88
283.518 248.062
-314.279 -103.131
-158.587 -99.397
-186.742 272.607
-394.262 -328.375
-211.757 -179.93
-298.481 -395.249
8.144 -160.211
298.914 101.953
264.261 129.836
-192.13 -47.119
-219.976 -394.008
-136.686 337.278
250.197 -130.814
-158.23 129.533
89.971 274.855
-202.599 124.86
264.154 -208.382
125.686 -191.891
-170.317 -341.652
315.283 318.457
191.756 217.557
-399.186 240.887
113.018 -201.302
30 300
-687.658 -590.357
735.504 -182.442
-517.904 741.6
-151.687 673.494
498.407 518.056
-312.83 -740.953
722.684 603.247
516.657 144.704
-392.191 645.178
-783.022 -293.675
609.471 -300.272
-556.225 -668.64
-285.023 -707.891
-551.696 -455.872
487.182 182.038
301.777 531.126
69.618 716.542
787.082 62.327
705.412 545.013
-715.542 569.626
-389.412 -666.324
-292.987 -668.912
485.29 504.183
-422.627 -669.13
304.401 -484.102
513.099 -156.642
729.103 159.408
720.726 621.616
645.915 29.951
-629.661 536.74
20 1
-1.401 -1.831
-2.124 5.697
0.84 0.298
-3.305 0.376
6.702 1.244
-0.496 5.111
-0.032 -2.837
-0.09 -0.058
3.423 8.088
0.259 -0.629
2.774 -4.043
-1.656 -2.563
-4.315 -4.791
0.813 -0.013
1.18 -1.246
-1.245 1.22
-3.435 -1.953
2.099 -1.078
-0.548 -0.209
-5.523 5.947
50 10
-35.103 -6.906
1.833 -2.002
11.964 -27.153
-6.065 -1.691
-13.325 34.008
14.116 -17.598
-3.013 2.263
-5.368 -24.013
0.961 -0.868
-9.887 -0.841
-1.223 3.761
13.684 -28.13
-1.269 -0.259
-9.856 0.981
0.641 -0.472
6.26 1.047
-15.924 -23.189
-4.182 -5.877
30.762 -15.365
4.357 -2.323
-28.188 -7.987
9.284 4.326
-8.119 7.433
-1.671 -10.341
1.149 2.06
12.68 4.105
1.786 -6.125
2.101 -36.467
-4.323 -0.889
-30.915 -18.482
2.175 0.781
0.276 -0.999
-1.467 -9.981
-0.471 0.506
-14.967 14.668
-0.324 -1.34
2.246 2.091
-15.768 22.146
4.06 2.594
0.327 1.829
-4.436 0.812
0.146 -0.182
-13.208 35.534
-14.292 -9.355
2.142 -5.3
-0.613 -3.753
-5.606 -9.215
4.332 -36.683
-20.185 -3.747
-1.079 -1.634
100 100
471.618 -257.482
-338.926 109.085
628.449 -221.165
8.569 4.129
312.348 -343.353
-269.969 161.661
-13.547 27.559
431.25 -98.547
-61.492 -38.329
-2.649 11.689
-18.024 10.743
-131.688 -245.997
32.587 -21.831
-10.31 5.066
-734.376 -400.635
374.648 463.09
-96.532 -242.226
639.498 -141.077
458.711 -69.022
-43.913 -234.703
-113.221 14.824
295.106 121.961
872.961 1.957
-241.07 -73.33
135.415 -230.578
-52.87 -265.446
24.201 367.654
80.109 140.01
-109.122 119.845
-57.744 -137.881
-745.993 416.498
392.466 -284.55
-43.822 13.001
26.675 203.167
3.298 -24.892
54.673 -166.348
262.319 390.099
10.075 572.004
181.726 138.693
-84.453 -419.694
694.855 37.307
104.506 408.755
0.029 -0.244
103.382 -380.789
248.924 -343.794
357.479 -271.993
-60.874 16.964
-273.399 78.683
0.274 -65.621
480.65 33.541
248.367 -474.822
-288.281 105.409
56.257 -56.113
-476.657 145.867
-334.24 -562.447
-295.014 137.707
-153.99 61.428
-148.087 -37.305
624.476 360.313
-18.771 -8.131
117.565 -162.726
-101.52 -22.597
819.627 296.864
-80.981 33.259
-41.813 1.495
4.538 -0.03
9.989 -37.852
-350.754 -841.098
23.129 -130.944
-125.786 100.2
889.279 40.199
-16.949 -62.007
-367.505 565.729
9.875 15.45
34.305 31.124
226.724 5.667
120.71 -229.622
-391.363 -242.695
63.073 50.038
11.836 -6.586
-5.491 101.53
-3.824 12.722
81.424 105.579
-311.551 297.874
5.038 -301.759
154.061 -845.367
-4.943 -77.645
-3.737 -31.462
-292.863 -85.752
205.123 271.787
15.05 80.65
-155.553 38.397
54.633 230.017
-0.056 -243.406
43.119 589.973
-465.715 103.496
62.147 34.697
43.045 -430.151
51.706 -242.295
-783.058 -260.725
20 100
306.8 241.801
299.578 -82.467
210.916 -314.596
-12.379 -267.018
-97.385 -253.819
392.275 15.535
-49.128 -193.948
-154.524 33.429
246.585 214.743
-168.004 -62.835
322.387 176.555
218.95 -285.805
336.388 116.703
279.351 -91.51
-165.669 -86.489
385.823 -73.549
-117.226 266.772
-294.209 -269.259
-7.787 320.454
-62.995 -172.826
50 50
-42.896 85.827
143.091 -210.673
-167.527 35.768
98.333 106.966
-216.251 125.776
4.633 -142.622
-67.453 -170.28
209.825 -110.708
-118.074 192.573
127.194 221.523
-253.73 3.032
236.955 -16.028
-51.781 -99.898
-80.505 -0.279
159.775 -88.934
100.044 57.733
-131.201 -130.608
-95.127 112.731
-156.914 11.734
-72.809 28.194
55.845 -212.14
254.859 -109.382
-63.533 -127.687
267.566 63.454
180.104 171.984
0.498 -192.49
240.342 -166.734
-47.708 70.028
157.964 -229.842
92.126 -169.261
-159.979 -36.758
-44.833 -221.746
30.684 -153.165
145.228 -82.777
-173.923 -109.956
134.051 177.973
40.504 90.902
33.642 117.214
-43.844 64.465
125.369 209.153
-70.11 137.293
191.223 -20.715
76.934 139.888
60.199 -265.352
-156.109 -126.505
116.582 91.074
114.147 176.741
-56.614 149.39
241.171 82.721
-99.815 152.592
80 5
6.973 -17.072
-3.951 30.665
-12.108 22.528
20.548 0.129
2.579 -2.761
4.884 -1.522
-19.498 -28.674
-5.97 -20.091
16.029 11.386
18.93 1.134
-17.291 -16.589
34.389 17.062
-26.387 3.361
-2.611 -6.631
5.804 -2.306
-11.759 -30.492
9.754 -10.46
-5.153 -9.421
12.064 9.502
9.691 5.196
1.567 35.513
21.324 -7.112
2.487 0.925
-29.234 14.306
18.067 -8.361
9.875 -13.932
30.547 4.18
2.244 19.448
7.968 -1.115
0.517 -6.245
5.482 0.393
-5.948 -15.847
1.236 -1.576
-5.443 26.326
13.452 -5.419
11.191 -5.267
13.046 -12.961
17.344 24.543
4.497 -1.198
5.504 3.01
4.656 6.84
1.538 -2.384
-2.144 -4.714
6.508 7.331
2.664 -0.418
2.677 4.884
12.975 -29.817
0.051 -3.707
6.095 -13.167
10.958 -4.26
-0.57 23.479
-2.062 -5.88
-7.58 15.954
-14.142 -16.098
2.797 1.739
-18.531 29.668
16.28 -23.924
2.478 11.277
-24.92 -20.43
-18.722 -6.606
5.47 -14.411
9.456 8.679
-24.389 -29.831
6.17 19.241
25.956 -21.345
0.384 -15.271
19.118 17.147
1.43 -0.44
5.514 0.137
10.108 28.317
-0.049 -38.932
-1.371 -19.569
-39.716 4.452
3.882 14.013
-4.872 -9.903
13.56 21.351
1.6 -2.91
-20.478 13.125
1.264 -0.501
15.344 30.119
99 100
-658.57 440.389
276.44 -320.223
-118.682 609.943
-20.728 268.921
439.705 -480.093
308.653 24.746
-386.253 -34.199
-310.133 715.892
-665.364 596.503
-219.303 159.845
-483.38 163.391
191.593 189.774
-42.916 -891.101
224.547 -133.319
-421.127 -3.143
-358.994 -108.835
778.191 5.373
179.19 -106.004
381.367 -88.007
-490.465 -10.596
750.528 -299.299
-186.77 -242.77
-154.284 -154.273
320.468 302.932
-290.887 537.033
319.484 -497.643
364.909 -48.978
-321.968 315.764
28.869 -317.054
-190.742 -177.531
542.515 207.599
-653.613 -269.703
264.663 852.062
-240.882 323.797
91.674 927.573
405.21 46.756
830.374 239.543
-60.9 195.818
-44.464 -218.213
87.212 868.447
-230.725 215.164
393.958 -273.446
606.357 175.137
377.023 232.837
398.958 -600.1
-327.871 517.9
-206.293 5.363
-575.714 35.001
594.836 653.404
-60.965 -420.667
-244.349 -175.275
134.042 -181.414
76.697 -360.021
-25.933 479.998
457.217 -5.251
-354.569 -73.771
618.926 -513.444
175.724 319.824
530.752 338.262
594.203 -544.644
361.766 -393.956
358.939 -208.596
-99.036 -242.405
-383.268 -578.158
7.854 -243.056
460.467 189.789
-188.158 -105.894
156.472 -270.155
285.701 -368.051
-59.566 -200.189
-82.561 278.763
-445.758 -302.722
501.824 -49.2
-258.378 338.273
656.253 -453.779
393.913 252.346
168.245 -109.34
410.886 -147.088
231.713 306.701
265.238 -98.682
698.884 -178.75
-638.624 644.432
-549.197 88.584
415.595 27.999
94.861 651.761
154.879 534.873
-234.019 89.138
200.971 489.367
463.117 239.124
-214.539 490.159
572.828 525.388
273.524 -293.096
-323.633 -72.25
732.919 24.759
378.327 700.519
-61.521 -587.669
339.579 11.65
519.317 565.574
788.843 -608.281
100 10
-17.799 -14.641
-31.04 102.015
12.614 42.928
-27.858 -44.36
13.296 -3.187
17.73 -7.061
-72.69 -13.303
2.937 -2.167
-5.109 -5.184
10.567 12.608
1.18 -1.509
96.659 3.085
21.927 -22.166
7.527 17.295
-39.746 -68.77
6.287 0.653
-54.082 99.219
-5.988 22.977
19.234 -16.019
13.029 21.125
17.301 -36.468
16.27 -17.619
23.983 8.422
0.54 -7.004
2.213 5.56
-39.774 -6.953
-65.768 22.669
69.649 -78.584
15.396 -55.49
-10.784 112.906
-6.379 -26.938
-1.4 -5.996
1.705 -35.964
0.606 3.616
-6.283 -0.086
-26.905 74.547
11.498 -15.121
30.927 40.17
-26.124 -49.657
-44.271 48.294
2.4 7.148
-49.263 -61.333
-35.585 70.163
5.62 16.458
13.919 53.921
8.896 -19.056
1.289 -7.391
30.433 27.765
1.733 -1.057
-2.442 -28.351
0.896 -4.083
1.493 2.404
36.537 35.715
55.613 68.936
83.903 80.856
16.645 -10.851
-67.9 -32.792
79.691 41.392
-19.593 -43.59
-18.071 8.765
-72.629 43.905
-39.638 12.986
1.153 -1.294
7.455 33.238
8.055 5.192
-37.201 -65.719
43.638 36.411
9.257 -6.807
-1.69 3.296
22.356 -1.209
-60.204 3.247
89.351 32.706
10.773 36.797
-4.25 5.483
7.231 69.628
22.332 99.707
0.601 -9.691
3.434 -17.31
4.562 16.402
-26.578 35.838
-32.37 16.779
-8.674 65.694
-26.747 -0.091
-11.737 -13.07
7.35 -32.227
-11.152 2.7
1.192 -4.02
-44.829 72.129
13.896 -4.005
30.364 79.107
4.551 27.06
-0.057 -7.897
-6.583 17.583
-5.782 -83.825
43.512 -20.004
7.855 5.932
-2.012 -1.211
-19.885 -17.728
74.984 31.518
21.244 -55.416
0 0
