111000011110111101000000111100000101001110011011010000101110
101101000011011010011000011

1101110111110011000011011111110101110100010110
111001110100000011101110101001110101010100010110001110000000111

111010000110010101101
100110110

101110
110001010100111

111010101110011110011
1000110100101011110100010100111001100000001001100110001001001010001000101111100001

111101010010010001011100001111101110101101111001100101000000100000010000010111000100111110000011001
1011110011

11110011000010111011010100111110101001010110011010111000010
1100100100100011111111011011110100000111010001010011

1110001011110011110101101011011110110110111000111110101000011100010001111
111001001110010010101110100100001000110110011111111010011011011100101101011000110011001011

11010110100011001111111111111110000110000000110111011101010010001
10011000110110100100001010111101000000110010110100100001001100

111011001110111101011000001
101000000110101110011110100001101101011010101001000100010101111010101100010100101110
