4 4
1 5 4 3
6 5 6 6
2 2 2 2
1 5 4 3
3 2
3 3
2 2
1 1
3 2
3 4
2 4
1 4
2 2
1 1
2 3
3 3
2 4 1
2 3 1
2 3 1
3 1
5
2
5
1 4
5 1 5 2
3 3
6 5 3 
6 5 1 
6 5 1 
5 7
596 469 718 908 682 365 396 
596 469 718 908 682 365 396 
117 469 117 117 117 117 117 
596 469 718 908 682 365 396 
596 469 718 908 682 365 396 
9 11
151 151 151 151 151 173 151 151 321 151 151 
869 330 810 879 897 173 736 673 321 690 268 
869 330 810 879 121 173 121 673 321 690 121 
869 330 810 879 832 173 736 673 321 690 268 
432 432 432 432 432 173 432 432 321 432 432 
869 330 810 879 897 173 736 673 321 690 268 
869 330 810 879 897 173 736 673 321 690 268 
869 330 810 879 897 173 736 673 321 690 268 
586 586 586 586 586 173 586 586 586 586 586 
20 25
529 904 904 708 504 904 904 904 904 215 819 904 332 904 904 904 904 904 904 275 274 699 899 635 801 
529 200 200 708 504 200 200 200 200 215 819 200 332 200 200 200 200 200 200 275 274 699 200 200 801 
529 176 176 176 176 176 176 176 176 176 819 176 176 176 176 176 176 176 176 176 176 699 176 176 176 
529 377 379 708 504 379 379 379 379 215 819 379 332 379 379 379 379 379 379 275 274 699 899 635 801 
529 601 601 708 504 601 601 601 601 215 819 601 332 601 601 601 601 601 601 275 274 699 899 601 801 
648 648 648 648 648 648 648 648 648 648 648 648 648 648 648 648 648 648 648 648 648 699 648 648 648 
776 776 776 776 776 776 776 776 776 776 776 776 776 776 776 776 776 776 776 776 776 776 776 776 776 
516 516 516 516 516 516 516 516 516 516 516 516 516 516 516 516 516 516 516 516 516 516 516 516 516 
465 465 465 465 465 465 465 465 465 465 465 465 465 465 465 465 465 465 465 465 465 699 465 465 465 
529 605 605 605 605 605 605 605 605 605 819 605 605 605 605 605 605 605 605 275 274 699 605 605 605 
307 307 307 307 307 307 307 307 307 307 307 307 307 307 307 307 307 307 307 307 307 307 307 307 307 
529 774 774 708 504 774 774 774 774 774 819 774 774 774 774 774 774 774 774 275 274 699 774 774 774 
529 377 242 708 504 242 479 242 582 215 819 242 332 242 242 242 105 242 242 275 274 699 899 635 801 
458 458 458 458 458 458 458 458 458 458 458 458 458 458 458 458 458 458 458 458 458 458 458 458 458 
773 773 773 773 773 773 773 773 773 773 773 773 773 773 773 773 773 773 773 773 773 773 773 773 773 
529 377 365 708 504 365 365 365 365 215 819 365 332 365 365 365 105 365 365 275 274 699 899 635 801 
796 796 796 796 796 796 796 796 796 796 796 796 796 796 796 796 796 796 796 796 796 796 796 796 796 
529 377 672 708 504 672 479 672 582 215 819 672 332 672 672 672 105 672 672 275 274 699 899 635 801 
518 518 518 518 518 518 518 518 518 518 518 518 518 518 518 518 518 518 518 518 518 518 518 518 518 
529 377 573 708 504 573 479 573 573 215 819 573 332 573 573 573 105 573 573 275 274 699 899 635 801 
50 35
696 855 133 712 790 794 593 166 710 122 959 745 975 795 420 213 489 431 740 713 457 632 174 785 123 388 536 671 741 477 498 250 919 562 458 
352 352 352 712 790 794 593 166 710 122 352 745 352 352 352 213 352 431 740 352 457 632 352 785 123 388 536 352 741 352 352 250 352 352 458 
776 776 776 712 790 794 593 166 710 122 776 745 776 776 776 213 489 431 740 713 457 632 174 785 123 388 536 776 741 477 776 250 776 562 458 
957 957 957 712 790 794 593 166 710 122 957 745 975 795 957 213 489 431 740 713 457 632 174 785 123 388 536 957 741 477 498 250 957 562 458 
696 855 133 712 790 794 593 166 710 122 959 745 975 795 420 213 489 431 740 713 457 632 174 785 123 388 536 671 741 477 498 250 919 562 458 
481 481 481 712 790 794 593 166 710 122 481 745 975 795 481 213 489 431 740 713 457 632 174 785 123 388 536 481 741 477 481 250 481 562 458 
666 666 666 666 666 666 666 166 666 666 666 666 666 666 666 666 666 666 666 666 457 632 666 666 123 388 536 666 741 666 666 250 666 666 666 
220 220 220 712 220 794 593 166 220 220 220 220 220 220 220 213 220 431 740 220 457 632 220 220 123 388 536 220 741 220 220 250 220 220 458 
814 814 814 712 790 794 593 166 710 122 814 745 814 814 814 213 814 431 740 713 457 632 814 785 123 388 536 814 741 477 814 250 814 562 458 
728 728 728 712 790 794 593 166 710 122 728 745 728 728 728 213 728 431 740 728 457 632 728 785 123 388 536 728 741 728 728 250 728 728 458 
820 820 133 712 790 794 593 166 710 122 959 745 975 795 420 213 489 431 740 713 457 632 174 785 123 388 536 671 741 477 498 250 919 562 458 
434 434 434 712 434 794 593 166 434 434 434 434 434 434 434 213 434 431 740 434 457 632 434 434 123 388 536 434 741 434 434 250 434 434 458 
704 704 133 712 790 794 593 166 710 122 959 745 975 795 420 213 489 431 740 713 457 632 174 785 123 388 536 671 741 477 498 250 919 562 458 
696 855 133 712 790 794 593 166 710 122 959 745 975 795 420 213 489 431 740 713 457 632 174 785 123 388 536 671 741 477 498 250 919 562 458 
832 832 832 712 790 794 593 166 710 122 832 745 832 832 832 213 832 431 740 713 457 632 832 785 123 388 536 832 741 832 832 250 832 832 458 
275 275 275 712 275 794 593 166 275 275 275 275 275 275 275 213 275 431 740 275 457 632 275 275 123 388 536 275 741 275 275 250 275 275 458 
620 620 620 712 790 794 593 166 710 122 620 745 620 620 620 213 620 431 740 620 457 632 620 620 123 388 536 620 741 620 620 250 620 620 458 
696 855 133 712 790 794 593 166 710 122 959 745 975 795 420 213 489 431 740 713 457 632 174 785 123 388 536 671 741 477 498 250 919 562 458 
211 211 211 712 790 794 593 166 710 122 211 745 211 211 211 213 211 431 740 713 457 632 211 785 123 388 536 211 741 477 211 250 211 562 458 
495 495 495 495 495 495 495 495 495 495 495 495 495 495 495 495 495 495 495 495 495 495 495 495 495 388 536 495 495 495 495 250 495 495 495 
696 684 133 712 790 794 593 166 710 122 959 745 975 795 420 213 489 431 740 713 457 632 174 785 123 388 536 671 741 477 498 250 919 562 458 
696 855 133 712 790 794 593 166 710 122 959 745 975 795 420 213 489 431 740 713 457 632 174 785 123 388 536 671 741 477 498 250 919 562 458 
823 823 823 823 823 823 593 166 823 823 823 823 823 823 823 823 823 823 823 823 457 632 823 823 123 388 536 823 741 823 823 250 823 823 823 
821 821 821 712 790 794 593 166 710 122 821 745 975 821 821 213 489 431 740 713 457 632 174 785 123 388 536 821 741 477 821 250 821 562 458 
310 310 310 310 310 310 310 310 310 310 310 310 310 310 310 310 310 310 310 310 310 310 310 310 310 388 536 310 310 310 310 250 310 310 310 
502 502 502 502 502 502 593 166 502 502 502 502 502 502 502 502 502 502 502 502 457 632 502 502 123 388 536 502 741 502 502 250 502 502 502 
266 266 266 266 266 266 266 166 266 266 266 266 266 266 266 266 266 266 266 266 457 632 266 266 123 388 536 266 741 266 266 250 266 266 266 
483 483 483 712 483 794 593 166 710 483 483 745 483 483 483 213 483 431 740 483 457 632 483 483 123 388 536 483 741 483 483 250 483 483 458 
136 136 136 712 136 794 593 166 136 136 136 745 136 136 136 213 136 431 740 136 457 632 136 136 123 388 536 136 741 136 136 250 136 136 458 
570 570 570 712 790 794 593 166 710 122 570 745 570 570 570 213 570 431 740 713 457 632 570 785 123 388 536 570 741 570 570 250 570 570 458 
696 855 133 712 790 794 593 166 710 122 959 745 975 795 420 213 489 431 740 713 457 632 174 785 123 388 536 671 741 477 498 250 919 562 458 
696 855 133 712 790 794 593 166 710 122 959 745 975 795 420 213 489 431 740 713 457 632 174 785 123 388 536 671 741 477 498 250 919 562 458 
862 862 862 712 790 794 593 166 710 122 862 745 862 862 862 213 489 431 740 713 457 632 862 785 123 388 536 862 741 477 862 250 862 562 458 
968 968 968 712 968 794 593 166 710 968 968 745 968 968 968 213 968 431 740 968 457 632 968 968 123 388 536 968 741 968 968 250 968 968 458 
551 551 551 712 790 794 593 166 710 122 551 745 551 551 551 213 551 431 740 713 457 632 551 785 123 388 536 551 741 477 551 250 551 551 458 
696 855 133 712 790 794 593 166 710 122 959 745 975 795 420 213 489 431 740 713 457 632 174 785 123 388 536 671 741 477 498 250 919 562 458 
696 855 133 712 790 794 593 166 710 122 959 745 975 795 420 213 489 431 740 713 457 632 174 785 123 388 536 671 741 477 498 250 919 562 458 
743 743 743 712 790 794 593 166 710 122 743 745 975 743 743 213 489 431 740 713 457 632 174 785 123 388 536 743 741 477 743 250 743 562 458 
982 982 133 712 790 794 593 166 710 122 959 745 975 795 982 213 489 431 740 713 457 632 174 785 123 388 536 671 741 477 498 250 982 562 458 
998 998 998 712 998 794 593 166 998 998 998 998 998 998 998 213 998 431 740 998 457 632 998 998 123 388 536 998 741 998 998 250 998 998 458 
428 428 428 428 428 428 428 428 428 428 428 428 428 428 428 428 428 428 428 428 428 428 428 428 428 388 428 428 428 428 428 250 428 428 428 
227 227 227 712 790 794 593 166 710 122 227 745 227 227 227 213 227 431 740 227 457 632 227 785 123 388 536 227 741 227 227 250 227 227 458 
575 575 575 712 575 794 593 166 575 575 575 745 575 575 575 213 575 431 740 575 457 632 575 575 123 388 536 575 741 575 575 250 575 575 458 
573 573 573 712 790 794 593 166 710 122 573 745 975 795 573 213 489 431 740 713 457 632 174 785 123 388 536 573 741 477 573 250 573 562 458 
696 855 133 712 790 794 593 166 710 122 959 745 975 795 420 213 489 431 740 713 457 632 174 785 123 388 536 671 741 477 498 250 919 562 458 
298 298 298 712 790 794 593 166 710 122 298 745 298 298 298 213 298 431 740 713 457 632 298 785 123 388 536 298 741 477 298 250 298 298 458 
696 855 133 712 790 794 593 166 710 122 959 745 975 795 420 213 489 431 740 713 457 632 174 785 123 388 536 671 741 477 498 250 919 562 458 
487 487 487 487 487 487 487 487 487 487 487 487 487 487 487 487 487 487 487 487 487 487 487 487 487 388 487 487 487 487 487 487 487 487 487 
581 581 581 581 581 581 581 166 581 581 581 581 581 581 581 581 581 581 581 581 457 632 581 581 123 388 536 581 741 581 581 250 581 581 581 
786 786 786 712 790 794 593 166 710 122 786 745 975 795 786 213 489 431 740 713 457 632 174 785 123 388 536 786 741 477 786 250 786 562 458 
60 60
948 348 272 745 568 745 745 314 786 245 745 499 337 925 821 567 171 877 585 160 993 511 745 745 745 604 186 185 634 372 745 428 978 399 563 405 345 653 587 434 397 483 163 706 745 745 134 769 561 172 745 745 670 776 179 444 288 789 745 901 
451 451 451 451 451 451 451 451 786 451 451 451 451 451 451 451 451 451 585 451 451 451 451 451 451 451 186 451 451 372 451 451 451 399 451 451 451 451 451 434 451 451 451 451 451 451 134 451 451 172 451 451 451 451 451 451 451 789 451 451 
873 873 873 873 873 873 873 873 786 873 873 873 873 873 873 873 873 873 585 873 873 873 873 873 873 873 186 873 873 372 873 873 873 873 873 873 873 873 873 434 873 873 873 873 873 873 134 873 873 172 873 873 873 873 873 873 873 789 873 873 
491 348 272 491 568 491 491 491 786 491 491 491 491 925 491 491 491 491 585 160 993 491 491 491 491 491 186 491 491 372 491 491 491 399 491 491 491 491 491 434 491 491 491 491 491 491 134 491 491 172 491 491 491 491 491 444 288 789 491 901 
948 348 272 389 568 389 389 314 786 245 389 499 337 925 821 567 171 877 585 160 993 511 389 389 389 604 186 185 634 372 389 428 978 399 563 405 345 653 587 434 397 483 163 706 389 389 134 769 561 172 389 389 389 776 179 444 288 789 389 901 
822 822 822 822 822 822 822 822 786 822 822 822 822 822 822 822 822 822 585 160 822 822 822 822 822 822 186 822 822 372 822 822 822 399 822 822 822 822 822 434 822 822 822 822 822 822 134 822 822 172 822 822 822 822 822 822 822 789 822 822 
948 348 272 875 568 875 875 875 786 875 875 499 875 925 821 875 875 877 585 160 993 875 875 875 875 875 186 185 634 372 875 428 978 399 875 875 875 875 587 434 875 875 163 875 875 875 134 769 875 172 875 875 875 875 875 444 288 789 875 901 
374 374 374 374 374 374 374 374 374 374 374 374 374 374 374 374 374 374 374 374 374 374 374 374 374 374 186 374 374 374 374 374 374 374 374 374 374 374 374 434 374 374 374 374 374 374 374 374 374 374 374 374 374 374 374 374 374 374 374 374 
879 879 879 879 879 879 879 879 786 879 879 879 879 879 879 879 879 879 585 879 879 879 879 879 879 879 186 879 879 372 879 879 879 879 879 879 879 879 879 434 879 879 879 879 879 879 134 879 879 172 879 879 879 879 879 879 879 789 879 879 
606 606 606 606 606 606 606 606 786 606 606 606 606 606 606 606 606 606 585 606 606 606 606 606 606 606 186 606 606 606 606 606 606 606 606 606 606 606 606 434 606 606 606 606 606 606 134 606 606 606 606 606 606 606 606 606 606 606 606 606 
948 348 272 637 568 637 197 314 786 245 637 499 337 925 821 567 171 877 585 160 993 511 637 637 637 604 186 185 634 372 686 428 978 399 563 405 345 653 587 434 397 483 163 706 637 637 134 769 561 172 637 637 670 776 179 444 288 789 637 901 
933 933 272 933 568 933 933 933 786 933 933 933 933 933 933 933 933 933 585 160 933 933 933 933 933 933 186 933 933 372 933 933 933 399 933 933 933 933 933 434 933 933 933 933 933 933 134 933 933 172 933 933 933 933 933 444 288 789 933 901 
311 348 272 311 568 311 311 311 786 311 311 311 311 925 311 311 311 311 585 160 993 311 311 311 311 311 186 311 311 372 311 311 311 399 311 311 311 311 311 434 311 311 311 311 311 311 134 311 311 172 311 311 311 311 311 444 288 789 311 901 
948 348 272 761 568 761 761 761 786 761 761 499 761 925 821 567 171 877 585 160 993 761 761 761 761 604 186 185 634 372 761 428 978 399 563 761 345 653 587 434 397 483 163 706 761 761 134 769 561 172 761 761 761 776 179 444 288 789 761 901 
859 859 859 859 859 859 859 859 786 859 859 859 859 859 859 859 859 859 585 859 859 859 859 859 859 859 186 859 859 372 859 859 859 859 859 859 859 859 859 434 859 859 859 859 859 859 134 859 859 172 859 859 859 859 859 859 859 789 859 859 
603 348 272 603 568 603 603 603 786 603 603 499 603 925 603 603 603 603 585 160 993 603 603 603 603 603 186 603 634 372 603 428 603 399 603 603 603 603 587 434 603 603 603 603 603 603 134 769 603 172 603 603 603 603 603 444 288 789 603 901 
948 348 272 344 568 344 344 314 786 245 344 499 337 925 821 567 171 877 585 160 993 511 344 344 344 604 186 185 634 372 344 428 978 399 563 405 345 653 587 434 397 483 163 706 344 344 134 769 561 172 344 344 344 776 179 444 288 789 344 901 
214 348 272 214 568 214 214 214 786 214 214 499 214 925 214 214 214 214 585 160 993 214 214 214 214 214 186 214 214 372 214 428 214 399 214 214 214 214 587 434 214 214 214 214 214 214 134 769 214 172 214 214 214 214 214 444 288 789 214 901 
948 348 272 685 568 685 685 685 786 685 685 499 685 925 821 685 685 877 585 160 993 685 685 685 685 685 186 185 634 372 685 428 978 399 685 685 685 685 587 434 685 685 163 685 685 685 134 769 685 172 685 685 685 685 685 444 288 789 685 901 
820 820 820 820 820 820 820 820 786 820 820 820 820 820 820 820 820 820 585 160 820 820 820 820 820 820 186 820 820 372 820 820 820 399 820 820 820 820 820 434 820 820 820 820 820 820 134 820 820 172 820 820 820 820 820 820 820 789 820 820 
948 348 272 599 568 599 599 599 786 599 599 499 599 925 821 599 599 877 585 160 993 599 599 599 599 599 186 185 634 372 599 428 978 399 599 599 599 599 587 434 599 599 163 599 599 599 134 769 599 172 599 599 599 599 599 444 288 789 599 901 
529 348 272 529 568 529 529 529 786 529 529 499 529 925 529 529 529 529 585 160 993 529 529 529 529 529 186 529 529 372 529 428 529 399 529 529 529 529 587 434 529 529 529 529 529 529 134 769 529 172 529 529 529 529 529 444 288 789 529 901 
948 348 272 753 568 753 753 753 786 753 753 499 753 925 753 753 753 877 585 160 993 753 753 753 753 753 186 185 634 372 753 428 753 399 753 753 753 753 587 434 753 753 163 753 753 753 134 769 753 172 753 753 753 753 753 444 288 789 753 901 
273 273 273 273 273 273 273 273 273 273 273 273 273 273 273 273 273 273 273 273 273 273 273 273 273 273 186 273 273 273 273 273 273 273 273 273 273 273 273 434 273 273 273 273 273 273 273 273 273 273 273 273 273 273 273 273 273 273 273 273 
948 348 272 967 568 967 967 314 786 967 967 499 337 925 821 567 171 877 585 160 993 967 967 967 967 604 186 185 634 372 967 428 978 399 563 405 345 653 587 434 397 483 163 706 967 967 134 769 561 172 967 967 967 776 179 444 288 789 967 901 
210 210 272 210 568 210 210 210 786 210 210 210 210 210 210 210 210 210 585 160 993 210 210 210 210 210 186 210 210 372 210 210 210 399 210 210 210 210 210 434 210 210 210 210 210 210 134 210 210 172 210 210 210 210 210 444 288 789 210 901 
660 660 660 660 660 660 660 660 786 660 660 660 660 660 660 660 660 660 585 660 660 660 660 660 660 660 186 660 660 660 660 660 660 660 660 660 660 660 660 434 660 660 660 660 660 660 134 660 660 660 660 660 660 660 660 660 660 660 660 660 
551 551 551 551 551 551 551 551 786 551 551 551 551 551 551 551 551 551 585 160 551 551 551 551 551 551 186 551 551 372 551 551 551 399 551 551 551 551 551 434 551 551 551 551 551 551 134 551 551 172 551 551 551 551 551 551 551 789 551 551 
460 460 460 460 460 460 460 460 786 460 460 460 460 460 460 460 460 460 585 160 460 460 460 460 460 460 186 460 460 372 460 460 460 399 460 460 460 460 460 434 460 460 460 460 460 460 134 460 460 172 460 460 460 460 460 460 460 789 460 460 
616 616 616 616 616 616 616 616 786 616 616 616 616 616 616 616 616 616 585 616 616 616 616 616 616 616 186 616 616 372 616 616 616 399 616 616 616 616 616 434 616 616 616 616 616 616 134 616 616 172 616 616 616 616 616 616 616 789 616 616 
948 348 272 666 568 666 197 314 786 245 666 499 337 925 821 567 171 877 585 160 993 511 666 666 666 604 186 185 634 372 686 428 978 399 563 405 345 653 587 434 397 483 163 706 666 666 134 769 561 172 666 666 670 776 179 444 288 789 666 901 
793 793 793 793 793 793 793 793 786 793 793 793 793 793 793 793 793 793 585 793 793 793 793 793 793 793 186 793 793 793 793 793 793 793 793 793 793 793 793 434 793 793 793 793 793 793 134 793 793 793 793 793 793 793 793 793 793 793 793 793 
948 348 272 124 568 124 124 314 786 245 124 499 337 925 821 567 171 877 585 160 993 511 124 124 124 604 186 185 634 372 124 428 978 399 563 405 345 653 587 434 397 483 163 706 124 124 134 769 561 172 124 124 124 776 179 444 288 789 124 901 
865 865 865 865 865 865 865 865 786 865 865 865 865 865 865 865 865 865 585 865 865 865 865 865 865 865 186 865 865 865 865 865 865 865 865 865 865 865 865 434 865 865 865 865 865 865 134 865 865 865 865 865 865 865 865 865 865 865 865 865 
664 664 664 664 664 664 664 664 786 664 664 664 664 664 664 664 664 664 585 160 664 664 664 664 664 664 186 664 664 372 664 664 664 399 664 664 664 664 664 434 664 664 664 664 664 664 134 664 664 172 664 664 664 664 664 664 664 789 664 664 
982 348 272 982 568 982 982 982 786 982 982 499 982 925 982 982 982 982 585 160 993 982 982 982 982 982 186 185 634 372 982 428 982 399 982 982 982 982 587 434 982 982 163 982 982 982 134 769 982 172 982 982 982 982 982 444 288 789 982 901 
948 348 272 584 568 584 584 584 786 584 584 499 584 925 821 567 171 877 585 160 993 584 584 584 584 604 186 185 634 372 584 428 978 399 563 405 345 653 587 434 397 483 163 706 584 584 134 769 561 172 584 584 584 776 179 444 288 789 584 901 
948 348 272 369 568 369 369 369 786 369 369 499 369 925 821 369 369 877 585 160 993 369 369 369 369 369 186 185 634 372 369 428 978 399 369 369 369 369 587 434 369 369 163 369 369 369 134 769 561 172 369 369 369 776 369 444 288 789 369 901 
206 206 206 206 206 206 206 206 786 206 206 206 206 206 206 206 206 206 585 206 206 206 206 206 206 206 186 206 206 372 206 206 206 399 206 206 206 206 206 434 206 206 206 206 206 206 134 206 206 172 206 206 206 206 206 206 206 789 206 206 
948 348 272 117 568 117 117 314 786 117 117 499 337 925 821 567 171 877 585 160 993 117 117 117 117 604 186 185 634 372 117 428 978 399 563 405 345 653 587 434 397 483 163 706 117 117 134 769 561 172 117 117 117 776 179 444 288 789 117 901 
948 348 272 906 568 906 906 906 786 906 906 499 906 925 821 906 906 877 585 160 993 906 906 906 906 906 186 185 634 372 906 428 978 399 906 906 906 906 587 434 906 906 163 906 906 906 134 769 906 172 906 906 906 906 906 444 288 789 906 901 
301 301 301 301 301 301 301 301 786 301 301 301 301 301 301 301 301 301 585 301 301 301 301 301 301 301 186 301 301 372 301 301 301 301 301 301 301 301 301 434 301 301 301 301 301 301 134 301 301 172 301 301 301 301 301 301 301 789 301 301 
948 348 272 384 568 384 384 314 786 384 384 499 384 925 821 567 171 877 585 160 993 384 384 384 384 604 186 185 634 372 384 428 978 399 563 405 345 653 587 434 397 483 163 706 384 384 134 769 561 172 384 384 384 776 179 444 288 789 384 901 
948 348 272 893 568 893 893 893 786 893 893 499 893 925 821 567 171 877 585 160 993 893 893 893 893 604 186 185 634 372 893 428 978 399 563 893 345 893 587 434 397 483 163 706 893 893 134 769 561 172 893 893 893 776 179 444 288 789 893 901 
976 348 272 976 568 976 976 976 786 976 976 499 976 925 976 976 976 976 585 160 993 976 976 976 976 976 186 976 634 372 976 428 976 399 976 976 976 976 587 434 976 976 163 976 976 976 134 769 976 172 976 976 976 976 976 444 288 789 976 901 
948 348 272 691 568 691 691 691 786 691 691 499 691 925 821 567 171 877 585 160 993 691 691 691 691 604 186 185 634 372 691 428 978 399 563 691 345 653 587 434 397 483 163 706 691 691 134 769 561 172 691 691 691 776 179 444 288 789 691 901 
857 857 857 857 857 857 857 857 786 857 857 857 857 857 857 857 857 857 585 857 857 857 857 857 857 857 186 857 857 372 857 857 857 857 857 857 857 857 857 434 857 857 857 857 857 857 134 857 857 172 857 857 857 857 857 857 857 789 857 857 
815 815 815 815 815 815 815 815 786 815 815 815 815 815 815 815 815 815 585 815 815 815 815 815 815 815 186 815 815 372 815 815 815 815 815 815 815 815 815 434 815 815 815 815 815 815 134 815 815 172 815 815 815 815 815 815 815 789 815 815 
948 348 272 518 568 518 518 518 786 518 518 499 518 925 821 567 171 877 585 160 993 518 518 518 518 604 186 185 634 372 518 428 978 399 563 518 345 653 587 434 397 483 163 706 518 518 134 769 561 172 518 518 518 776 179 444 288 789 518 901 
948 348 272 947 568 947 947 314 786 947 947 499 337 925 821 567 171 877 585 160 993 947 947 947 947 604 186 185 634 372 947 428 978 399 563 405 345 653 587 434 397 483 163 706 947 947 134 769 561 172 947 947 947 776 179 444 288 789 947 901 
948 348 272 353 568 353 353 353 786 353 353 499 353 925 821 567 171 877 585 160 993 353 353 353 353 604 186 185 634 372 353 428 978 399 563 405 345 653 587 434 397 483 163 706 353 353 134 769 561 172 353 353 353 776 179 444 288 789 353 901 
948 348 272 338 568 338 338 338 786 338 338 499 338 925 821 567 171 877 585 160 993 338 338 338 338 604 186 185 634 372 338 428 978 399 563 338 345 653 587 434 397 483 163 706 338 338 134 769 561 172 338 338 338 776 179 444 288 789 338 901 
909 909 909 909 909 909 909 909 909 909 909 909 909 909 909 909 909 909 909 909 909 909 909 909 909 909 909 909 909 909 909 909 909 909 909 909 909 909 909 909 909 909 909 909 909 909 909 909 909 909 909 909 909 909 909 909 909 909 909 909 
948 348 272 964 568 964 964 964 786 964 964 499 964 925 821 964 964 877 585 160 993 964 964 964 964 964 186 185 634 372 964 428 978 399 964 964 964 964 587 434 964 964 163 964 964 964 134 769 964 172 964 964 964 964 964 444 288 789 964 901 
571 571 571 571 571 571 571 571 786 571 571 571 571 571 571 571 571 571 585 571 571 571 571 571 571 571 186 571 571 571 571 571 571 571 571 571 571 571 571 434 571 571 571 571 571 571 134 571 571 571 571 571 571 571 571 571 571 571 571 571 
249 249 249 249 249 249 249 249 786 249 249 249 249 249 249 249 249 249 585 249 249 249 249 249 249 249 186 249 249 249 249 249 249 249 249 249 249 249 249 434 249 249 249 249 249 249 134 249 249 249 249 249 249 249 249 249 249 249 249 249 
795 348 272 795 568 795 795 795 786 795 795 795 795 925 795 795 795 795 585 160 993 795 795 795 795 795 186 795 795 372 795 428 795 399 795 795 795 795 795 434 795 795 795 795 795 795 134 769 795 172 795 795 795 795 795 444 288 789 795 901 
646 646 646 646 646 646 646 646 786 646 646 646 646 646 646 646 646 646 585 160 646 646 646 646 646 646 186 646 646 372 646 646 646 399 646 646 646 646 646 434 646 646 646 646 646 646 134 646 646 172 646 646 646 646 646 646 646 789 646 646 
617 617 272 617 568 617 617 617 786 617 617 617 617 925 617 617 617 617 585 160 993 617 617 617 617 617 186 617 617 372 617 617 617 399 617 617 617 617 617 434 617 617 617 617 617 617 134 617 617 172 617 617 617 617 617 444 288 789 617 901 
278 278 278 278 278 278 278 278 786 278 278 278 278 278 278 278 278 278 585 278 278 278 278 278 278 278 186 278 278 278 278 278 278 278 278 278 278 278 278 434 278 278 278 278 278 278 134 278 278 278 278 278 278 278 278 278 278 278 278 278 
90 90
956 406 853 406 616 406 406 406 406 406 703 700 406 406 406 406 406 406 861 406 406 406 854 406 406 406 411 567 410 406 406 406 406 406 872 406 291 406 406 897 406 406 406 935 406 406 406 487 406 406 406 406 406 361 406 940 406 406 406 406 406 194 220 566 406 187 406 406 418 406 406 406 406 406 406 406 406 406 406 406 406 406 406 406 406 406 354 406 406 406 
956 984 853 425 616 628 177 549 731 392 703 700 205 973 509 393 666 904 861 811 801 580 854 221 509 234 411 567 410 169 591 223 767 285 872 600 291 509 540 897 885 573 914 935 322 174 509 487 446 472 129 507 451 361 558 940 662 879 245 830 929 194 220 566 547 187 720 509 418 556 416 509 509 389 356 139 262 598 635 619 343 370 928 608 881 362 354 867 978 336 
956 127 853 127 616 127 127 127 127 127 703 700 127 127 127 127 127 127 861 127 127 127 854 127 127 127 411 567 410 127 127 127 127 127 872 127 291 127 127 897 127 127 127 935 127 127 127 487 127 127 127 127 127 361 127 940 127 127 127 127 127 194 220 566 127 187 127 127 418 127 127 127 127 127 127 127 127 127 127 127 127 127 127 127 127 127 354 127 127 127 
851 851 853 851 851 851 851 851 851 851 703 851 851 851 851 851 851 851 861 851 851 851 851 851 851 851 411 567 851 851 851 851 851 851 872 851 851 851 851 851 851 851 851 935 851 851 851 851 851 851 851 851 851 361 851 940 851 851 851 851 851 851 851 566 851 851 851 851 418 851 851 851 851 851 851 851 851 851 851 851 851 851 851 851 851 851 851 851 851 851 
956 984 853 425 616 628 177 549 731 392 703 700 205 973 586 393 666 904 861 811 801 586 854 221 586 234 411 567 410 169 591 223 767 285 872 600 291 586 540 897 885 573 914 935 322 174 586 487 446 472 129 507 451 361 558 940 662 879 245 830 929 194 220 566 547 187 720 586 418 556 416 586 586 389 356 139 262 598 635 619 343 370 928 608 881 362 354 867 978 336 
956 706 853 425 616 628 177 549 731 392 703 700 205 973 706 393 666 904 861 811 801 706 854 221 706 234 411 567 410 169 591 223 767 285 872 706 291 706 540 897 885 573 914 935 322 174 706 487 446 472 129 507 451 361 558 940 662 879 245 830 929 194 220 566 547 187 706 706 418 556 416 706 706 389 356 139 262 598 635 619 343 370 928 608 881 362 354 867 978 336 
956 230 853 230 616 230 177 230 731 230 703 700 230 230 230 393 230 904 861 230 801 230 854 230 230 230 411 567 410 230 230 230 230 285 872 230 291 230 540 897 885 230 230 935 230 230 230 487 446 230 230 230 451 361 230 940 230 879 245 230 929 194 220 566 230 187 230 230 418 556 230 230 230 389 356 139 262 598 230 619 343 230 230 608 881 230 354 867 230 336 
956 701 853 701 616 701 177 701 731 701 703 700 701 701 701 393 701 904 861 701 801 701 854 701 701 701 411 567 410 701 701 701 701 285 872 701 291 701 540 897 885 701 701 935 701 701 701 487 446 701 701 701 451 361 701 940 701 879 245 701 929 194 220 566 701 187 701 701 418 556 701 701 701 701 701 139 701 598 701 619 701 701 701 608 881 701 354 867 701 336 
956 275 853 425 616 275 177 275 731 392 703 700 205 973 275 393 666 904 861 811 801 275 854 221 275 234 411 567 410 169 591 223 767 285 872 275 291 275 540 897 885 573 914 935 322 174 275 487 446 472 129 507 451 361 558 940 662 879 245 830 929 194 220 566 547 187 275 275 418 556 416 275 275 389 356 139 262 598 635 619 343 370 928 608 881 275 354 867 978 336 
956 478 853 425 616 478 177 478 731 392 703 700 205 973 478 393 666 904 861 811 801 478 854 221 478 234 411 567 410 169 591 223 767 285 872 478 291 478 540 897 885 573 914 935 322 478 478 487 446 472 129 507 451 361 558 940 662 879 245 830 929 194 220 566 547 187 478 478 418 556 416 478 478 389 356 139 262 598 635 619 343 370 928 608 881 478 354 867 978 336 
956 926 853 425 616 926 177 926 731 392 703 700 205 926 926 393 666 904 861 811 801 926 854 221 926 926 411 567 410 926 926 223 767 285 872 926 291 926 540 897 885 573 926 935 926 926 926 487 446 926 926 926 451 361 558 940 662 879 245 926 929 194 220 566 547 187 926 926 418 556 926 926 926 389 356 139 262 598 635 619 343 926 928 608 881 926 354 867 978 336 
956 454 853 425 616 454 177 454 731 392 703 700 205 973 454 393 666 904 861 811 801 454 854 221 454 234 411 567 410 169 454 223 767 285 872 454 291 454 540 897 885 573 914 935 454 454 454 487 446 454 454 454 451 361 558 940 662 879 245 830 929 194 220 566 547 187 454 454 418 556 416 454 454 389 356 139 262 598 635 619 343 454 928 608 881 454 354 867 978 336 
956 226 853 425 616 226 177 226 731 392 703 700 205 226 226 393 226 904 861 811 801 226 854 221 226 226 411 567 410 226 226 223 767 285 872 226 291 226 540 897 885 573 226 935 226 226 226 487 446 226 226 226 451 361 558 940 662 879 245 226 929 194 220 566 547 187 226 226 418 556 226 226 226 389 356 139 262 598 635 619 343 226 928 608 881 226 354 867 226 336 
818 818 853 818 818 818 818 818 818 818 703 818 818 818 818 818 818 818 861 818 818 818 818 818 818 818 411 567 818 818 818 818 818 818 872 818 818 818 818 818 818 818 818 935 818 818 818 818 818 818 818 818 818 361 818 940 818 818 818 818 818 818 818 566 818 818 818 818 418 818 818 818 818 818 818 818 818 818 818 818 818 818 818 818 818 818 818 818 818 818 
956 315 853 425 616 315 177 315 731 392 703 700 205 315 315 393 666 904 861 811 801 315 854 221 315 315 411 567 410 315 315 223 767 285 872 315 291 315 540 897 885 573 315 935 315 315 315 487 446 315 315 315 451 361 558 940 662 879 245 315 929 194 220 566 547 187 315 315 418 556 315 315 315 389 356 139 262 598 635 619 343 315 928 608 881 315 354 867 978 336 
956 422 853 422 616 422 177 422 731 422 703 700 422 422 422 393 422 422 861 422 422 422 854 422 422 422 411 567 410 422 422 422 422 285 872 422 291 422 422 897 422 422 422 935 422 422 422 487 446 422 422 422 451 361 422 940 422 879 422 422 929 194 220 566 422 187 422 422 418 422 422 422 422 422 422 422 422 598 422 422 422 422 422 422 881 422 354 867 422 336 
956 974 853 974 616 974 974 974 974 974 703 700 974 974 974 974 974 974 861 974 974 974 854 974 974 974 411 567 410 974 974 974 974 974 872 974 291 974 974 897 974 974 974 935 974 974 974 487 974 974 974 974 974 361 974 940 974 974 974 974 974 974 220 566 974 187 974 974 418 974 974 974 974 974 974 974 974 974 974 974 974 974 974 974 974 974 354 974 974 974 
956 312 853 312 616 312 177 312 731 312 703 700 312 312 312 393 312 904 861 312 801 312 854 312 312 312 411 567 410 312 312 312 312 285 872 312 291 312 540 897 885 312 312 935 312 312 312 487 446 312 312 312 451 361 312 940 312 879 245 312 929 194 220 566 312 187 312 312 418 556 312 312 312 312 312 139 312 598 312 619 312 312 312 608 881 312 354 867 312 336 
956 445 853 425 616 445 177 445 731 445 703 700 445 445 445 393 445 904 861 811 801 445 854 221 445 445 411 567 410 445 445 223 445 285 872 445 291 445 540 897 885 573 445 935 445 445 445 487 446 445 445 445 451 361 445 940 445 879 245 445 929 194 220 566 445 187 445 445 418 556 445 445 445 389 356 139 262 598 635 619 343 445 445 608 881 445 354 867 445 336 
956 533 853 425 616 533 177 533 731 533 703 700 533 533 533 393 533 904 861 533 801 533 854 533 533 533 411 567 410 533 533 533 533 285 872 533 291 533 540 897 885 533 533 935 533 533 533 487 446 533 533 533 451 361 533 940 533 879 245 533 929 194 220 566 533 187 533 533 418 556 533 533 533 389 356 139 262 598 635 619 343 533 533 608 881 533 354 867 533 336 
956 342 853 342 616 342 177 342 731 342 703 700 342 342 342 393 342 342 861 342 342 342 854 342 342 342 411 567 410 342 342 342 342 285 872 342 291 342 342 897 342 342 342 935 342 342 342 487 446 342 342 342 451 361 342 940 342 879 342 342 929 194 220 566 342 187 342 342 418 342 342 342 342 342 342 342 342 598 342 619 342 342 342 342 881 342 354 867 342 336 
956 984 853 425 616 628 177 549 731 392 703 700 205 973 225 393 666 904 861 811 801 580 854 221 225 234 411 567 410 169 591 223 767 285 872 600 291 225 540 897 885 573 914 935 322 174 225 487 446 472 129 507 451 361 558 940 662 879 245 830 929 194 220 566 547 187 720 225 418 556 416 225 225 389 356 139 262 598 635 619 343 370 928 608 881 362 354 867 978 336 
956 453 853 453 616 453 177 453 731 453 703 700 453 453 453 393 453 453 861 453 453 453 854 453 453 453 411 567 410 453 453 453 453 285 872 453 291 453 453 897 453 453 453 935 453 453 453 487 446 453 453 453 451 361 453 940 453 453 453 453 929 194 220 566 453 187 453 453 418 453 453 453 453 453 453 453 453 598 453 453 453 453 453 453 881 453 354 867 453 336 
102 102 853 102 616 102 102 102 102 102 703 102 102 102 102 102 102 102 861 102 102 102 102 102 102 102 411 567 102 102 102 102 102 102 872 102 102 102 102 897 102 102 102 935 102 102 102 102 102 102 102 102 102 361 102 940 102 102 102 102 102 102 102 566 102 102 102 102 418 102 102 102 102 102 102 102 102 102 102 102 102 102 102 102 102 102 102 102 102 102 
956 658 853 425 616 658 177 658 731 658 703 700 658 658 658 393 658 904 861 658 801 658 854 658 658 658 411 567 410 658 658 658 658 285 872 658 291 658 540 897 885 658 658 935 658 658 658 487 446 658 658 658 451 361 658 940 658 879 245 658 929 194 220 566 658 187 658 658 418 556 658 658 658 389 356 139 262 598 635 619 343 658 658 608 881 658 354 867 658 336 
956 984 853 425 616 628 177 549 731 392 703 700 205 973 154 393 666 904 861 811 801 580 854 221 945 234 411 567 410 169 591 223 767 285 872 600 291 948 540 897 885 573 914 935 322 174 548 487 446 472 129 507 451 361 558 940 662 879 245 830 929 194 220 566 547 187 720 215 418 556 416 661 840 389 356 139 262 598 635 619 343 370 928 608 881 362 354 867 978 336 
956 109 853 109 616 109 109 109 109 109 703 700 109 109 109 109 109 109 861 109 109 109 854 109 109 109 411 567 410 109 109 109 109 109 872 109 291 109 109 897 109 109 109 935 109 109 109 487 109 109 109 109 109 361 109 940 109 109 109 109 109 194 220 566 109 187 109 109 418 109 109 109 109 109 109 109 109 109 109 109 109 109 109 109 109 109 354 109 109 109 
151 151 151 151 151 151 151 151 151 151 703 151 151 151 151 151 151 151 151 151 151 151 151 151 151 151 151 151 151 151 151 151 151 151 151 151 151 151 151 151 151 151 151 151 151 151 151 151 151 151 151 151 151 151 151 940 151 151 151 151 151 151 151 151 151 151 151 151 151 151 151 151 151 151 151 151 151 151 151 151 151 151 151 151 151 151 151 151 151 151 
956 944 853 425 616 944 177 944 731 392 703 700 205 973 944 393 666 904 861 811 801 944 854 221 944 234 411 567 410 169 591 223 767 285 872 944 291 944 540 897 885 573 914 935 944 944 944 487 446 944 129 507 451 361 558 940 662 879 245 830 929 194 220 566 547 187 944 944 418 556 416 944 944 389 356 139 262 598 635 619 343 944 928 608 881 944 354 867 978 336 
956 984 853 425 616 628 177 549 731 392 703 700 205 973 154 393 666 904 861 811 801 580 854 221 945 234 411 567 410 169 591 223 767 285 872 600 291 948 540 897 885 573 914 935 322 174 548 487 446 472 129 507 451 361 558 940 662 879 245 830 929 194 220 566 547 187 720 215 418 556 416 661 840 389 356 139 262 598 635 619 343 370 928 608 881 362 354 867 978 336 
956 719 853 719 616 719 177 719 731 719 703 700 719 719 719 393 719 719 861 719 719 719 854 719 719 719 411 567 410 719 719 719 719 719 872 719 291 719 719 897 719 719 719 935 719 719 719 487 446 719 719 719 451 361 719 940 719 719 719 719 929 194 220 566 719 187 719 719 418 719 719 719 719 719 719 719 719 598 719 719 719 719 719 719 881 719 354 719 719 336 
956 983 853 983 616 983 983 983 983 983 703 700 983 983 983 983 983 983 861 983 983 983 854 983 983 983 411 567 410 983 983 983 983 983 872 983 291 983 983 897 983 983 983 935 983 983 983 487 983 983 983 983 983 361 983 940 983 983 983 983 983 983 220 566 983 187 983 983 418 983 983 983 983 983 983 983 983 983 983 983 983 983 983 983 983 983 354 983 983 983 
956 266 853 425 616 266 177 266 731 392 703 700 205 973 266 393 666 904 861 811 801 266 854 221 266 234 411 567 410 169 591 223 767 285 872 266 291 266 540 897 885 573 914 935 266 266 266 487 446 472 129 507 451 361 558 940 662 879 245 830 929 194 220 566 547 187 266 266 418 556 416 266 266 389 356 139 262 598 635 619 343 266 928 608 881 266 354 867 978 336 
956 789 853 789 616 789 177 789 731 789 703 700 789 789 789 393 789 904 861 789 801 789 854 789 789 789 411 567 410 789 789 789 789 285 872 789 291 789 540 897 885 789 789 935 789 789 789 487 446 789 789 789 451 361 789 940 789 879 245 789 929 194 220 566 789 187 789 789 418 556 789 789 789 389 356 139 262 598 789 619 343 789 789 608 881 789 354 867 789 336 
956 984 853 425 616 628 177 549 731 392 703 700 205 973 154 393 666 904 861 811 801 580 854 221 945 234 411 567 410 169 591 223 767 285 872 600 291 948 540 897 885 573 914 935 322 174 548 487 446 472 129 507 451 361 558 940 662 879 245 830 929 194 220 566 547 187 720 215 418 556 416 661 840 389 356 139 262 598 635 619 343 370 928 608 881 362 354 867 978 336 
956 975 853 975 616 975 975 975 975 975 703 700 975 975 975 393 975 975 861 975 975 975 854 975 975 975 411 567 410 975 975 975 975 975 872 975 291 975 975 897 975 975 975 935 975 975 975 487 446 975 975 975 451 361 975 940 975 975 975 975 929 194 220 566 975 187 975 975 418 975 975 975 975 975 975 975 975 598 975 975 975 975 975 975 881 975 354 975 975 336 
956 803 853 803 616 803 177 803 731 803 703 700 803 803 803 393 803 803 861 803 803 803 854 803 803 803 411 567 410 803 803 803 803 285 872 803 291 803 803 897 803 803 803 935 803 803 803 487 446 803 803 803 451 361 803 940 803 879 803 803 929 194 220 566 803 187 803 803 418 803 803 803 803 803 803 803 803 598 803 619 803 803 803 803 881 803 354 867 803 336 
956 456 853 425 616 456 177 456 731 392 703 700 205 973 456 393 666 904 861 811 801 456 854 221 456 456 411 567 410 169 456 223 767 285 872 456 291 456 540 897 885 573 914 935 456 456 456 487 446 456 456 456 451 361 558 940 662 879 245 830 929 194 220 566 547 187 456 456 418 556 416 456 456 389 356 139 262 598 635 619 343 456 928 608 881 456 354 867 978 336 
956 539 853 539 616 539 177 539 731 539 703 700 539 539 539 393 539 904 861 539 801 539 854 539 539 539 411 567 410 539 539 539 539 285 872 539 291 539 539 897 539 539 539 935 539 539 539 487 446 539 539 539 451 361 539 940 539 879 245 539 929 194 220 566 539 187 539 539 418 556 539 539 539 539 539 539 539 598 539 619 539 539 539 608 881 539 354 867 539 336 
391 391 853 391 391 391 391 391 391 391 703 391 391 391 391 391 391 391 861 391 391 391 391 391 391 391 411 567 391 391 391 391 391 391 872 391 391 391 391 391 391 391 391 935 391 391 391 391 391 391 391 391 391 361 391 940 391 391 391 391 391 391 391 566 391 391 391 391 418 391 391 391 391 391 391 391 391 391 391 391 391 391 391 391 391 391 391 391 391 391 
956 984 853 425 616 628 177 549 731 392 703 700 205 973 154 393 666 904 861 811 801 580 854 221 945 234 411 567 410 169 591 223 767 285 872 600 291 948 540 897 885 573 914 935 322 174 548 487 446 472 129 507 451 361 558 940 662 879 245 830 929 194 220 566 547 187 720 215 418 556 416 661 840 389 356 139 262 598 635 619 343 370 928 608 881 362 354 867 978 336 
956 984 853 425 616 628 177 549 731 392 703 700 205 973 154 393 666 904 861 811 801 580 854 221 945 234 411 567 410 169 591 223 767 285 872 600 291 948 540 897 885 573 914 935 322 174 548 487 446 472 129 507 451 361 558 940 662 879 245 830 929 194 220 566 547 187 720 215 418 556 416 661 840 389 356 139 262 598 635 619 343 370 928 608 881 362 354 867 978 336 
956 264 853 425 616 264 177 264 731 392 703 700 205 264 264 393 666 904 861 811 801 264 854 221 264 264 411 567 410 264 264 223 767 285 872 264 291 264 540 897 885 573 264 935 264 264 264 487 446 264 264 264 451 361 558 940 662 879 245 264 929 194 220 566 547 187 264 264 418 556 264 264 264 389 356 139 262 598 635 619 343 264 928 608 881 264 354 867 978 336 
956 493 853 425 616 493 177 493 731 493 703 700 493 493 493 393 493 904 861 811 801 493 854 221 493 493 411 567 410 493 493 223 767 285 872 493 291 493 540 897 885 573 493 935 493 493 493 487 446 493 493 493 451 361 493 940 662 879 245 493 929 194 220 566 493 187 493 493 418 556 493 493 493 389 356 139 262 598 635 619 343 493 493 608 881 493 354 867 493 336 
956 893 853 425 616 893 177 893 731 893 703 700 893 893 893 393 893 904 861 811 801 893 854 221 893 893 411 567 410 893 893 893 893 285 872 893 291 893 540 897 885 573 893 935 893 893 893 487 446 893 893 893 451 361 893 940 893 879 245 893 929 194 220 566 893 187 893 893 418 556 893 893 893 389 356 139 262 598 635 619 343 893 893 608 881 893 354 867 893 336 
956 520 853 425 616 520 177 520 731 392 703 700 205 973 520 393 666 904 861 811 801 520 854 221 520 234 411 567 410 169 520 223 767 285 872 520 291 520 540 897 885 573 914 935 520 520 520 487 446 520 520 520 451 361 558 940 662 879 245 830 929 194 220 566 547 187 520 520 418 556 416 520 520 389 356 139 262 598 635 619 343 520 928 608 881 520 354 867 978 336 
956 222 853 222 616 222 177 222 731 222 703 700 222 222 222 393 222 222 861 222 222 222 854 222 222 222 411 567 410 222 222 222 222 285 872 222 291 222 222 897 222 222 222 935 222 222 222 487 446 222 222 222 451 361 222 940 222 879 222 222 929 194 220 566 222 187 222 222 418 222 222 222 222 222 222 222 222 598 222 222 222 222 222 222 881 222 354 867 222 336 
956 328 853 425 616 328 177 328 731 392 703 700 205 328 328 393 328 904 861 811 801 328 854 221 328 328 411 567 410 328 328 223 767 285 872 328 291 328 540 897 885 573 328 935 328 328 328 487 446 328 328 328 451 361 558 940 662 879 245 328 929 194 220 566 547 187 328 328 418 556 328 328 328 389 356 139 262 598 635 619 343 328 928 608 881 328 354 867 978 336 
956 350 853 350 616 350 177 350 731 350 703 700 350 350 350 393 350 350 861 350 350 350 854 350 350 350 411 567 410 350 350 350 350 285 872 350 291 350 350 897 350 350 350 935 350 350 350 487 446 350 350 350 451 361 350 940 350 350 350 350 929 194 220 566 350 187 350 350 418 350 350 350 350 350 350 350 350 598 350 350 350 350 350 350 881 350 354 350 350 336 
956 839 853 425 616 628 177 549 731 392 703 700 205 973 839 393 666 904 861 811 801 839 854 221 839 234 411 567 410 169 591 223 767 285 872 600 291 839 540 897 885 573 914 935 322 174 839 487 446 472 129 507 451 361 558 940 662 879 245 830 929 194 220 566 547 187 720 839 418 556 416 839 839 389 356 139 262 598 635 619 343 370 928 608 881 362 354 867 978 336 
956 559 853 559 616 559 177 559 731 559 703 700 559 559 559 393 559 559 861 559 559 559 854 559 559 559 411 567 410 559 559 559 559 559 872 559 291 559 559 897 559 559 559 935 559 559 559 487 446 559 559 559 451 361 559 940 559 559 559 559 929 194 220 566 559 187 559 559 418 559 559 559 559 559 559 559 559 598 559 559 559 559 559 559 881 559 354 559 559 336 
956 877 853 877 616 877 177 877 731 877 703 700 877 877 877 393 877 904 861 877 801 877 854 877 877 877 411 567 410 877 877 877 877 285 872 877 291 877 540 897 885 877 877 935 877 877 877 487 446 877 877 877 451 361 877 940 877 879 245 877 929 194 220 566 877 187 877 877 418 556 877 877 877 389 356 139 262 598 877 619 343 877 877 608 881 877 354 867 877 336 
956 213 853 213 616 213 177 213 731 213 703 700 213 213 213 393 213 213 861 213 801 213 854 213 213 213 411 567 410 213 213 213 213 285 872 213 291 213 213 897 213 213 213 935 213 213 213 487 446 213 213 213 451 361 213 940 213 879 213 213 929 194 220 566 213 187 213 213 418 213 213 213 213 213 213 213 213 598 213 619 213 213 213 608 881 213 354 867 213 336 
956 984 853 425 616 628 177 549 731 392 703 700 205 973 154 393 666 904 861 811 801 580 854 221 945 234 411 567 410 169 591 223 767 285 872 600 291 948 540 897 885 573 914 935 322 174 548 487 446 472 129 507 451 361 558 940 662 879 245 830 929 194 220 566 547 187 720 215 418 556 416 661 840 389 356 139 262 598 635 619 343 370 928 608 881 362 354 867 978 336 
956 845 853 845 616 845 177 845 731 845 703 700 845 845 845 393 845 904 861 845 801 845 854 845 845 845 411 567 410 845 845 845 845 285 872 845 291 845 540 897 885 845 845 935 845 845 845 487 446 845 845 845 451 361 845 940 845 879 245 845 929 194 220 566 845 187 845 845 418 556 845 845 845 389 356 139 262 598 845 619 343 845 845 608 881 845 354 867 845 336 
956 748 853 748 616 748 748 748 748 748 703 700 748 748 748 748 748 748 861 748 748 748 854 748 748 748 411 567 410 748 748 748 748 748 872 748 291 748 748 897 748 748 748 935 748 748 748 487 748 748 748 748 748 361 748 940 748 748 748 748 748 194 220 566 748 187 748 748 418 748 748 748 748 748 748 748 748 748 748 748 748 748 748 748 748 748 354 748 748 748 
956 763 853 763 616 763 177 763 731 763 703 700 763 763 763 393 763 763 861 763 763 763 854 763 763 763 411 567 410 763 763 763 763 285 872 763 291 763 763 897 763 763 763 935 763 763 763 487 446 763 763 763 451 361 763 940 763 879 763 763 929 194 220 566 763 187 763 763 418 763 763 763 763 763 763 763 763 598 763 763 763 763 763 763 881 763 354 867 763 336 
956 713 853 713 616 713 713 713 713 713 703 700 713 713 713 713 713 713 861 713 713 713 854 713 713 713 411 567 410 713 713 713 713 713 872 713 291 713 713 897 713 713 713 935 713 713 713 487 713 713 713 713 713 361 713 940 713 713 713 713 713 194 220 566 713 187 713 713 418 713 713 713 713 713 713 713 713 713 713 713 713 713 713 713 713 713 354 713 713 713 
956 777 853 425 616 777 177 777 731 392 703 700 205 973 777 393 666 904 861 811 801 777 854 221 777 234 411 567 410 169 591 223 767 285 872 777 291 777 540 897 885 573 914 935 322 777 777 487 446 472 129 507 451 361 558 940 662 879 245 830 929 194 220 566 547 187 777 777 418 556 416 777 777 389 356 139 262 598 635 619 343 370 928 608 881 777 354 867 978 336 
956 374 853 425 616 628 177 549 731 392 703 700 205 973 374 393 666 904 861 811 801 374 854 221 374 234 411 567 410 169 591 223 767 285 872 600 291 374 540 897 885 573 914 935 322 174 374 487 446 472 129 507 451 361 558 940 662 879 245 830 929 194 220 566 547 187 374 374 418 556 416 374 374 389 356 139 262 598 635 619 343 370 928 608 881 362 354 867 978 336 
956 430 853 430 616 430 430 430 430 430 703 430 430 430 430 430 430 430 861 430 430 430 430 430 430 430 411 567 430 430 430 430 430 430 872 430 430 430 430 897 430 430 430 935 430 430 430 430 430 430 430 430 430 361 430 940 430 430 430 430 430 430 430 566 430 430 430 430 418 430 430 430 430 430 430 430 430 430 430 430 430 430 430 430 430 430 354 430 430 430 
956 427 853 425 616 427 177 427 731 392 703 700 205 973 427 393 666 904 861 811 801 427 854 221 427 234 411 567 410 169 591 223 767 285 872 427 291 427 540 897 885 573 914 935 427 427 427 487 446 472 129 507 451 361 558 940 662 879 245 830 929 194 220 566 547 187 427 427 418 556 416 427 427 389 356 139 262 598 635 619 343 427 928 608 881 427 354 867 978 336 
956 808 853 808 616 808 177 808 731 808 703 700 808 808 808 393 808 904 861 808 801 808 854 808 808 808 411 567 410 808 808 808 808 285 872 808 291 808 540 897 885 808 808 935 808 808 808 487 446 808 808 808 451 361 808 940 808 879 245 808 929 194 220 566 808 187 808 808 418 556 808 808 808 808 356 139 262 598 808 619 808 808 808 608 881 808 354 867 808 336 
956 482 853 482 616 482 177 482 731 482 703 700 482 482 482 393 482 482 861 482 482 482 854 482 482 482 411 567 410 482 482 482 482 285 872 482 291 482 482 897 482 482 482 935 482 482 482 487 446 482 482 482 451 361 482 940 482 482 482 482 929 194 220 566 482 187 482 482 418 482 482 482 482 482 482 482 482 598 482 482 482 482 482 482 881 482 354 867 482 336 
956 838 853 838 616 838 177 838 731 838 703 700 838 838 838 393 838 838 861 838 838 838 854 838 838 838 411 567 410 838 838 838 838 838 872 838 291 838 838 897 838 838 838 935 838 838 838 487 446 838 838 838 451 361 838 940 838 838 838 838 929 194 220 566 838 187 838 838 418 838 838 838 838 838 838 838 838 598 838 838 838 838 838 838 881 838 354 838 838 336 
956 218 853 425 616 218 177 218 731 218 703 700 218 218 218 393 218 904 861 218 801 218 854 218 218 218 411 567 410 218 218 218 218 285 872 218 291 218 540 897 885 218 218 935 218 218 218 487 446 218 218 218 451 361 218 940 218 879 245 218 929 194 220 566 218 187 218 218 418 556 218 218 218 389 356 139 262 598 635 619 343 218 218 608 881 218 354 867 218 336 
956 338 853 425 616 338 177 338 731 338 703 700 338 338 338 393 338 904 861 811 801 338 854 221 338 338 411 567 410 338 338 223 338 285 872 338 291 338 540 897 885 573 338 935 338 338 338 487 446 338 338 338 451 361 338 940 338 879 245 338 929 194 220 566 338 187 338 338 418 556 338 338 338 389 356 139 262 598 635 619 343 338 338 608 881 338 354 867 338 336 
441 441 441 441 441 441 441 441 441 441 703 441 441 441 441 441 441 441 441 441 441 441 441 441 441 441 441 441 441 441 441 441 441 441 872 441 441 441 441 441 441 441 441 441 441 441 441 441 441 441 441 441 441 441 441 940 441 441 441 441 441 441 441 441 441 441 441 441 441 441 441 441 441 441 441 441 441 441 441 441 441 441 441 441 441 441 441 441 441 441 
956 924 853 425 616 924 177 924 731 392 703 700 205 924 924 393 924 904 861 811 801 924 854 221 924 924 411 567 410 924 924 223 767 285 872 924 291 924 540 897 885 573 924 935 924 924 924 487 446 924 924 924 451 361 558 940 662 879 245 924 929 194 220 566 547 187 924 924 418 556 924 924 924 389 356 139 262 598 635 619 343 924 928 608 881 924 354 867 924 336 
345 345 345 345 345 345 345 345 345 345 703 345 345 345 345 345 345 345 345 345 345 345 345 345 345 345 345 345 345 345 345 345 345 345 872 345 345 345 345 345 345 345 345 345 345 345 345 345 345 345 345 345 345 345 345 940 345 345 345 345 345 345 345 345 345 345 345 345 345 345 345 345 345 345 345 345 345 345 345 345 345 345 345 345 345 345 345 345 345 345 
956 856 853 856 616 856 177 856 731 856 703 700 856 856 856 393 856 904 861 856 801 856 854 856 856 856 411 567 410 856 856 856 856 285 872 856 291 856 540 897 885 856 856 935 856 856 856 487 446 856 856 856 451 361 856 940 856 879 245 856 929 194 220 566 856 187 856 856 418 556 856 856 856 856 856 856 856 598 856 619 856 856 856 608 881 856 354 867 856 336 
956 752 853 752 616 752 177 752 731 752 703 700 752 752 752 393 752 752 861 752 752 752 854 752 752 752 411 567 410 752 752 752 752 285 872 752 291 752 752 897 752 752 752 935 752 752 752 487 446 752 752 752 451 361 752 940 752 879 752 752 929 194 220 566 752 187 752 752 418 752 752 752 752 752 752 752 752 598 752 752 752 752 752 752 881 752 354 867 752 336 
956 339 853 339 616 339 177 339 731 339 703 700 339 339 339 393 339 339 861 339 339 339 854 339 339 339 411 567 410 339 339 339 339 285 872 339 291 339 339 897 339 339 339 935 339 339 339 487 446 339 339 339 451 361 339 940 339 879 339 339 929 194 220 566 339 187 339 339 418 339 339 339 339 339 339 339 339 598 339 339 339 339 339 339 881 339 354 867 339 336 
956 984 853 425 616 628 177 549 731 392 703 700 205 973 175 393 666 904 861 811 801 580 854 221 945 234 411 567 410 169 591 223 767 285 872 600 291 175 540 897 885 573 914 935 322 174 175 487 446 472 129 507 451 361 558 940 662 879 245 830 929 194 220 566 547 187 720 175 418 556 416 175 840 389 356 139 262 598 635 619 343 370 928 608 881 362 354 867 978 336 
956 166 853 166 616 166 166 166 166 166 703 700 166 166 166 166 166 166 861 166 166 166 854 166 166 166 411 567 410 166 166 166 166 166 872 166 291 166 166 897 166 166 166 935 166 166 166 487 166 166 166 166 166 361 166 940 166 166 166 166 166 166 220 566 166 187 166 166 418 166 166 166 166 166 166 166 166 166 166 166 166 166 166 166 166 166 354 166 166 166 
956 496 853 425 616 496 177 496 731 392 703 700 205 973 496 393 666 904 861 811 801 496 854 221 496 234 411 567 410 169 591 223 767 285 872 496 291 496 540 897 885 573 914 935 496 496 496 487 446 472 129 507 451 361 558 940 662 879 245 830 929 194 220 566 547 187 496 496 418 556 416 496 496 389 356 139 262 598 635 619 343 496 928 608 881 496 354 867 978 336 
956 498 853 425 616 498 177 498 731 392 703 700 205 498 498 393 498 904 861 811 801 498 854 221 498 498 411 567 410 498 498 223 767 285 872 498 291 498 540 897 885 573 498 935 498 498 498 487 446 498 498 498 451 361 558 940 662 879 245 498 929 194 220 566 547 187 498 498 418 556 498 498 498 389 356 139 262 598 635 619 343 498 928 608 881 498 354 867 498 336 
956 984 853 425 616 628 177 549 731 392 703 700 205 973 652 393 666 904 861 811 801 652 854 221 652 234 411 567 410 169 591 223 767 285 872 600 291 652 540 897 885 573 914 935 322 174 652 487 446 472 129 507 451 361 558 940 662 879 245 830 929 194 220 566 547 187 720 652 418 556 416 652 652 389 356 139 262 598 635 619 343 370 928 608 881 362 354 867 978 336 
956 491 853 491 616 491 177 491 731 491 703 700 491 491 491 393 491 904 861 491 801 491 854 491 491 491 411 567 410 491 491 491 491 285 872 491 291 491 491 897 885 491 491 935 491 491 491 487 446 491 491 491 451 361 491 940 491 879 245 491 929 194 220 566 491 187 491 491 418 556 491 491 491 491 491 491 491 598 491 619 491 491 491 608 881 491 354 867 491 336 
956 721 853 425 616 721 177 721 731 392 703 700 205 973 721 393 666 904 861 811 801 721 854 221 721 234 411 567 410 169 721 223 767 285 872 721 291 721 540 897 885 573 914 935 721 721 721 487 446 721 129 507 451 361 558 940 662 879 245 830 929 194 220 566 547 187 721 721 418 556 416 721 721 389 356 139 262 598 635 619 343 721 928 608 881 721 354 867 978 336 
956 984 853 425 616 628 177 549 731 392 703 700 205 973 154 393 666 904 861 811 801 580 854 221 945 234 411 567 410 169 591 223 767 285 872 600 291 948 540 897 885 573 914 935 322 174 548 487 446 472 129 507 451 361 558 940 662 879 245 830 929 194 220 566 547 187 720 215 418 556 416 661 840 389 356 139 262 598 635 619 343 370 928 608 881 362 354 867 978 336 
956 323 853 323 616 323 323 323 323 323 703 323 323 323 323 323 323 323 861 323 323 323 323 323 323 323 411 567 323 323 323 323 323 323 872 323 323 323 323 897 323 323 323 935 323 323 323 323 323 323 323 323 323 361 323 940 323 323 323 323 323 323 323 566 323 323 323 323 418 323 323 323 323 323 323 323 323 323 323 323 323 323 323 323 323 323 354 323 323 323 
956 898 853 898 616 898 177 898 731 898 703 700 898 898 898 393 898 898 861 898 898 898 854 898 898 898 411 567 410 898 898 898 898 898 872 898 291 898 898 897 898 898 898 935 898 898 898 487 446 898 898 898 451 361 898 940 898 898 898 898 929 194 220 566 898 187 898 898 418 898 898 898 898 898 898 898 898 598 898 898 898 898 898 898 881 898 354 898 898 336 
956 631 853 425 616 631 177 631 731 392 703 700 205 973 631 393 666 904 861 811 801 631 854 221 631 631 411 567 410 169 631 223 767 285 872 631 291 631 540 897 885 573 914 935 631 631 631 487 446 631 631 631 451 361 558 940 662 879 245 830 929 194 220 566 547 187 631 631 418 556 416 631 631 389 356 139 262 598 635 619 343 631 928 608 881 631 354 867 978 336 
956 775 853 775 616 775 177 775 731 775 703 700 775 775 775 393 775 904 861 775 801 775 854 775 775 775 411 567 410 775 775 775 775 285 872 775 291 775 540 897 885 775 775 935 775 775 775 487 446 775 775 775 451 361 775 940 775 879 245 775 929 194 220 566 775 187 775 775 418 556 775 775 775 389 356 139 262 598 775 619 343 775 775 608 881 775 354 867 775 336 
191 191 191 191 191 191 191 191 191 191 703 191 191 191 191 191 191 191 191 191 191 191 191 191 191 191 191 191 191 191 191 191 191 191 872 191 191 191 191 191 191 191 191 191 191 191 191 191 191 191 191 191 191 361 191 940 191 191 191 191 191 191 191 191 191 191 191 191 191 191 191 191 191 191 191 191 191 191 191 191 191 191 191 191 191 191 191 191 191 191 
121 121 121 121 121 121 121 121 121 121 703 121 121 121 121 121 121 121 121 121 121 121 121 121 121 121 121 121 121 121 121 121 121 121 121 121 121 121 121 121 121 121 121 121 121 121 121 121 121 121 121 121 121 121 121 940 121 121 121 121 121 121 121 121 121 121 121 121 121 121 121 121 121 121 121 121 121 121 121 121 121 121 121 121 121 121 121 121 121 121 
956 553 853 553 616 553 177 553 731 553 703 700 553 553 553 393 553 553 861 553 553 553 854 553 553 553 411 567 410 553 553 553 553 285 872 553 291 553 553 897 553 553 553 935 553 553 553 487 446 553 553 553 451 361 553 940 553 879 553 553 929 194 220 566 553 187 553 553 418 553 553 553 553 553 553 553 553 598 553 553 553 553 553 553 881 553 354 867 553 336 
956 858 853 425 616 858 177 858 731 392 703 700 205 973 858 393 666 904 861 811 801 858 854 221 858 234 411 567 410 169 591 223 767 285 872 858 291 858 540 897 885 573 914 935 858 858 858 487 446 472 129 507 451 361 558 940 662 879 245 830 929 194 220 566 547 187 858 858 418 556 416 858 858 389 356 139 262 598 635 619 343 858 928 608 881 858 354 867 978 336 
956 253 853 253 616 253 253 253 253 253 703 700 253 253 253 253 253 253 861 253 253 253 854 253 253 253 411 567 410 253 253 253 253 253 872 253 253 253 253 897 253 253 253 935 253 253 253 487 253 253 253 253 253 361 253 940 253 253 253 253 253 253 220 566 253 187 253 253 418 253 253 253 253 253 253 253 253 253 253 253 253 253 253 253 253 253 354 253 253 253 
0 0
