1 3 4 6 5 2
1 2 3
1 4
2 3 1
3 4 1 2
5 2
5 1 2
1 3 5 6
365 396 596 682 718 908 117 469
268 736 121 330 673 690 810 869 879 151 432 321 586 173
242 672 582 573 479 365 105 379 377 904 635 601 899 200 215 332 801 774 504 708 605 274 275 176 529 819 465 648 699 307 458 516 518 773 776 796
696 704 820 420 919 982 133 671 959 957 498 481 573 786 795 743 821 975 776 174 862 489 211 814 562 298 551 477 570 832 713 227 352 728 785 620 122 790 483 968 710 136 575 745 220 275 434 998 213 431 458 712 740 794 502 823 593 266 581 666 123 166 457 632 741 310 495 536 428 250 487 388
637 666 197 686 745 670 124 344 389 245 511 117 947 967 337 384 314 353 584 405 338 518 691 761 653 893 171 179 345 397 483 563 567 604 706 369 561 776 599 685 875 906 964 821 978 753 877 948 982 185 976 163 603 634 214 529 499 587 795 428 769 311 491 348 617 925 210 993 933 272 288 444 568 901 460 551 646 664 820 822 160 206 451 616 399 301 815 857 859 873 879 172 372 789 249 278 571 606 660 793 865 134 585 786 273 374 186 434 909
154 215 548 661 948 175 840 945 225 509 580 586 652 984 839 720 374 600 706 362 549 628 275 174 478 777 322 370 266 427 496 858 472 944 591 721 129 507 454 520 234 456 631 169 416 830 914 973 264 315 926 666 328 978 226 498 924 205 392 547 558 928 493 662 767 338 445 223 893 221 573 811 218 533 658 425 635 230 775 789 845 877 343 389 808 262 356 312 701 139 856 540 491 885 539 245 556 904 213 608 801 342 803 619 222 339 422 553 752 763 879 453 482 867 350 285 559 719 838 898 177 731 975 336 393 446 451 598 881 929 109 127 406 713 748 194 166 974 983 291 253 187 220 410 487 700 854 323 430 354 956 102 616 897 391 818 851 411 418 566 567 853 861 935 191 361 345 441 872 121 151 703 940
