100
1 1
540 600
840 900
2 0
900 1260
180 540
1 1
1439 1440
0 1
2 2
0 1
1439 1440
1438 1439
1 2
3 4
0 10
1420 1440
90 100
550 600
900 950
100 150
1050 1400
57 2
709 719
857 858
633 637
359 370
1124 1132
415 420
182 184
1065 1076
449 457
787 791
1230 1248
687 689
1185 1205
1395 1411
84 105
940 949
1032 1035
405 408
1025 1032
562 571
420 426
843 857
545 558
1122 1124
39 42
387 392
571 573
607 614
894 907
763 764
1288 1289
689 709
370 375
462 473
1083 1086
400 403
290 295
995 1001
605 607
131 132
1432 1440
519 525
1150 1153
481 487
1054 1065
1342 1344
862 863
426 430
858 862
801 824
1392 1395
67 78
914 940
403 405
1411 1423
863 866
1090 1093
29 39
1080 1083
2 0
1080 1430
11 361
83 89
278 281
368 371
265 269
704 705
338 355
724 730
654 656
196 197
779 780
99 101
693 699
254 255
94 99
748 761
170 171
609 610
1202 1208
688 693
775 778
1278 1283
1372 1373
269 274
658 660
586 589
935 942
1112 1114
158 165
1208 1209
46 55
25 27
723 724
907 908
854 856
211 214
735 743
676 677
543 547
730 732
223 227
82 86
974 983
522 523
841 844
1008 1017
1033 1038
953 957
1199 1202
67 69
434 442
410 413
778 779
523 524
359 361
877 882
1221 1223
1406 1407
190 195
1147 1152
325 329
771 773
147 149
1424 1425
894 901
92 93
906 907
329 331
201 202
1360 1368
1209 1221
648 654
13 14
1328 1334
89 92
1178 1179
1039 1040
714 723
22 25
629 631
323 325
456 460
1260 1261
1315 1319
1277 1278
528 534
761 763
500 502
1261 1263
460 466
734 735
671 676
809 828
944 945
149 152
152 157
400 401
631 638
1181 1186
331 334
446 455
1337 1339
1136 1137
255 256
502 508
520 522
1110 1111
101 103
1239 1241
417 419
557 558
1401 1406
195 196
508 509
1373 1384
36 37
1023 1025
58 62
1022 1023
1080 1082
925 935
41 46
1368 1372
88 89
589 590
1311 1312
15 16
707 714
180 185
204 205
801 803
1310 1311
227 254
121 129
471 474
1249 1253
295 314
983 994
610 614
957 961
1038 1039
281 285
1285 1286
355 359
916 923
882 893
1345 1347
6 10
743 745
1434 1435
320 323
844 846
803 808
638 644
1384 1390
1106 1107
1114 1128
210 211
1253 1254
558 568
1324 1328
552 555
1223 1232
1297 1309
1232 1236
1004 1008
856 857
390 400
923 925
1025 1033
617 623
107 109
1390 1400
1070 1080
2 0
10 360
1080 1430
27 72
1243 1250
39 59
138 145
342 347
768 773
348 356
696 710
648 649
455 457
821 824
562 566
1357 1364
1364 1365
241 247
186 190
1135 1138
449 450
876 880
988 999
680 681
31 33
1292 1298
1062 1069
685 687
612 627
318 332
111 113
1209 1211
678 680
854 858
287 289
1088 1092
7 8
176 177
827 848
1365 1368
627 629
292 293
10 29
1355 1357
190 191
787 789
229 241
1186 1193
485 515
757 759
1223 1225
450 455
399 401
1263 1267
29 31
8 10
85 87
1413 1417
1019 1021
1314 1324
747 751
1006 1013
963 972
773 775
973 974
1212 1217
681 684
1193 1194
812 821
646 648
858 864
640 646
145 151
684 685
1175 1181
867 871
976 980
873 876
1437 1440
826 827
1092 1094
1373 1381
1298 1303
1183 1185
430 448
721 725
274 280
1434 1437
1368 1369
1021 1035
1194 1195
566 569
1419 1422
1138 1139
629 640
588 596
416 423
752 757
902 917
157 158
1303 1306
1225 1233
119 128
24 79
1417 1424
940 941
161 167
622 630
59 61
998 1003
235 244
1424 1427
24 25
215 225
781 787
602 604
151 153
750 752
1280 1282
286 287
932 933
930 932
1433 1436
272 286
1269 1270
1248 1249
604 616
1103 1105
153 155
752 755
123 130
167 168
1122 1140
225 227
1220 1224
993 997
536 545
7 8
86 92
1308 1320
1322 1323
616 622
1358 1367
967 970
228 230
941 942
718 722
1097 1099
159 160
116 121
461 476
1349 1357
160 161
457 461
258 272
716 718
168 183
887 888
769 773
790 805
1018 1023
1273 1276
815 816
787 790
205 215
92 104
582 585
432 444
54 55
933 934
934 940
805 813
485 487
632 635
230 235
859 862
429 431
1268 1269
444 445
892 894
490 491
982 993
1397 1399
1357 1358
4 7
1042 1050
1249 1256
545 546
813 815
585 592
592 600
9 20
973 975
852 859
1270 1273
1191 1192
1007 1009
1204 1206
382 391
1282 1291
1402 1403
895 899
1236 1239
364 366
201 204
1256 1268
72 73
67 20
1412 1426
1317 1328
1042 1047
144 146
342 347
1175 1192
857 860
1267 1293
596 602
610 615
97 107
735 746
40 53
320 326
1161 1166
553 569
899 907
151 156
347 361
1195 1220
984 994
700 710
295 297
1077 1084
1192 1194
485 496
569 577
96 97
517 535
1426 1432
845 846
931 937
949 953
688 700
1406 1409
877 886
907 921
953 954
726 727
53 70
300 320
1328 1339
810 822
1237 1242
954 960
1015 1042
825 830
223 224
116 125
577 579
961 965
361 368
1119 1121
1307 1315
326 342
996 1004
496 497
9 25
72 73
621 632
199 212
965 982
1121 1122
139 144
767 768
1084 1109
1439 1440
1293 1295
579 583
378 382
766 767
727 729
943 944
1435 1439
793 810
848 857
388 389
892 899
1245 1258
146 151
1378 1387
389 411
74 96
1315 1317
781 783
1351 1360
602 610
27 20
769 771
740 765
280 283
1389 1393
196 203
670 681
203 205
338 340
580 586
1256 1261
624 625
657 658
1292 1295
237 248
446 448
1170 1174
145 147
1295 1297
1234 1256
48 56
787 793
266 268
496 501
598 605
82 93
982 990
465 472
1011 1023
59 60
392 393
475 481
563 580
309 317
916 919
212 225
1317 1345
623 624
1010 1011
393 427
1044 1049
538 539
21 28
1291 1292
919 936
1088 1112
102 104
1075 1079
69 45
68 69
645 647
934 943
16 17
1111 1114
777 781
1043 1045
296 299
486 489
1266 1268
781 790
887 890
1378 1383
295 296
244 245
1365 1374
1177 1187
1320 1327
100 102
881 887
338 339
178 181
1008 1011
1271 1279
133 137
553 559
947 950
566 570
397 402
1034 1043
260 263
839 845
687 697
627 635
416 417
455 474
915 929
376 383
182 183
530 537
665 673
829 831
137 153
341 343
1007 1008
892 893
87 94
391 396
1357 1364
1331 1344
1198 1199
293 295
1197 1198
360 368
474 479
1110 1111
1082 1086
1150 1155
1169 1171
707 711
854 858
1259 1266
808 821
9 16
674 675
858 859
369 376
348 357
343 345
17 22
111 112
1120 1126
1070 1079
1435 1440
1188 1189
897 898
153 154
1114 1120
701 707
1430 1435
115 119
242 244
799 808
402 404
206 211
697 701
489 492
485 486
898 904
1204 1212
1171 1174
826 828
862 864
1236 1240
417 427
647 653
848 854
44 51
518 530
864 881
51 54
119 123
154 161
795 799
995 1007
192 199
682 687
653 655
345 348
274 276
1045 1052
969 975
299 312
675 679
52 0
504 516
85 95
968 976
1389 1419
691 693
755 837
1126 1141
718 723
273 279
1143 1162
435 463
300 317
860 877
1103 1109
923 927
1349 1365
279 296
474 479
463 466
1274 1298
230 258
54 72
591 627
1370 1378
695 696
717 718
645 657
566 580
296 298
184 191
670 682
707 717
144 157
479 485
298 299
1427 1431
1079 1082
1378 1389
1074 1079
321 352
1365 1370
991 1049
1049 1050
729 731
682 691
850 860
1068 1074
1419 1423
927 951
1336 1349
317 321
951 966
14 83
449 455
924 928
1066 1077
1064 1066
534 543
387 396
37 40
1226 1228
659 660
404 406
584 586
461 468
1121 1122
838 839
833 838
1034 1039
487 488
896 907
1384 1397
1077 1084
728 732
204 213
1025 1030
25 27
1148 1150
411 413
1207 1213
342 354
579 584
425 433
281 282
397 404
623 630
1316 1329
1084 1085
985 989
859 861
1058 1064
1196 1205
1150 1156
367 369
213 216
1012 1013
53 54
981 985
1032 1034
565 579
1190 1193
695 710
248 272
553 559
1130 1148
732 736
971 978
445 447
736 737
1402 1407
240 243
1180 1182
17 25
201 204
551 553
1013 1017
1332 1339
1044 1047
994 998
724 728
839 848
764 766
272 275
1277 1283
1122 1127
496 505
652 658
798 802
396 397
1400 1402
737 738
447 449
606 608
1360 1363
309 319
49 53
1116 1121
1205 1207
1111 1116
816 828
1228 1231
419 425
413 419
559 562
369 378
1339 1353
617 623
1286 1294
216 219
1156 1157
91 64
624 625
518 526
644 645
218 223
630 631
1010 1014
435 439
526 527
77 88
1230 1231
712 714
158 162
1392 1398
813 819
671 680
381 384
249 250
252 253
835 839
1249 1261
821 833
69 70
166 167
1161 1164
819 821
450 452
769 771
297 299
1437 1439
1091 1094
123 140
706 712
1007 1010
875 881
626 627
762 764
314 318
296 297
223 232
1039 1041
460 464
444 448
1291 1308
979 982
839 841
964 971
189 193
1367 1369
1058 1060
1154 1161
806 808
833 835
988 990
764 769
474 485
1072 1073
975 977
728 729
1097 1102
467 474
561 565
367 368
338 348
177 187
853 867
533 536
350 364
216 218
428 433
305 314
1173 1182
507 512
899 901
1116 1117
1412 1426
517 518
195 197
1231 1235
1014 1021
680 683
636 640
1150 1152
590 592
1439 1440
1430 1431
1376 1378
56 62
404 408
778 786
659 663
485 493
263 265
211 216
982 984
1067 1070
693 706
62 63
802 806
256 263
144 148
747 753
592 593
977 978
1235 1241
844 853
1073 1075
41 56
91 101
368 381
493 498
527 533
88 91
1225 1230
882 884
908 913
503 506
799 802
1197 1200
1193 1197
914 915
631 636
581 587
162 166
1276 1281
321 335
1348 1359
408 414
271 282
101 104
948 949
903 908
655 656
119 123
150 158
1371 1372
403 404
1021 1022
1359 1364
452 460
958 964
1398 1405
433 435
265 266
114 116
753 754
170 172
384 393
1117 1120
738 744
1372 1376
610 612
546 558
1102 1103
973 975
1378 1380
93 24
521 526
928 934
273 277
802 804
890 892
1374 1380
1362 1372
696 705
1016 1017
117 125
37 42
1247 1254
104 105
236 240
109 112
554 559
685 686
246 250
572 574
781 784
603 605
898 899
264 273
1342 1343
574 577
644 648
1123 1151
677 678
438 478
387 390
1178 1180
789 792
12 14
345 349
946 973
126 127
172 173
723 724
494 498
764 773
62 70
1187 1192
47 53
1400 1401
1086 1094
733 739
739 744
1304 1313
532 554
155 163
600 603
506 507
478 483
1434 1437
1240 1247
589 598
1043 1048
788 789
1398 1400
105 108
170 171
503 504
705 712
861 867
526 529
125 126
686 689
826 829
390 395
285 294
151 155
784 787
1343 1346
230 236
86 90
511 514
53 62
900 912
1231 1235
975 976
384 387
1078 1083
1313 1316
80 86
97 101
976 984
999 1004
530 532
1403 1409
892 893
1373 1374
1346 1362
633 644
1380 1393
655 666
333 343
363 365
498 503
1257 1276
127 138
997 999
1171 1173
529 530
675 677
563 572
1151 1163
396 399
108 109
1112 1115
757 764
505 506
163 170
173 181
914 928
101 104
1180 1187
745 751
37 69
275 276
84 87
137 141
153 161
1025 1032
1018 1025
309 314
1198 1210
228 242
753 756
676 678
649 656
18 21
1255 1259
1138 1139
1343 1347
520 526
721 722
95 97
256 260
823 828
1386 1394
571 574
814 823
1107 1130
723 733
376 380
36 37
994 1000
419 426
635 638
375 376
1049 1063
400 406
1186 1188
1032 1045
930 960
344 345
836 851
1271 1293
868 879
919 920
926 930
1069 1075
602 607
37 48
426 439
686 695
260 264
1366 1371
493 496
314 338
73 74
577 585
165 170
558 568
389 392
1075 1079
264 269
1351 1352
208 210
88 95
374 375
968 975
638 646
1197 1198
511 517
187 196
62 73
509 511
1193 1194
1165 1168
1194 1197
695 703
781 789
1375 1386
860 866
1321 1323
1139 1140
715 720
1191 1193
1331 1343
1293 1294
99 107
161 165
618 627
361 363
1210 1220
486 487
122 126
395 400
611 615
766 777
455 475
496 508
683 686
1435 1440
627 635
130 137
128 130
1294 1301
415 419
777 780
270 275
186 187
1398 1409
87 59
1266 1287
759 766
1386 1392
1410 1426
1089 1099
749 759
146 147
152 167
785 802
1192 1196
1354 1358
508 509
1254 1259
1031 1035
953 954
557 569
780 785
913 920
743 746
135 144
32 36
381 382
1142 1143
1324 1329
200 201
968 976
1050 1056
847 856
278 279
1168 1175
1189 1190
958 961
459 460
995 998
410 422
476 488
710 718
1209 1228
652 661
976 978
1125 1126
431 435
1150 1153
861 870
1099 1107
774 780
1066 1073
514 516
61 62
1305 1309
201 206
986 987
187 194
1329 1332
1138 1142
1002 1003
1190 1192
734 743
892 896
746 747
1078 1082
1288 1300
856 858
950 953
1126 1129
619 625
816 822
550 557
383 385
430 431
385 389
1186 1189
940 944
1363 1374
576 586
1392 1396
1311 1323
840 847
1196 1200
1153 1168
41 45
944 950
1396 1410
1063 1066
607 617
887 892
1246 1254
569 576
546 550
586 591
718 734
1358 1363
987 995
116 128
651 652
876 881
89 106
1084 1089
499 508
212 225
1073 1078
1143 1150
673 692
23 32
516 546
630 633
1239 1240
701 709
1 5
1200 1201
1264 1266
199 200
194 199
625 630
1439 1440
1334 1341
144 146
1323 1324
963 968
837 838
1351 1354
633 640
488 499
328 331
1082 1084
591 595
650 651
802 808
1015 1016
62 63
1018 1022
838 840
1262 1264
5 7
1056 1063
822 837
235 253
389 390
448 455
1107 1111
766 770
978 986
17 23
186 187
599 607
1341 1348
9 15
1415 1423
1287 1292
708 718
595 601
1396 1414
554 559
1200 1216
653 656
355 373
1432 1440
373 378
131 140
238 241
648 653
198 202
864 889
862 864
820 824
305 312
580 592
1109 1115
1115 1137
552 554
225 226
35 3
9 16
604 608
1136 1148
1212 1231
1286 1312
1312 1317
98 106
406 423
786 798
376 392
1270 1279
544 552
1351 1363
986 1005
403 406
33 55
148 154
139 147
1333 1347
1363 1372
515 517
972 980
64 86
798 835
1077 1079
454 488
1033 1035
1404 1433
1258 1270
492 498
1433 1440
488 492
1242 1257
1206 1212
868 875
1035 1042
1317 1333
147 148
18 5
606 607
1271 1274
423 430
858 878
377 378
559 568
836 839
326 348
1308 1324
1300 1308
1018 1028
523 537
245 250
933 937
615 646
770 773
716 730
1324 1344
1036 1050
602 606
1015 1018
1402 1403
1132 1135
100 100
122 125
1084 1092
937 941
181 184
337 338
508 513
477 481
990 991
501 508
1214 1221
380 383
445 450
194 198
1038 1043
1262 1267
361 364
158 181
943 944
47 53
719 724
269 270
1104 1105
332 335
486 497
1159 1166
1336 1348
977 982
576 587
1101 1104
790 796
529 533
1227 1232
257 258
1419 1421
766 780
904 906
1167 1170
131 157
527 528
1190 1191
44 47
983 990
1053 1057
1058 1073
484 486
603 604
1171 1172
201 204
1424 1428
982 983
450 470
533 552
606 613
573 576
1050 1053
1332 1336
497 501
425 433
393 418
1191 1194
1379 1393
595 596
780 781
1348 1353
1405 1410
291 297
604 606
1318 1321
1260 1262
81 84
991 993
949 951
553 556
727 736
763 766
1281 1284
219 251
662 668
726 727
338 341
1250 1255
311 312
1189 1190
736 743
1003 1011
1232 1233
1105 1126
716 717
1418 1419
556 573
258 266
72 77
1016 1038
109 116
188 192
648 650
944 949
645 648
796 797
934 936
481 483
1437 1440
781 790
278 290
1242 1243
297 304
1126 1132
388 393
701 716
1140 1159
717 719
803 805
16 34
525 527
674 688
365 370
1221 1226
1233 1241
1255 1259
1079 1084
1092 1093
116 122
867 881
760 763
627 633
951 977
1267 1274
198 201
1206 1214
1421 1424
1378 1379
917 934
192 194
272 274
528 529
312 318
1093 1101
66 72
1176 1189
84 85
1132 1134
668 670
329 332
267 269
1166 1167
1284 1294
850 866
914 917
1172 1176
1014 1016
724 726
894 904
53 61
1428 1437
61 66
290 291
1134 1140
866 867
470 477
1374 1378
587 595
670 674
217 219
613 621
157 158
1073 1079
1353 1366
1194 1206
251 257
1011 1014
1241 1242
1043 1045
1402 1404
185 188
998 1003
892 894
941 943
383 388
266 267
77 78
688 692
1243 1244
1410 1418
1057 1058
353 356
821 847
341 353
692 701
184 185
483 484
936 937
806 821
621 627
633 639
1404 1405
418 422
1321 1330
513 523
650 662
34 39
5 94
1096 1101
1041 1050
257 261
373 378
1179 1187
881 886
938 946
416 423
772 775
641 646
960 968
468 469
337 343
311 314
158 184
25 30
334 335
499 503
593 602
1155 1156
815 822
1273 1282
1362 1368
189 193
24 25
409 410
240 241
1376 1395
1325 1328
1359 1362
268 275
893 916
314 320
841 857
456 457
1025 1041
546 547
51 55
457 468
335 337
808 809
365 369
799 801
200 212
886 893
130 153
705 709
81 86
1149 1155
113 130
1260 1273
1156 1163
360 365
932 935
1189 1195
266 268
763 764
1395 1400
395 404
343 348
946 950
927 932
866 881
469 486
916 927
1406 1407
968 969
834 838
1061 1071
838 841
486 491
969 1006
857 859
548 568
410 413
935 938
1118 1129
348 360
298 309
1195 1198
413 415
637 641
378 395
244 252
1129 1131
810 815
677 683
1436 1439
57 81
829 830
492 494
702 705
1131 1134
1400 1406
1163 1179
830 831
423 427
1072 1090
1006 1010
73 99
265 272
1387 1433
1266 1268
55 62
954 957
592 607
253 255
1268 1269
666 703
703 704
508 515
1242 1252
957 959
1299 1315
219 238
192 198
714 722
794 797
1252 1256
313 318
1291 1299
572 579
68 77
813 815
353 357
67 68
167 170
300 304
515 530
773 778
427 428
903 930
1434 1440
729 736
631 648
1075 1108
767 773
374 378
275 287
1183 1189
622 624
151 163
797 807
255 261
1336 1348
1153 1162
115 118
272 275
1315 1325
832 865
555 566
51 54
726 727
1003 1004
1227 1242
867 877
763 767
185 186
1269 1274
210 212
1189 1205
1360 1367
140 142
624 625
388 394
1433 1434
1264 1266
77 79
190 192
1359 1360
780 782
306 311
412 419
1175 1183
1144 1153
530 555
625 631
742 754
740 742
1374 1383
143 151
113 115
54 55
1018 1020
184 185
318 322
1162 1165
736 740
983 991
815 832
21 51
1005 1010
261 263
212 219
807 808
367 369
125 140
1012 1018
93 113
124 125
1328 1336
951 954
369 374
118 124
1072 1075
14 15
1108 1126
1010 1012
1367 1374
1048 1056
885 892
1165 1175
15 21
379 388
189 190
727 729
1209 1227
1348 1359
198 206
579 592
782 791
930 951
322 328
357 367
621 622
62 67
1205 1207
791 794
473 490
165 167
187 189
170 174
79 93
378 379
177 179
754 756
428 441
142 143
419 427
1004 1005
894 903
174 177
179 184
566 572
865 867
490 508
1263 1264
163 165
8 14
892 894
304 306
978 979
648 652
240 253
991 1003
979 983
778 780
206 208
1284 1291
1325 1328
652 666
756 763
1256 1263
809 813
337 353
607 621
238 240
311 313
1020 1048
7 8
704 706
186 187
18 30
956 957
1289 1290
1272 1283
464 467
982 986
740 745
1294 1310
674 689
538 558
1292 1294
19 46
974 979
1420 1438
942 949
291 299
369 376
321 326
265 270
831 838
562 567
997 1015
530 538
96 100
1290 1292
1024 1030
74 82
469 488
964 969
503 506
589 598
604 607
200 201
865 886
739 740
1146 1152
108 113
186 189
449 451
306 321
1119 1120
506 507
523 525
1233 1244
1337 1339
897 905
1313 1314
749 757
1114 1115
12 84
351 354
473 475
827 835
141 147
1296 1299
1180 1181
15 16
808 812
1381 1383
30 32
182 186
70 81
1098 1105
672 675
407 412
96 100
1388 1392
1179 1180
815 819
993 994
199 202
92 96
322 323
1083 1086
400 407
1119 1122
194 195
854 855
59 61
861 862
796 807
583 589
81 86
1272 1275
1325 1326
42 46
1000 1015
439 449
1020 1029
421 432
90 92
354 357
670 672
1377 1381
731 738
975 976
862 863
312 319
762 775
602 606
69 70
606 615
1192 1196
1093 1094
432 434
940 943
52 57
902 906
934 935
962 964
124 134
1304 1306
880 883
675 680
727 729
235 247
994 996
1171 1179
693 695
218 230
288 300
579 582
16 24
1326 1331
1347 1362
1209 1210
1404 1425
784 788
981 982
935 938
775 776
176 179
879 880
1231 1236
684 686
754 758
1269 1272
195 199
399 400
1331 1335
984 986
629 651
686 692
1127 1132
1169 1171
956 957
0 2
0 360
1080 1440
2 0
1079 1429
10 360
76 87
821 822
465 468
1007 1023
399 405
480 483
1247 1249
1082 1091
264 271
654 659
928 934
487 489
416 435
370 371
441 444
993 994
456 461
659 664
795 806
1081 1082
67 86
520 525
626 630
411 416
468 475
587 595
1062 1063
709 723
1148 1160
1283 1288
66 67
756 785
157 167
30 31
330 333
243 245
312 314
96 106
321 322
1200 1217
29 30
697 709
832 834
1276 1280
178 180
1271 1274
435 441
922 928
1322 1333
185 194
561 563
830 832
857 863
909 917
1249 1264
136 139
398 399
997 1007
815 816
363 370
1226 1230
1039 1041
845 851
1034 1035
1333 1345
964 969
1163 1170
1097 1105
743 747
355 363
639 646
167 178
1308 1322
563 574
297 298
1122 1128
934 936
1392 1395
327 330
646 650
31 39
1131 1142
1347 1348
262 264
386 388
1071 1073
194 195
1230 1234
444 445
1023 1034
39 47
822 823
86 91
18 23
785 795
1264 1269
461 465
936 953
537 538
989 990
585 587
747 748
223 225
282 285
990 993
806 815
650 651
47 56
1414 1416
1375 1377
206 214
228 232
1349 1358
1234 1243
342 355
1116 1121
1035 1036
214 217
285 286
723 743
106 111
125 128
956 964
525 534
1436 1440
1063 1067
1280 1283
286 293
195 206
1345 1347
677 697
314 321
623 626
1041 1062
1360 1375
538 551
1121 1122
1128 1131
483 487
298 312
245 262
1380 1383
970 975
180 185
1306 1308
56 66
111 125
217 223
333 334
232 243
1073 1081
994 997
26 29
139 157
823 830
851 857
1219 1226
128 129
1377 1380
1170 1200
816 821
376 386
15 18
1383 1392
0 100
140 146
1170 1176
14 21
490 493
654 658
116 121
425 427
423 425
768 774
1001 1009
947 949
343 347
1285 1291
1076 1079
224 237
188 197
584 585
1397 1399
1125 1131
787 788
1328 1338
1315 1320
134 138
46 50
611 616
573 577
160 162
1276 1278
1024 1025
741 743
1391 1392
652 654
101 116
311 314
876 882
927 936
1039 1042
146 149
1338 1344
658 665
277 280
543 551
540 541
905 911
816 820
886 891
595 598
1218 1220
50 58
499 501
375 376
63 65
534 540
429 430
821 823
171 173
875 876
1381 1391
864 865
197 204
730 732
181 185
1366 1367
625 627
774 785
457 463
644 651
463 464
256 257
39 46
541 543
245 247
926 927
739 740
280 282
406 410
815 816
493 499
484 490
938 947
917 924
634 635
891 896
971 974
1435 1436
1013 1017
1092 1096
561 565
149 160
1167 1170
1344 1345
1209 1210
734 739
643 644
1042 1051
827 838
306 311
1305 1310
87 97
127 134
76 52
791 797
253 256
528 532
536 538
273 287
746 750
912 915
635 638
959 966
145 148
1386 1398
368 376
883 887
512 514
1060 1074
1145 1146
602 603
757 776
948 956
585 591
1321 1347
632 635
693 694
966 973
666 669
701 706
1039 1040
191 198
616 619
26 47
1271 1272
221 228
212 214
1185 1187
987 992
1074 1104
857 877
1297 1300
115 122
403 411
579 583
1206 1215
417 428
201 209
706 708
384 394
230 235
583 585
677 683
136 145
750 757
887 907
148 151
1005 1007
1170 1178
1314 1318
573 579
474 482
1129 1132
1318 1321
377 384
1302 1304
514 520
290 293
564 569
122 125
507 512
687 689
114 115
1300 1301
152 153
818 824
827 838
790 791
482 507
127 134
691 693
109 111
982 987
926 931
1413 1414
689 690
745 746
1181 1185
249 253
1044 1060
1404 1413
1028 1039
1216 1226
1379 1386
738 745
198 199
591 596
776 779
434 436
394 399
1226 1253
844 855
411 412
151 152
1178 1179
441 446
304 312
1414 1423
92 93
71 87
153 155
1148 1149
563 564
545 550
293 294
155 156
532 536
335 344
270 273
439 441
1040 1044
596 602
1008 1028
214 221
542 545
715 728
1347 1353
1007 1008
1273 1292
1371 1372
1 5
112 114
0 2
180 540
541 901
59 41
1319 1324
938 944
855 860
1137 1154
784 791
64 75
1324 1343
1232 1262
93 103
375 376
1347 1364
563 573
932 938
1043 1046
372 375
26 33
134 167
552 563
322 325
412 421
586 589
730 732
1046 1058
368 372
1083 1087
183 184
103 108
184 200
1023 1035
1268 1277
1283 1287
860 863
170 183
753 760
75 76
1200 1210
714 718
200 211
1058 1069
387 396
1434 1440
1131 1132
913 921
1016 1023
1154 1161
805 818
792 805
1092 1100
1415 1421
474 483
668 674
386 387
348 368
863 877
927 932
1173 1191
664 668
1172 1173
456 474
1132 1137
499 527
974 975
527 552
818 830
685 714
376 386
399 402
76 83
83 93
409 410
1411 1415
589 624
1 26
226 294
1262 1268
325 329
1087 1092
959 964
1364 1409
921 927
944 950
403 409
108 126
1424 1434
877 887
126 134
760 763
396 399
952 959
33 45
975 1016
674 685
167 170
425 430
347 348
421 425
887 903
410 412
964 974
718 730
25 69
753 758
942 954
425 435
996 998
1317 1331
543 550
639 645
1366 1367
934 938
974 983
1367 1373
184 186
1362 1363
208 209
508 510
52 58
1049 1053
875 882
1220 1221
377 378
479 500
1200 1202
118 123
1229 1234
456 465
1137 1148
209 225
825 828
811 813
290 296
1289 1290
1390 1393
474 478
892 893
478 479
532 540
636 639
807 811
927 931
1304 1311
680 688
14 21
645 666
1399 1403
1038 1045
882 889
279 281
77 84
859 872
240 241
1241 1256
702 706
99 100
1389 1390
845 849
1403 1406
100 101
931 934
1420 1423
1195 1200
1301 1304
959 974
101 114
132 137
817 824
1173 1194
1438 1440
513 516
347 348
465 466
232 239
34 37
42 47
355 357
1351 1354
1423 1425
872 875
611 636
334 336
1161 1166
1053 1061
307 309
785 791
58 60
1028 1030
1045 1049
140 142
596 604
1256 1270
723 725
286 289
510 513
940 942
76 77
91 5
887 895
693 705
18 41
1080 1081
1149 1151
1008 1013
252 253
373 382
670 675
1044 1048
96 99
1321 1322
306 311
216 220
366 369
244 245
135 136
371 373
1272 1285
1 4
532 533
355 364
313 314
626 629
454 455
975 983
1316 1317
1398 1401
441 450
159 166
1050 1056
314 322
1362 1371
1433 1434
812 813
1382 1398
412 416
545 560
565 573
1401 1403
720 723
723 725
436 441
1151 1154
705 706
725 740
829 831
334 342
533 545
481 484
125 130
631 635
1224 1225
284 286
186 187
280 281
286 289
72 76
1438 1439
59 64
420 421
1200 1205
81 82
1238 1251
650 654
124 125
230 232
831 840
1311 1313
1007 1008
264 266
382 398
416 420
1169 1185
857 873
105 115
1133 1134
1117 1122
1186 1191
1109 1110
592 597
740 749
1298 1306
706 717
1285 1286
507 510
1025 1044
573 574
43 50
564 565
136 151
1317 1321
193 195
510 516
654 659
983 984
2 0
0 1
1439 1440
32 83
272 274
525 543
455 462
485 493
321 324
1084 1091
614 618
835 842
876 884
1309 1310
462 469
374 379
421 428
871 875
96 98
632 639
1335 1340
811 818
842 845
234 256
831 832
472 484
662 663
763 764
109 111
1169 1173
962 974
693 697
956 959
1404 1407
1384 1392
389 396
1227 1228
1208 1217
469 470
887 892
795 802
663 670
586 588
1050 1060
502 503
901 912
288 289
280 288
54 64
845 847
1149 1152
289 304
900 901
340 343
493 502
605 607
1217 1227
822 827
516 524
367 374
1394 1398
403 414
727 731
138 163
588 598
1126 1132
337 340
504 506
651 660
697 711
1286 1287
379 389
1132 1137
64 74
1173 1201
304 306
45 50
267 268
123 131
506 510
18 21
781 784
1382 1384
722 727
1100 1126
974 976
954 956
1142 1149
92 96
1026 1031
896 900
256 261
1377 1382
661 662
768 774
713 716
860 863
774 779
279 280
223 234
847 860
1097 1100
995 1007
111 123
1201 1206
1007 1018
428 439
414 416
99 109
731 733
733 763
1137 1140
1024 1026
311 314
3 5
306 311
863 871
5 14
1034 1035
8 57
779 794
877 884
794 796
663 670
465 476
1382 1384
458 465
544 559
210 220
886 896
1110 1117
869 877
260 263
378 388
1245 1274
829 834
480 483
350 355
25 42
1187 1200
91 95
942 944
1321 1323
1299 1321
176 210
1399 1402
154 165
798 805
265 267
335 350
247 257
408 424
747 754
1152 1153
956 986
796 798
776 779
765 776
576 585
896 903
1358 1365
1402 1408
1384 1391
625 633
1117 1131
98 102
1010 1011
355 374
920 942
228 247
426 458
1327 1336
633 663
1430 1433
1061 1089
7 13
42 54
1153 1183
1089 1091
884 886
1408 1416
944 945
133 141
520 544
720 727
32 5
437 464
1243 1253
36 51
750 791
791 810
357 359
354 357
1322 1336
1342 1345
814 816
1201 1207
831 865
1213 1218
1180 1201
617 620
610 617
967 1005
1025 1040
640 731
1018 1025
1005 1018
271 282
204 223
1131 1135
1210 1213
359 370
340 354
109 110
744 748
575 609
1040 1059
620 632
159 175
549 575
200 204
1376 1409
1104 1106
100 100
22 23
96 97
196 197
168 169
58 59
110 111
94 95
20 21
140 141
122 123
120 121
152 153
102 103
86 87
28 29
138 139
50 51
30 31
98 99
32 33
154 155
82 83
132 133
88 89
182 183
136 137
186 187
4 5
18 19
80 81
142 143
38 39
108 109
114 115
188 189
12 13
184 185
16 17
34 35
8 9
118 119
158 159
6 7
172 173
128 129
78 79
134 135
116 117
104 105
46 47
54 55
198 199
44 45
66 67
24 25
144 145
124 125
40 41
162 163
2 3
190 191
62 63
130 131
74 75
176 177
48 49
92 93
178 179
76 77
146 147
14 15
56 57
112 113
72 73
194 195
84 85
180 181
10 11
68 69
100 101
170 171
156 157
166 167
174 175
52 53
164 165
192 193
70 71
64 65
160 161
60 61
126 127
26 27
42 43
150 151
36 37
106 107
0 1
148 149
90 91
240 241
218 219
254 255
338 339
226 227
362 363
284 285
280 281
220 221
236 237
366 367
398 399
300 301
294 295
262 263
266 267
342 343
296 297
306 307
268 269
222 223
252 253
312 313
216 217
260 261
348 349
234 235
334 335
228 229
208 209
212 213
354 355
316 317
278 279
210 211
392 393
382 383
396 397
274 275
380 381
292 293
344 345
318 319
270 271
302 303
246 247
352 353
310 311
304 305
214 215
298 299
290 291
372 373
328 329
322 323
242 243
350 351
340 341
370 371
264 265
282 283
272 273
368 369
258 259
330 331
376 377
250 251
200 201
232 233
320 321
378 379
336 337
388 389
364 365
314 315
394 395
326 327
204 205
384 385
206 207
244 245
288 289
308 309
390 391
358 359
202 203
286 287
256 257
224 225
356 357
276 277
360 361
386 387
332 333
230 231
238 239
346 347
248 249
324 325
374 375
0 2
1439 1440
0 1
81 80
1224 1227
1067 1069
1276 1277
1277 1279
1137 1143
1302 1307
441 442
12 24
93 95
263 265
297 303
1096 1097
1143 1146
736 743
1411 1417
831 834
176 187
107 117
528 533
813 819
1181 1182
414 422
482 497
402 403
841 843
1189 1197
1126 1127
973 983
758 760
921 926
342 347
1350 1359
1312 1335
457 459
546 548
1256 1257
631 632
728 731
1337 1340
320 329
1241 1243
1149 1160
748 758
774 775
673 681
869 875
760 762
769 774
334 342
548 549
452 457
1298 1302
834 841
1197 1217
268 269
819 821
5 10
1243 1245
946 970
130 163
776 784
35 42
523 526
1187 1189
791 794
628 630
308 310
117 127
843 848
219 220
403 407
881 885
422 427
366 369
232 239
1054 1067
10 12
743 748
33 35
303 308
1279 1292
88 93
794 795
1307 1310
1084 1096
1052 1054
764 769
681 682
595 618
330 334
731 736
572 579
440 441
392 402
541 543
983 987
410 414
1344 1350
1024 1031
795 809
626 628
187 196
265 268
24 33
1114 1115
202 207
762 764
928 931
625 626
369 380
992 1000
632 654
198 202
527 528
1433 1440
669 673
427 440
1364 1380
972 973
526 527
1340 1344
329 330
95 101
1075 1084
691 706
809 813
1432 1433
1217 1224
241 248
61 83
248 263
533 540
931 933
1385 1386
579 585
1255 1256
1006 1024
1387 1393
218 219
879 881
380 392
945 946
1380 1385
127 128
1172 1181
587 595
282 297
885 888
933 936
1098 1100
1127 1132
310 315
451 452
101 107
467 482
654 662
1227 1231
1162 1168
709 728
586 587
445 451
19 22
654 671
789 806
63 78
1283 1333
197 198
1069 1074
818 839
289 323
80 94
1346 1369
482 491
25 38
155 164
44 62
1134 1158
926 931
774 789
879 888
1228 1246
1131 1134
1369 1373
675 686
762 767
1246 1260
644 646
1010 1024
164 169
198 247
1048 1051
1412 1426
539 543
493 528
1117 1128
686 689
346 363
737 744
19 25
689 695
389 394
1027 1048
420 424
59 51
824 825
1358 1362
81 97
1370 1377
1251 1252
362 375
1332 1339
475 485
416 424
1366 1370
667 669
1311 1314
625 641
642 652
708 711
1309 1311
436 438
905 918
1248 1251
131 132
259 266
1170 1172
46 52
1118 1127
1280 1281
321 348
447 450
1247 1248
1006 1007
353 357
145 148
894 905
542 543
1068 1077
485 490
176 182
890 894
1396 1404
859 867
105 112
867 875
680 685
711 720
414 416
611 617
1355 1358
848 851
703 708
918 920
993 994
505 512
267 269
591 598
1255 1256
1219 1232
598 607
1302 1309
875 880
512 531
266 267
1345 1349
1286 1291
175 176
257 259
1041 1045
118 131
852 859
610 611
880 885
1112 1115
994 998
1110 1112
1362 1364
784 789
1080 1085
1131 1138
609 610
954 955
300 304
584 591
815 824
52 54
1009 1011
1059 1061
291 295
348 353
357 362
1150 1163
1093 1104
1021 1024
1385 1392
1394 1396
458 468
1281 1282
1104 1106
1196 1213
1232 1247
1404 1408
537 542
438 443
377 401
559 576
1268 1276
669 670
314 315
41 44
1279 1280
687 689
813 815
987 993
31 54
916 928
298 303
162 163
997 998
258 286
156 162
861 866
1145 1149
417 441
189 205
1110 1114
1149 1152
1206 1222
1231 1240
742 754
680 696
1075 1078
1400 1404
303 317
32 34
1328 1330
378 384
247 250
1182 1187
1017 1023
717 732
832 849
286 298
545 550
1129 1133
1270 1273
661 667
250 258
54 65
760 802
390 417
928 953
155 156
1409 1420
31 32
557 559
94 114
1420 1426
1135 1145
1429 1436
325 330
338 359
1091 1110
1243 1252
1375 1389
849 861
226 228
187 189
559 607
145 155
205 207
1152 1158
1133 1135
330 338
463 487
802 832
1266 1270
114 145
640 656
1078 1091
24 31
1436 1440
754 760
1252 1257
207 226
639 640
1187 1195
1356 1371
362 363
679 680
163 170
1323 1326
1240 1243
181 183
1013 1017
1347 1351
531 545
317 325
886 887
697 717
47 99
833 836
399 404
145 146
789 792
1025 1027
869 870
347 348
153 160
1202 1203
1350 1353
1219 1223
506 513
1134 1143
385 390
676 684
383 385
203 208
1123 1130
515 517
528 535
361 363
450 465
878 880
551 554
1199 1201
815 819
1166 1173
225 231
1042 1047
1103 1104
1036 1039
1053 1055
1089 1091
1056 1058
108 127
714 733
794 804
419 422
3 7
437 439
1108 1109
1062 1063
1076 1082
1300 1306
1143 1144
487 489
1403 1408
592 601
1144 1151
170 171
588 589
742 749
231 239
820 826
1091 1099
1180 1186
499 504
257 258
836 840
192 193
841 846
928 932
907 910
601 610
1417 1418
610 613
961 972
1203 1205
781 788
1052 1053
1280 1286
22 26
1418 1422
1216 1218
295 300
950 961
1201 1202
292 295
777 781
1013 1015
31 43
880 885
492 494
1358 1369
274 288
466 467
1151 1160
1019 1021
1325 1327
494 497
946 948
180 182
1376 1379
1286 1288
344 345
619 620
788 789
1306 1309
1109 1114
1379 1380
657 661
404 414
665 674
654 657
762 773
573 586
322 328
753 761
465 466
489 492
517 524
57 58
1223 1224
1114 1116
1218 1219
106 107
300 304
1021 1025
1012 1013
96 104
1058 1060
504 506
264 270
854 857
13 22
684 685
863 869
104 106
1179 1180
698 714
589 592
977 979
846 854
559 561
1118 1123
1099 1100
1266 1272
483 487
480 482
792 794
434 437
349 353
1422 1436
1437 1440
1224 1225
1293 1300
37 15
1263 1267
386 387
663 670
184 192
1075 1077
1282 1285
140 156
427 454
833 834
916 925
1052 1055
1147 1151
129 131
601 613
1224 1226
1042 1048
1016 1021
954 957
526 531
661 663
945 952
1270 1275
369 372
1077 1086
1180 1196
1336 1350
132 140
1435 1438
1002 1005
988 989
1309 1322
506 508
982 988
1322 1325
1005 1006
1176 1180
654 661
720 728
364 365
543 544
1228 1243
365 369
1049 1052
676 704
524 526
786 797
925 930
1397 1412
760 786
108 114
1159 1162
560 567
65 90
695 696
135 136
1381 1386
461 467
611 612
326 331
224 226
277 278
714 716
1406 1408
674 677
820 826
79 80
764 767
1438 1440
233 244
1215 1217
1386 1392
529 536
914 915
1371 1376
208 209
501 510
274 277
1408 1433
451 461
149 152
708 709
292 295
985 992
221 224
943 946
1190 1201
204 208
536 537
728 730
1323 1324
102 117
183 189
427 431
1366 1367
213 221
467 468
541 542
139 142
658 662
173 176
736 737
1274 1282
271 274
1325 1336
1060 1071
839 841
740 751
864 881
70 74
1154 1155
733 734
152 155
1096 1104
33 38
1358 1359
1318 1323
885 892
391 395
1143 1144
80 83
754 760
845 855
614 621
673 674
1084 1090
1187 1189
760 761
643 658
664 665
176 183
1152 1154
554 557
468 469
291 292
1043 1048
1048 1060
1155 1159
1117 1121
992 1001
717 723
980 982
1142 1143
790 794
1351 1353
915 920
1337 1351
527 529
716 717
908 911
1225 1237
734 736
612 613
1159 1160
902 908
1121 1124
753 754
406 407
192 194
665 673
537 540
542 543
1023 1035
696 699
1400 1406
415 422
1094 1096
481 501
1272 1274
1141 1142
343 348
1253 1256
738 740
1353 1358
371 385
951 952
355 356
1239 1240
1074 1076
663 664
1324 1325
162 170
1079 1084
118 119
244 245
1124 1136
1217 1218
777 790
1359 1364
475 479
469 470
16 21
1282 1288
761 762
1014 1017
88 102
27 31
189 192
841 843
1308 1312
1267 1270
1367 1371
155 158
901 902
84 86
1106 1107
267 271
362 371
1104 1106
68 40
602 610
214 219
433 443
221 224
1438 1440
402 410
984 988
564 573
523 529
754 759
372 376
344 350
258 259
573 575
1065 1069
480 489
797 805
1188 1195
76 77
1394 1414
325 344
1088 1089
912 918
183 184
378 390
377 378
517 522
636 644
8 10
1035 1040
1048 1057
369 372
1101 1107
1277 1278
1299 1301
1154 1158
725 730
219 221
1186 1187
897 906
124 158
313 324
1040 1048
275 289
1027 1028
1431 1438
266 270
13 36
390 395
467 474
252 258
714 721
1140 1154
1336 1337
52 54
1173 1177
424 433
1187 1188
224 238
1258 1273
997 1005
1219 1254
1414 1431
560 564
711 714
622 623
250 252
351 352
625 634
489 501
79 93
184 214
324 325
1124 1125
1337 1338
376 377
1005 1020
634 636
158 171
36 52
4 8
906 912
1089 1097
611 622
1301 1309
590 599
956 960
501 512
848 857
1350 1351
947 956
1348 1350
1195 1196
871 880
1361 1379
836 838
522 523
740 741
300 313
1347 1348
782 793
599 601
443 449
1180 1182
529 548
1338 1345
411 424
248 250
56 71
123 126
1191 1200
1176 1183
108 123
488 492
1375 1377
856 874
105 108
1273 1280
1267 1273
803 825
1377 1381
1173 1176
939 944
494 509
1050 1063
1389 1417
729 736
1203 1204
66 76
644 646
209 213
267 272
874 878
740 749
725 729
1159 1160
1261 1267
394 405
756 778
1102 1110
466 469
878 880
1069 1087
95 101
905 912
1204 1227
921 922
392 394
1101 1102
469 473
1017 1025
272 275
1388 1389
62 64
419 441
603 604
12 25
533 541
619 622
932 939
1025 1031
509 512
944 945
848 856
623 624
1087 1101
880 897
160 180
1165 1173
322 355
613 619
245 246
190 193
1437 1440
1161 1165
308 311
1227 1237
246 264
278 292
704 725
671 694
1322 1336
180 190
1183 1191
1042 1050
1160 1161
622 623
405 407
554 599
1429 1431
1418 1429
662 671
355 367
524 533
604 613
407 419
646 662
897 905
152 160
825 833
1036 1042
43 44
915 921
963 975
193 209
145 152
991 999
311 312
624 644
51 52
473 480
65 66
841 848
126 145
215 218
52 59
1373 1375
85 86
833 835
44 51
999 1005
464 466
987 991
86 95
292 308
922 929
76 85
1200 1203
275 278
541 554
835 841
227 245
101 105
1314 1322
912 915
791 803
34 2
788 813
63 66
296 303
814 818
786 788
1305 1309
553 570
240 246
1269 1275
958 974
616 627
897 909
1360 1373
602 604
470 471
640 655
1097 1133
538 553
846 852
913 931
607 616
834 846
632 640
1432 1440
424 430
604 607
983 986
169 176
471 483
855 862
974 983
669 680
1424 1432
1275 1285
1384 1403
246 282
24 34
855 861
658 679
532 537
743 751
1109 1111
600 611
780 806
27 49
651 658
993 1007
991 993
1399 1411
542 561
403 404
920 922
1227 1237
978 984
1282 1285
850 853
1387 1393
325 331
14 17
1225 1227
830 834
820 822
930 948
586 591
764 768
752 764
509 512
1420 1424
10 14
896 911
1221 1223
356 357
265 267
1288 1291
1355 1366
101 110
1048 1051
540 542
984 991
278 279
973 974
516 520
199 202
25 27
331 334
861 864
529 532
182 199
768 773
890 896
1393 1399
963 965
1072 1076
815 816
960 963
25 90
1400 1403
485 488
112 119
492 504
165 167
693 704
539 540
1404 1416
524 525
1207 1209
258 261
1368 1374
359 368
488 492
659 665
1031 1038
637 643
286 293
348 352
313 322
158 160
135 138
231 247
119 125
649 650
769 774
811 815
655 659
4 6
400 401
504 513
949 952
931 937
1161 1167
336 337
153 155
1118 1119
1206 1207
525 529
201 215
146 153
540 542
1319 1332
1234 1237
1071 1077
1315 1319
1053 1056
1374 1381
322 327
355 357
513 516
665 666
483 485
636 637
29 34
952 957
1389 1391
821 825
1381 1389
1012 1019
97 104
959 967
710 712
650 652
72 89
1341 1348
301 308
1125 1128
774 777
357 359
1238 1253
200 201
1348 1360
215 223
1114 1118
1360 1363
621 626
89 91
167 182
999 1002
825 826
877 878
129 134
682 691
1424 1428
105 108
21 24
1280 1281
125 129
542 543
478 483
327 336
337 348
1205 1206
1276 1279
973 974
891 905
195 200
619 621
975 979
1152 1158
457 465
261 264
790 800
800 803
1209 1214
1303 1304
1428 1437
1185 1205
94 97
777 778
967 973
283 286
46 53
1214 1216
35 27
1219 1234
683 686
146 157
650 651
261 270
2 10
1298 1304
1055 1060
676 680
365 370
1008 1025
119 120
1128 1132
19 33
704 711
64 66
901 913
195 207
1345 1346
1159 1162
1169 1182
1029 1030
215 217
897 901
996 998
652 656
1132 1137
916 923
1034 1055
1090 1096
134 142
390 408
16 19
1234 1246
737 741
542 546
455 468
1312 1317
116 119
923 926
1317 1318
68 75
1285 1295
477 478
142 146
270 273
611 620
1182 1187
746 747
295 315
1284 1285
947 950
829 835
565 566
1137 1159
217 221
651 652
1116 1120
273 293
225 228
950 960
596 599
17 24
1318 1332
1179 1185
249 255
1387 1393
165 169
1019 1022
107 108
1296 1315
847 852
1401 1405
943 953
79 88
542 556
723 727
888 890
1162 1170
823 837
689 692
682 689
953 954
471 474
999 1001
404 434
1393 1401
1317 1318
257 263
474 486
540 542
1424 1428
88 96
486 490
1428 1440
36 79
742 750
287 327
390 391
788 795
1332 1336
703 709
699 703
349 351
0 2
11 361
1080 1440
51 71
1026 1039
143 148
404 409
455 457
697 699
695 697
639 647
712 716
627 632
508 509
975 976
1324 1333
515 532
873 874
1264 1270
990 1002
1389 1391
148 150
1039 1040
1188 1189
694 695
1181 1182
875 877
347 353
568 569
381 384
1173 1177
1355 1361
601 612
70 73
1397 1402
664 671
1235 1239
1294 1298
709 712
1211 1220
186 200
1402 1409
21 24
202 203
1248 1253
1335 1338
564 568
633 639
275 277
597 601
592 597
200 202
384 387
717 726
1147 1149
570 572
388 389
580 588
1053 1055
292 305
1333 1335
1339 1340
492 498
1164 1170
762 774
1149 1150
548 550
501 507
1346 1353
1439 1440
974 975
1361 1364
281 286
412 422
842 849
345 347
391 392
579 580
828 829
839 840
488 492
1344 1346
437 446
888 893
617 622
120 123
1273 1275
1270 1273
41 46
784 785
433 436
683 687
652 663
626 627
1150 1151
716 717
632 633
1189 1191
958 959
1298 1321
358 361
893 897
341 343
1185 1186
422 423
31 32
112 113
1152 1153
1015 1026
775 784
820 821
1379 1386
741 746
1280 1292
736 741
872 873
1 6
1050 1051
507 508
1209 1211
790 795
533 535
1096 1098
472 478
1047 1049
877 880
15 13
70 96
139 165
165 184
114 139
633 644
1336 1390
771 775
451 486
310 322
1434 1440
644 655
728 741
1153 1197
760 771
968 970
274 310
970 971
741 748
56 69
896 906
231 241
579 633
184 198
1390 1434
198 201
817 857
529 560
1201 1235
19 88
330 336
1255 1264
699 700
310 315
1080 1085
1173 1174
929 938
315 320
529 530
297 299
1432 1438
794 802
830 831
645 646
369 371
1324 1336
1317 1319
513 526
1336 1343
1275 1277
244 252
20 21
708 709
1018 1019
403 407
1416 1418
1042 1046
275 278
730 731
398 403
301 310
863 870
566 570
1277 1278
1438 1440
1348 1360
117 126
1372 1376
905 909
1431 1432
146 154
320 326
132 133
873 874
1264 1273
9 14
16 20
898 905
1085 1102
230 234
1379 1382
175 176
501 503
538 540
391 398
179 182
841 855
1428 1431
342 346
1227 1232
728 730
1249 1255
96 114
677 678
90 96
989 994
1232 1236
1016 1018
1185 1187
802 817
1200 1202
1066 1074
469 473
326 330
855 861
431 432
540 542
585 587
252 255
349 351
573 585
612 616
380 383
263 266
1171 1173
255 263
787 794
831 835
240 244
444 449
608 611
214 217
874 882
725 728
822 830
611 612
14 15
542 548
509 511
1074 1080
159 160
1278 1279
204 214
1273 1275
228 230
1000 1003
280 291
64 19
180 186
608 614
527 533
73 83
102 109
1380 1397
335 340
128 132
290 297
822 826
1312 1320
876 877
1092 1094
748 749
92 96
1094 1123
398 401
385 395
708 712
1288 1289
891 901
571 577
170 176
901 911
1047 1056
928 933
1434 1440
602 606
1199 1202
1212 1221
749 771
1179 1199
806 808
570 571
826 830
289 290
32 35
22 23
960 961
955 960
691 708
497 501
980 985
48 64
88 90
965 980
811 814
1335 1339
1225 1226
1284 1285
4 7
1126 1127
25 32
7 16
832 841
1069 1075
203 206
1004 1027
1157 1161
468 469
189 191
139 144
488 494
191 203
427 437
771 777
251 252
831 832
1272 1278
1059 1062
577 585
650 652
350 353
877 878
815 822
213 222
97 99
657 658
206 209
885 891
340 344
1355 1364
1153 1155
87 67
1360 1361
1040 1041
133 134
209 211
1233 1237
49 64
972 974
1166 1173
1041 1046
138 141
151 161
948 950
519 520
1369 1377
429 442
1151 1161
960 965
175 181
368 375
164 175
1280 1289
648 658
868 869
1076 1079
1198 1220
161 164
237 240
1059 1064
1147 1148
555 556
1279 1280
206 209
275 278
317 319
575 577
278 286
915 920
808 815
181 206
744 750
1114 1118
1261 1270
974 980
982 983
784 785
1418 1421
446 467
661 674
1102 1108
806 808
674 677
428 429
1344 1351
409 414
693 697
995 1006
935 937
396 406
236 237
507 511
643 647
944 948
1368 1369
211 215
1226 1233
965 967
1327 1331
340 344
677 689
258 267
271 273
96 99
347 349
887 891
407 409
1358 1360
1050 1052
233 236
338 340
983 984
895 896
533 553
99 121
349 355
869 870
427 428
937 941
1148 1151
967 969
1278 1279
362 366
5 6
141 144
815 827
835 845
1086 1089
617 618
40 49
1341 1344
697 704
577 578
375 376
469 478
957 960
1429 1433
273 275
1426 1429
144 151
1298 1305
420 421
511 513
981 982
647 648
1254 1261
302 304
506 507
378 391
578 581
1351 1358
95 96
1331 1333
980 981
597 600
1122 1123
714 744
522 523
565 575
1318 1327
1333 1341
846 850
1184 1189
782 784
64 67
600 617
1173 1184
845 846
421 427
558 565
1052 1059
1380 1382
1382 1399
134 135
1162 1166
11 12
514 519
1293 1297
556 558
391 396
1189 1198
1020 1021
1016 1018
913 915
1399 1413
920 921
98 64
372 374
177 178
1081 1086
904 906
367 372
1309 1310
114 116
1050 1058
36 39
724 725
923 929
1429 1436
1174 1178
1232 1241
125 129
361 362
1128 1130
980 981
1118 1122
415 423
973 976
936 937
872 874
1102 1105
88 89
402 411
749 752
753 757
561 569
171 173
874 879
971 973
61 64
133 135
799 811
100 102
250 255
162 171
668 672
73 76
1410 1414
716 724
1063 1066
976 978
1086 1087
1409 1410
697 699
725 730
1125 1128
666 668
14 15
141 142
714 716
161 162
814 824
922 923
1158 1167
709 711
1014 1015
737 739
897 903
944 949
848 849
1227 1232
204 205
766 775
1295 1296
1262 1279
1149 1151
1130 1135
868 872
39 43
824 842
1073 1074
229 233
1157 1158
1280 1287
1015 1016
445 447
863 865
481 484
1393 1394
64 68
1247 1262
493 500
1363 1368
456 464
951 960
205 208
359 361
960 963
1407 1408
1296 1297
77 86
656 666
1169 1170
311 319
377 380
1352 1359
464 465
4 9
289 292
1205 1206
173 175
513 514
411 414
577 579
328 330
550 551
1087 1095
1372 1373
641 643
142 143
500 504
60 61
595 605
635 641
20 21
423 424
1373 1380
330 335
1182 1187
757 761
903 904
865 868
1122 1125
299 304
1244 1247
97 98
608 612
579 582
358 359
1135 1136
861 863
292 295
1380 1389
736 737
1202 1205
699 709
1026 1036
1279 1280
538 550
655 656
514 519
1368 1372
619 620
86 88
12 14
620 621
1136 1147
1359 1363
752 753
993 996
1058 1063
983 984
1329 1335
339 340
214 229
175 176
789 799
139 141
1095 1102
58 71
641 649
649 656
590 597
158 170
544 547
782 792
1395 1398
1009 1022
893 897
656 666
246 248
862 864
1204 1214
1398 1418
775 782
1170 1175
1433 1439
1293 1302
1356 1363
1186 1187
347 359
211 219
88 91
362 367
712 714
564 569
816 822
1418 1420
1113 1115
484 490
275 282
495 502
1217 1220
219 224
964 973
177 181
186 202
389 397
1232 1244
1220 1223
947 953
927 931
1378 1379
1158 1166
1166 1170
698 702
842 852
1129 1135
1183 1185
1223 1230
852 854
1363 1378
689 698
973 981
1023 1061
938 947
248 275
118 123
1214 1217
954 956
569 577
1150 1158
1379 1395
666 675
811 815
901 908
792 793
1271 1293
860 862
27 53
406 427
440 442
540 544
490 495
744 755
1187 1201
755 758
556 557
176 177
240 246
1329 1337
1201 1204
18 22
578 590
793 811
708 712
758 775
1230 1232
1146 1150
1088 1093
317 322
1263 1271
53 88
993 1009
91 118
282 294
577 578
1439 1440
923 927
367 381
1115 1116
704 705
339 344
953 954
1022 1023
1337 1356
344 347
359 362
1258 1263
294 302
152 154
1098 1107
1061 1062
202 210
918 923
383 387
725 740
322 339
854 860
1063 1088
461 482
962 964
302 317
1107 1113
718 725
714 718
123 152
1244 1257
231 240
1 1
0 1
1439 1440
64 60
633 635
47 49
551 554
502 509
732 734
1045 1051
1194 1202
1100 1101
727 731
64 103
280 281
816 820
650 654
158 162
561 564
473 475
260 273
708 714
105 111
614 619
1101 1120
946 953
820 821
297 305
43 47
57 64
475 479
22 39
512 534
225 233
179 186
928 932
402 408
1237 1239
745 749
1203 1206
408 443
1332 1354
1286 1304
714 720
484 485
479 484
1063 1064
847 848
645 650
897 906
1027 1035
111 112
171 179
1329 1332
1037 1045
1061 1063
324 337
118 129
186 190
295 297
1095 1097
1182 1194
347 349
321 324
790 812
1256 1279
337 342
1068 1085
162 168
1021 1022
554 557
206 217
635 645
1035 1037
168 170
1364 1399
1401 1404
282 294
1399 1401
906 914
1064 1068
460 473
1054 1061
384 402
170 171
619 628
1092 1094
675 683
353 359
557 560
112 118
560 561
600 613
1051 1054
1085 1090
1322 1324
190 206
571 600
233 241
1022 1027
256 258
1404 1419
865 885
742 743
654 675
258 260
443 448
1097 1100
6 22
1141 1144
455 460
885 897
613 614
628 632
346 347
217 225
846 847
281 282
1016 1017
1304 1312
1324 1326
129 141
812 815
534 551
309 321
1090 1092
743 745
782 790
1 100
1380 1382
985 989
633 636
1386 1391
91 98
592 594
922 930
1231 1234
641 650
1163 1172
214 220
1229 1231
1417 1418
597 602
69 71
607 609
550 551
39 41
285 289
240 241
758 762
932 936
848 853
573 574
666 669
767 775
936 951
1132 1144
1021 1036
632 633
45 46
612 616
1158 1162
262 263
1313 1321
1227 1228
220 223
740 747
725 726
145 147
1228 1229
225 227
542 550
536 539
800 802
243 245
1266 1273
1062 1066
232 234
1058 1062
482 487
790 791
77 78
916 922
1342 1344
1177 1178
385 398
1005 1007
139 141
856 857
368 369
726 734
417 420
814 816
184 185
1013 1017
275 285
323 338
375 385
177 179
1091 1115
73 77
11 16
57 69
880 893
1225 1226
659 660
272 275
1196 1199
1358 1371
813 814
165 169
857 864
1193 1196
369 375
967 968
487 502
241 243
4 7
183 184
143 145
1226 1227
1144 1147
1257 1266
141 143
247 253
173 175
996 1000
1283 1299
7 9
864 869
21 18
293 302
609 613
743 751
56 67
483 502
171 223
1385 1403
1241 1243
792 863
465 472
15 29
574 596
1300 1306
1193 1241
761 763
1007 1059
1120 1186
918 947
1403 1440
430 465
170 171
88 121
1359 1364
763 783
1348 1359
1059 1060
751 761
1088 1120
331 341
29 40
1060 1088
947 982
596 609
166 170
1243 1293
40 42
233 236
863 912
324 328
33 2
332 341
758 769
738 741
1244 1254
948 958
664 668
1115 1117
1213 1215
1094 1109
884 911
347 348
719 720
958 961
775 778
1373 1385
612 619
69 79
626 629
731 732
814 816
167 181
629 631
1361 1365
505 511
348 349
202 203
1385 1387
117 120
1396 1422
773 775
1196 1212
1049 1053
1288 1314
1109 1115
267 286
80 74
377 379
1281 1282
339 341
984 985
239 244
1108 1109
1423 1424
57 59
534 535
372 374
1100 1103
1188 1193
808 813
179 181
4 14
1122 1125
233 236
320 322
1237 1239
103 104
1230 1233
981 984
1362 1364
461 462
1013 1018
193 197
401 402
530 531
1024 1025
496 497
1039 1042
55 57
90 92
946 947
517 518
1052 1059
389 401
676 677
1184 1186
17 22
716 720
1233 1237
700 705
1116 1121
105 110
366 371
647 655
1032 1036
113 115
457 461
793 808
560 567
341 343
607 612
813 814
448 450
231 232
1256 1258
924 935
279 290
643 647
1424 1425
1146 1149
877 880
1090 1100
371 372
61 62
148 151
522 523
1248 1250
456 457
972 978
352 359
753 757
574 604
1312 1314
1044 1046
161 163
62 66
765 766
923 924
906 910
154 155
350 352
1179 1184
444 445
1439 1440
735 737
1172 1178
435 441
835 838
1077 1079
788 789
523 530
54 55
431 433
851 859
1283 1309
347 350
359 366
1079 1083
1314 1319
533 534
789 793
1109 1116
689 696
615 629
911 913
904 906
160 161
232 233
1156 1158
421 423
1418 1419
374 377
1239 1243
1345 1349
687 689
488 490
757 765
316 320
298 299
1152 1156
462 475
996 1001
1139 1146
720 731
1309 1312
133 141
1425 1431
1001 1009
677 687
1071 1073
15 17
570 571
766 782
896 904
1277 1280
1133 1135
129 133
299 314
480 481
541 546
859 872
964 968
385 388
258 259
102 103
66 68
481 486
535 538
1282 1283
1246 1248
947 951
91 64
672 674
602 609
946 950
559 568
1058 1065
443 445
61 62
1030 1032
77 84
1153 1156
1156 1167
867 871
65 77
1362 1363
658 665
1216 1221
625 628
769 775
1221 1224
746 753
547 559
838 840
1296 1298
874 875
1438 1440
188 190
733 741
147 159
349 366
1268 1270
1118 1119
873 874
436 438
1379 1381
933 936
84 87
876 877
52 53
897 904
871 872
1080 1084
1381 1388
1435 1436
609 612
1200 1207
578 584
877 878
1107 1112
1119 1120
851 852
1187 1200
141 143
1032 1038
1358 1361
858 862
665 668
456 457
568 578
732 733
922 926
674 675
857 858
1167 1173
445 448
146 147
670 672
875 876
1282 1291
1023 1028
45 52
1072 1078
1274 1278
584 586
419 422
375 376
1102 1107
317 325
523 529
330 335
703 706
643 648
587 590
193 200
862 864
325 326
384 389
1207 1213
783 796
836 838
457 465
103 110
389 400
1298 1299
1144 1150
1150 1153
804 806
847 851
996 999
1019 1023
1051 1057
802 804
11 21
1345 1347
53 60
253 263
44 45
939 941
796 802
586 587
514 523
88 89
950 958
1431 1435
1184 1187
400 408
305 317
1418 1423
169 172
1132 1144
919 922
889 897
1028 1030
1115 1118
1039 1043
1079 1080
1175 1184
94 103
21 43
628 643
1299 1329
1350 1358
687 692
1428 1431
1415 1418
590 592
807 819
1371 1379
967 972
1232 1233
976 987
438 443
426 436
942 945
864 867
958 964
975 976
702 703
941 942
529 543
1224 1226
852 857
1038 1039
742 744
974 975
612 624
2 0
0 360
1080 1430
0 2
1080 1440
10 360
100 100
1226 1229
838 839
593 601
246 247
569 583
329 331
460 462
1171 1178
1280 1289
954 955
271 274
34 35
803 807
1277 1279
1187 1193
1166 1170
22 34
242 243
170 176
1093 1097
1125 1128
712 719
336 339
161 166
902 906
627 631
203 210
1332 1342
558 564
1100 1104
444 453
71 86
1420 1432
1138 1141
1150 1151
1419 1420
395 396
443 444
468 502
1040 1041
417 419
202 203
234 242
591 593
1170 1171
233 234
882 883
375 384
709 712
1132 1138
278 282
1164 1166
68 69
125 128
188 193
1025 1032
303 317
975 976
618 621
35 36
836 838
1375 1392
944 952
104 106
557 558
639 644
143 145
1401 1403
952 954
1275 1277
153 154
783 785
102 103
1411 1419
1179 1180
681 709
1200 1211
1068 1075
1329 1332
773 774
274 278
1 2
229 233
650 663
133 143
1301 1305
969 974
1342 1345
128 133
1404 1411
756 758
941 944
37 42
1279 1280
36 37
612 617
601 604
222 224
1183 1185
224 227
860 864
67 68
564 566
834 836
999 1016
1118 1120
1090 1091
503 510
881 882
318 322
974 975
258 262
1182 1183
864 867
1041 1049
1432 1433
880 881
583 591
168 170
1146 1150
63 67
1315 1317
824 831
1305 1309
373 375
1180 1182
1141 1143
120 125
878 880
282 283
1369 1375
621 623
1216 1226
334 336
393 394
1154 1162
779 783
326 327
11 15
1324 1329
415 417
839 860
758 759
1087 1089
935 939
922 926
644 645
1143 1144
7 9
112 120
2 7
831 834
462 468
510 534
1023 1025
86 91
1016 1023
1249 1274
197 200
1403 1404
440 443
69 71
1345 1346
428 434
327 329
604 605
434 440
799 801
108 112
1309 1315
384 392
217 221
247 258
664 673
1178 1179
243 246
1162 1164
296 301
1153 1154
103 104
607 612
638 639
1131 1132
50 54
106 108
963 969
154 161
1211 1216
680 681
1398 1401
407 415
1049 1053
1361 1369
774 779
906 922
227 229
1098 1100
453 458
1195 1198
15 22
43 31
1324 1340
226 256
510 514
289 297
1227 1231
1359 1368
433 434
549 556
107 113
1040 1045
1109 1117
710 714
932 936
199 204
694 700
273 275
879 883
157 179
479 488
1317 1318
1028 1035
1415 1438
726 733
915 923
564 571
205 210
453 463
448 453
490 496
64 92
277 289
55 64
191 196
463 479
1 11
1067 1093
298 302
936 988
260 271
303 308
256 260
558 564
1262 1281
1007 1028
876 879
96 107
224 226
853 854
145 152
733 749
708 710
503 510
1282 1299
366 372
28 40
222 224
1147 1173
92 96
310 328
1141 1147
842 851
488 490
534 549
152 157
672 685
275 277
1438 1440
891 897
685 694
556 558
1174 1191
204 205
1374 1393
328 352
45 69
300 306
783 790
321 337
214 219
629 631
1027 1034
1086 1110
78 80
1399 1401
211 214
693 699
1321 1323
1166 1167
946 956
101 105
337 348
178 184
488 500
521 557
234 235
167 172
1165 1166
1110 1112
38 41
520 521
265 298
418 442
1112 1118
915 920
987 1015
1356 1370
1439 1440
1404 1407
1380 1384
1072 1076
445 446
1323 1340
62 63
722 734
392 398
685 692
1437 1439
1370 1378
317 321
1239 1248
631 640
1344 1350
764 778
803 822
1309 1312
43 50
298 300
348 361
17 22
664 666
790 791
235 244
1250 1257
244 247
12 17
666 672
901 914
557 563
251 265
1034 1047
692 693
899 901
184 187
1388 1389
646 660
898 899
660 663
486 488
663 664
1421 1430
111 114
1182 1210
462 486
1015 1016
76 78
500 501
63 68
1401 1404
736 764
779 783
1047 1055
1279 1286
456 462
155 158
590 600
822 838
797 803
734 735
1248 1250
448 456
1076 1086
1274 1275
1258 1262
681 685
247 251
1257 1258
228 234
447 448
1340 1344
398 407
617 629
223 228
1320 1321
571 574
1262 1264
137 155
1303 1309
5 9
1021 1027
53 14
414 418
902 924
162 192
990 1017
533 535
989 990
1345 1347
690 739
206 207
1252 1276
1278 1280
273 279
271 273
239 253
192 198
864 871
279 281
580 587
1317 1319
1347 1350
393 403
447 467
1054 1067
1197 1213
657 676
281 289
745 797
1336 1345
207 237
1067 1068
487 497
945 953
117 162
880 890
631 641
953 960
1383 1393
797 811
1406 1428
1394 1406
1180 1197
1393 1394
1213 1233
811 820
676 690
572 580
1099 1142
289 300
1298 1309
1428 1440
94 96
372 388
403 414
1162 1180
1091 1099
983 985
820 864
73 78
357 369
535 572
519 522
429 446
97 117
420 429
924 945
78 94
1142 1162
44 42
1215 1224
727 728
775 776
286 307
482 485
1011 1013
981 989
220 230
1275 1278
673 679
366 370
1123 1128
307 312
461 462
322 324
946 956
9 23
327 347
384 408
880 883
1051 1068
160 162
1407 1408
708 711
891 902
1203 1215
802 810
841 847
660 673
199 207
1351 1355
431 433
1258 1269
490 492
1314 1333
931 938
993 1011
940 941
451 455
119 149
23 56
489 490
657 660
711 719
1028 1033
1361 1371
455 461
776 792
1244 1245
729 745
927 931
877 880
599 602
597 599
1181 1187
917 922
1014 1016
908 914
252 257
810 831
193 199
237 246
232 235
409 421
69 71
360 365
446 451
522 550
1283 1294
747 756
149 151
974 981
1355 1361
249 252
422 429
831 832
847 848
1269 1275
1135 1141
1141 1148
365 366
1097 1101
700 708
312 322
959 966
1068 1074
2 0
0 360
1079 1429
91 56
487 490
801 805
91 107
1159 1164
946 952
364 375
1103 1150
1323 1338
50 53
1169 1170
767 771
239 240
1050 1062
1089 1090
67 87
1015 1020
427 429
244 249
441 442
939 946
892 913
952 953
1296 1313
442 445
1357 1365
1078 1089
845 846
1263 1287
1287 1296
659 671
398 412
1254 1263
764 765
879 880
125 131
1021 1044
60 67
728 741
296 321
1193 1197
1313 1323
741 748
353 357
222 225
1402 1405
771 775
986 989
234 239
45 46
805 807
1234 1241
1438 1440
249 264
1246 1247
953 958
482 484
1437 1438
225 228
1164 1169
880 890
1012 1015
87 91
154 175
874 878
1020 1021
272 273
1338 1343
230 234
1069 1070
1070 1073
1170 1178
1249 1254
220 222
435 441
891 892
1073 1078
580 594
134 154
491 494
429 435
678 699
1062 1067
321 353
795 801
529 549
110 118
765 767
229 230
1371 1383
228 229
562 580
857 870
56 60
1405 1411
43 45
240 244
611 626
264 272
412 427
671 678
878 879
1210 1220
122 125
1185 1190
1433 1437
1365 1370
131 134
1067 1069
1231 1234
549 553
1007 1012
484 487
1241 1246
1225 1231
395 398
5 22
1178 1183
1220 1225
494 497
1044 1045
638 640
1247 1249
994 1007
46 50
1370 1371
748 764
807 814
640 654
357 364
1343 1357
1421 1433
814 845
1383 1397
458 475
870 874
1045 1050
1090 1096
1397 1402
958 986
699 728
1150 1159
388 395
53 56
1190 1193
923 938
377 388
175 208
19 14
513 518
334 346
717 744
512 513
949 957
1386 1395
599 604
444 445
1058 1067
329 333
436 444
596 599
1072 1096
1067 1071
836 837
958 968
1192 1201
551 561
865 885
1149 1169
138 143
353 355
468 469
502 512
449 452
885 886
674 692
350 352
692 693
1423 1428
1428 1430
1042 1044
1221 1222
61 93
1179 1189
1170 1179
189 191
1243 1247
1067 1074
1208 1211
170 184
1057 1067
1211 1222
1247 1252
846 847
772 776
908 917
78 79
849 858
997 998
489 496
434 438
89 91
666 676
745 746
732 742
1169 1170
195 206
994 995
749 760
496 498
1392 1397
1009 1015
1240 1243
876 892
536 538
1148 1150
1430 1434
1335 1337
630 632
532 533
1285 1287
550 558
969 973
611 615
184 189
946 964
11 12
528 532
683 687
825 831
431 434
717 722
1253 1255
941 946
1026 1028
1265 1268
1390 1392
1434 1437
142 144
1118 1122
798 807
1197 1199
1437 1440
1331 1335
1311 1317
1263 1265
996 997
59 60
639 640
1290 1294
1190 1192
1141 1145
533 536
508 512
581 583
712 715
56 57
842 846
567 576
598 601
858 859
315 329
96 104
1223 1225
998 1001
605 607
822 825
1412 1414
454 455
1015 1022
641 648
515 518
1193 1197
562 567
294 295
1028 1029
651 655
934 937
487 489
601 605
344 348
399 402
506 508
14 17
1122 1132
1023 1026
1274 1276
1397 1400
206 219
1138 1139
105 113
703 712
634 635
382 391
1252 1253
635 639
995 996
1133 1135
1139 1141
597 598
1231 1234
104 105
689 690
141 142
86 87
481 485
1294 1305
790 791
1305 1311
231 245
329 339
607 611
1268 1270
1105 1106
150 152
26 31
133 136
1337 1338
17 22
459 461
847 849
149 150
1326 1329
144 145
1287 1290
864 865
1152 1163
1150 1152
1079 1087
1029 1031
1255 1260
2 3
84 86
1276 1278
632 634
975 978
360 380
73 91
807 812
783 805
312 316
533 534
1330 1331
236 246
1396 1408
762 764
1344 1345
59 67
562 567
457 458
416 432
1163 1165
1052 1055
1243 1244
252 253
764 767
912 925
693 695
1045 1052
521 533
597 599
270 273
503 505
869 882
813 818
1306 1314
31 33
317 318
1130 1132
1362 1363
1416 1418
1291 1292
637 638
443 444
724 746
654 662
211 213
432 437
405 410
67 68
1367 1371
346 347
319 327
1179 1186
1077 1088
345 346
1025 1041
1409 1416
569 572
1121 1130
26 31
894 899
1269 1277
1383 1385
1242 1243
1227 1242
259 260
90 96
1408 1409
475 480
53 59
316 317
480 482
394 405
308 312
410 416
1041 1045
847 853
468 469
577 585
75 76
469 473
1331 1336
364 366
347 355
1244 1256
692 693
246 252
576 577
68 75
386 394
977 979
1008 1012
767 768
383 386
162 178
612 620
827 829
508 511
572 573
1422 1437
447 451
507 508
819 826
458 466
982 985
122 123
890 894
1194 1204
1225 1227
1356 1360
222 236
1256 1268
96 103
638 652
818 819
518 521
652 654
1343 1344
685 692
585 588
1371 1383
473 475
497 503
853 856
548 554
882 883
1012 1013
145 150
1091 1107
1222 1225
1221 1222
257 259
769 776
883 888
1186 1187
746 750
453 456
511 516
355 364
273 278
1304 1305
50 53
204 206
444 447
158 162
327 336
1268 1269
671 672
505 507
961 977
620 637
545 548
829 838
1135 1136
1345 1347
985 1008
1013 1015
574 576
182 204
1437 1440
263 270
608 612
573 574
1057 1075
672 675
838 847
103 107
593 595
768 769
178 181
381 383
50 88
644 649
1100 1109
563 578
116 117
726 735
890 898
59 60
763 766
835 836
1238 1254
631 637
191 212
235 240
1389 1413
751 763
372 373
1024 1028
905 962
787 797
1120 1126
152 190
1166 1177
141 148
117 129
744 751
1030 1039
1309 1317
1322 1389
432 464
682 692
22 37
962 970
681 682
1317 1319
464 481
504 517
349 354
99 110
1039 1043
864 869
549 563
1143 1145
766 772
354 372
649 651
281 293
829 835
642 644
517 522
293 299
677 681
534 549
885 890
817 825
1427 1435
579 580
772 787
1177 1180
82 84
695 707
860 862
330 349
1265 1277
901 905
497 504
970 984
431 432
578 579
624 627
898 899
523 531
825 829
665 673
18 19
1006 1007
148 152
1126 1131
329 330
1043 1074
735 744
1074 1080
1145 1152
1155 1166
637 639
718 726
1277 1294
673 677
533 534
493 497
190 191
216 218
135 141
240 259
1294 1300
651 665
899 901
419 421
522 523
707 718
110 116
992 995
869 878
1254 1265
1319 1322
223 233
1413 1427
1235 1238
1152 1155
218 223
481 483
483 493
373 379
839 860
984 992
639 642
299 321
1180 1189
84 99
1094 1100
611 624
321 329
1007 1010
797 817
129 135
60 82
379 392
878 885
601 611
1189 1217
44 59
627 631
995 1006
1080 1094
1300 1309
1109 1120
1028 1030
1435 1440
862 864
100 100
691 698
705 712
28 36
1411 1418
331 338
1296 1303
446 453
201 208
590 597
1281 1288
676 684
835 842
1152 1159
72 79
259 266
1324 1332
1108 1116
374 381
907 914
1195 1202
1209 1216
1368 1375
115 122
489 496
1180 1188
129 136
417 424
892 900
187 194
14 21
878 885
216 223
1238 1245
1051 1058
1080 1087
172 180
1094 1101
720 727
1008 1015
864 871
820 828
316 324
360 367
100 108
1166 1173
144 151
388 396
302 309
1022 1029
432 439
43 50
806 813
1065 1072
1396 1404
964 972
633 640
86 93
1252 1260
1310 1317
1339 1346
763 770
1267 1274
576 583
1123 1130
518 525
1353 1360
792 799
777 784
662 669
532 540
547 554
230 237
993 1000
1425 1432
648 655
936 943
1224 1231
734 741
288 295
273 280
561 568
748 756
57 64
921 928
244 252
460 468
1137 1144
619 626
1382 1389
0 7
345 352
475 482
1036 1044
604 612
979 986
158 165
950 957
504 511
849 856
403 410
1332 1339
828 835
295 302
727 734
7 14
856 864
151 158
525 532
64 72
612 619
136 144
223 230
885 892
1159 1166
813 820
266 273
122 129
957 964
928 936
309 316
655 662
784 792
1202 1209
1015 1022
1058 1065
410 417
280 288
712 720
597 604
1245 1252
180 187
21 28
842 849
108 115
1000 1008
1288 1296
1101 1108
1144 1152
640 648
1346 1353
208 216
424 432
986 993
1375 1382
1260 1267
79 86
1116 1123
1360 1368
568 576
1432 1440
698 705
1418 1425
1216 1224
439 446
770 777
1029 1036
324 331
1404 1411
194 201
900 907
482 489
684 691
972 979
1087 1094
914 921
237 244
871 878
1188 1195
381 388
540 547
1044 1051
583 590
352 360
468 475
165 172
943 950
93 100
50 57
669 676
1231 1238
1389 1396
1130 1137
1173 1180
1072 1080
36 43
756 763
511 518
453 460
1317 1324
626 633
1274 1281
396 403
799 806
1303 1310
496 504
741 748
338 345
252 259
367 374
554 561
47 29
1194 1200
300 313
1257 1260
379 386
660 663
551 552
337 342
613 624
1319 1321
19 22
1416 1427
523 529
831 833
440 446
418 422
573 574
386 401
76 80
888 910
446 466
663 680
910 925
1344 1347
220 227
467 481
1143 1173
552 573
940 941
1297 1306
833 834
576 585
424 429
429 440
998 1003
138 140
830 831
1402 1408
1071 1079
57 60
1050 1053
60 72
925 940
781 784
1427 1433
828 830
422 424
599 604
531 536
759 765
105 109
1408 1416
975 977
611 613
1247 1255
491 499
7 19
24 35
538 544
481 491
1260 1273
48 57
991 997
377 379
137 138
201 208
868 871
35 39
536 538
624 635
1306 1310
1098 1104
1323 1341
961 973
780 781
590 599
1043 1048
0 2
180 540
540 900
50 50
43 55
561 566
1347 1369
1190 1193
305 312
253 257
793 807
841 852
733 737
1045 1052
1369 1375
229 231
1093 1094
748 753
947 953
809 841
248 253
263 277
393 402
976 987
975 976
1193 1230
1058 1074
1335 1336
17 19
609 622
972 975
881 887
666 669
792 793
1313 1323
856 861
861 867
1140 1159
720 725
737 742
145 155
742 748
900 926
558 561
629 632
466 471
711 720
987 1004
776 782
965 972
462 466
451 462
1182 1190
440 451
953 965
944 946
638 648
111 119
867 874
635 638
753 776
220 229
343 353
946 947
155 156
1294 1313
926 930
1167 1170
589 609
302 305
1380 1384
1232 1244
257 263
1323 1335
1173 1182
1375 1380
1337 1341
852 855
1244 1260
1401 1409
655 666
231 241
21 42
1159 1167
807 809
119 128
277 297
1004 1035
1035 1045
200 220
42 43
425 430
725 729
887 888
417 422
1428 1440
1341 1345
632 635
297 302
1052 1058
934 937
354 393
1384 1401
1230 1232
63 90
516 525
310 318
1363 1368
1368 1375
1072 1075
1429 1430
1169 1173
1393 1396
1323 1345
1075 1079
1024 1027
220 221
138 153
367 369
592 595
91 100
841 855
1030 1031
1107 1112
1055 1056
879 896
685 695
67 75
107 108
1375 1383
400 408
794 796
184 192
830 833
134 136
615 625
1417 1424
493 495
221 224
715 738
34 35
532 535
607 615
136 137
266 282
598 599
784 794
463 470
329 333
1251 1255
233 238
812 814
284 294
1149 1151
1263 1266
605 607
993 999
1146 1149
999 1000
1159 1161
1281 1290
941 945
1056 1057
855 867
599 600
1436 1439
870 871
362 363
1092 1098
1255 1259
196 203
835 837
1173 1174
871 879
485 488
1022 1024
974 978
488 493
1408 1417
1057 1058
1259 1263
899 907
394 400
1186 1192
1399 1402
153 161
26 32
495 516
572 576
350 355
633 645
1433 1436
1101 1103
1345 1352
669 677
78 89
90 91
1049 1055
224 228
104 107
1079 1084
130 133
1209 1218
1151 1158
133 134
561 563
658 661
768 773
548 561
1383 1387
814 821
535 542
796 812
1047 1048
408 412
1090 1092
695 698
542 548
355 362
1084 1089
1231 1251
192 193
433 437
1158 1159
1066 1070
1058 1066
1387 1388
75 76
576 579
1127 1139
1276 1281
1218 1223
386 394
529 532
474 485
76 78
708 715
366 367
666 669
108 117
1424 1429
600 605
1193 1200
983 993
1017 1022
175 184
837 841
1031 1043
867 870
825 830
129 130
89 90
759 761
645 653
1043 1047
677 683
1192 1193
1322 1323
42 29
458 460
386 393
1088 1090
702 708
1392 1410
1181 1183
148 168
301 304
1412 1424
46 50
813 840
865 882
1093 1104
11 13
85 104
1255 1258
1299 1305
122 135
236 239
1339 1343
858 859
861 865
252 255
692 702
1178 1181
255 259
1082 1083
1033 1045
1323 1332
775 804
542 553
439 440
929 933
1191 1198
666 668
553 554
860 861
239 252
1109 1139
760 761
996 1020
209 236
135 146
1163 1167
400 413
393 398
380 384
746 760
502 505
840 841
1203 1207
83 84
986 991
50 68
300 301
1207 1224
27 38
972 980
761 775
1090 1093
1357 1360
84 85
941 962
174 176
708 710
1167 1175
1198 1203
506 525
104 111
1360 1369
1055 1057
12 16
765 775
184 190
861 878
800 809
815 828
36 40
1350 1357
1387 1397
711 718
55 56
903 908
1424 1440
202 203
275 296
1092 1101
258 275
54 55
809 815
1119 1121
1106 1119
1014 1030
475 491
611 615
228 248
359 360
494 496
1280 1300
593 601
10 21
799 805
869 870
1143 1153
762 774
386 391
64 81
898 913
140 154
836 842
1224 1240
657 660
932 945
190 191
1046 1062
774 792
1323 1333
678 680
1076 1088
484 491
439 442
323 346
293 296
129 136
346 348
96 105
1341 1350
703 709
1042 1045
1038 1042
554 555
1112 1114
55 44
1381 1389
915 928
1374 1381
151 162
498 499
1279 1296
571 597
415 420
502 507
257 268
953 957
874 908
194 198
1197 1243
33 34
268 273
1146 1170
1062 1075
947 951
305 312
67 87
1020 1038
537 563
653 673
755 758
37 39
1187 1195
376 399
326 332
1129 1134
914 915
351 373
1195 1197
957 965
122 133
278 284
34 37
1011 1020
399 415
1092 1121
1134 1135
641 647
91 100
373 376
198 216
951 953
332 341
1038 1058
515 525
933 947
597 598
563 571
341 351
284 293
1058 1062
758 769
1305 1316
530 537
507 515
908 914
1243 1253
453 498
1121 1129
239 257
601 622
717 755
695 717
499 502
39 53
1347 1374
684 695
673 674
1296 1298
1002 1011
1075 1090
1253 1264
1273 1279
53 67
24 33
870 874
216 239
525 530
1332 1347
1408 1427
928 933
133 151
1436 1440
1393 1397
273 278
293 305
1264 1273
1316 1332
434 453
420 434
312 320
1090 1092
598 601
1391 1393
162 194
52 63
942 956
134 177
196 216
281 288
1182 1186
713 725
341 342
1076 1080
1292 1324
288 294
926 930
1241 1253
621 633
1065 1072
66 114
498 511
1119 1120
1188 1191
902 907
1285 1290
1037 1045
663 666
492 493
274 281
1281 1284
918 926
1392 1440
1144 1149
836 850
1127 1144
674 686
1207 1222
686 713
901 902
465 492
442 446
446 460
1177 1182
850 859
130 134
894 901
1091 1098
1045 1048
749 768
1120 1127
218 261
1072 1076
365 393
961 975
1222 1241
859 888
999 1001
1001 1026
908 918
1186 1188
618 620
407 421
33 39
907 908
39 66
463 465
216 218
421 426
975 999
530 547
888 894
611 618
555 559
426 435
189 196
396 407
1324 1382
395 396
1191 1205
768 778
186 189
261 274
633 663
1050 1065
559 611
27 33
306 341
493 498
1029 1030
1290 1292
805 836
1149 1159
666 674
511 530
1080 1087
342 365
1048 1050
460 463
1030 1037
18 27
1284 1285
787 805
736 749
956 961
114 127
441 442
127 130
435 441
1205 1207
1111 1119
620 621
1026 1029
177 186
778 787
1170 1177
547 555
393 395
1087 1091
294 306
725 729
37 31
606 610
1269 1280
767 780
1093 1101
408 410
473 500
948 953
1407 1409
114 115
198 207
871 876
535 541
671 687
311 312
876 883
830 844
393 408
500 507
1347 1356
922 929
997 998
1058 1069
456 473
294 301
523 524
222 226
640 657
168 198
410 444
1001 1007
507 515
1283 1288
1195 1197
1391 1402
72 88
1339 1347
1029 1047
1091 1093
272 294
88 96
355 387
595 606
890 895
69 71
1433 1440
1106 1110
115 119
1079 1091
24 27
1007 1027
1247 1255
657 660
1416 1423
1423 1433
592 595
214 222
1228 1246
5 16
226 232
754 759
1409 1416
1152 1164
1261 1269
896 914
714 746
96 114
669 671
1319 1339
10 100
330 332
1269 1271
1189 1197
1349 1352
50 54
1365 1376
1033 1041
635 636
1423 1427
4 6
146 149
222 223
1279 1281
179 185
760 761
901 903
426 429
1127 1128
1322 1336
741 756
461 463
1041 1045
252 253
628 631
1001 1004
841 845
936 937
141 144
785 793
1124 1127
131 133
171 174
1319 1322
1336 1337
221 222
1201 1202
960 961
231 238
1120 1124
829 832
1259 1263
549 553
679 682
213 221
423 426
703 705
54 56
961 969
1376 1387
1250 1251
1116 1120
1268 1269
1257 1259
793 798
324 330
455 458
955 956
36 41
672 676
567 581
682 683
898 901
839 841
980 988
415 423
988 990
1173 1181
878 893
284 289
458 460
293 299
668 672
445 446
203 212
772 774
937 943
185 186
25 26
1215 1223
997 1001
866 869
765 771
693 699
241 245
174 178
824 829
1205 1207
98 104
756 760
1430 1440
636 643
1202 1205
1197 1201
224 228
1400 1407
581 588
517 521
1225 1234
307 308
189 197
487 498
1026 1028
603 604
32 36
1359 1365
647 648
1092 1095
1296 1300
923 928
279 280
0 2
540 900
179 539
46 77
303 305
1254 1255
1275 1277
476 477
1060 1086
1385 1393
305 315
890 891
922 928
366 370
496 511
63 69
6 33
661 670
731 741
1432 1439
399 419
543 562
670 692
710 725
69 71
202 204
262 270
837 846
996 1018
1160 1162
458 462
761 769
881 883
864 872
1311 1312
273 274
270 273
284 303
457 458
191 202
462 464
1338 1348
640 642
1213 1218
921 922
443 444
629 640
77 79
1106 1124
928 951
324 349
456 457
1324 1326
349 350
114 141
71 77
427 438
464 468
235 245
377 380
885 890
891 896
1297 1300
479 496
1326 1327
846 848
790 819
1020 1045
438 443
1177 1188
521 532
511 521
177 179
725 728
179 187
883 885
540 543
579 590
1188 1189
1162 1177
1300 1311
33 37
387 399
780 787
79 105
227 230
984 996
590 605
230 235
1312 1316
562 579
468 473
655 661
824 837
642 648
744 761
444 456
917 921
315 324
1282 1297
536 540
350 364
204 219
245 262
605 613
477 479
219 224
1327 1338
1057 1060
1210 1213
422 427
960 973
473 476
176 177
1439 1440
1244 1254
364 366
1086 1106
419 420
872 881
863 864
187 191
850 855
1348 1360
860 863
859 860
848 850
74 4
256 263
220 221
1069 1079
378 397
200 202
1344 1351
682 689
704 713
1334 1339
465 468
330 335
1083 1101
624 626
203 205
1315 1316
1296 1299
221 236
903 907
1340 1344
1397 1398
817 819
270 274
123 141
1339 1340
1285 1291
987 1001
303 310
917 922
80 86
107 112
1301 1303
1385 1387
735 741
530 534
1208 1210
280 282
208 209
1048 1050
748 756
323 330
209 211
397 399
922 926
690 695
236 238
742 748
265 270
430 437
863 873
926 929
806 817
1391 1392
404 409
55 72
263 265
676 678
781 786
779 781
73 76
205 206
446 456
493 494
217 218
340 351
22 29
1293 1296
1060 1064
76 79
1406 1412
239 252
1425 1428
762 767
1030 1034
971 980
310 312
521 523
282 286
528 530