693438499 355221797
1906961596 696861364
19277445 153071487
1425172043 789363934
80930472 437298538
1740169544 35954892
651889099 1644251134
991560556 1237769122
23968840 1435228070
972216318 1778665265
759648947 290337689
1618902352 825933580
84200033 646552153
144174116 1745525289
1121404194 1118652520
1845110473 1524552604
1162313484 903139544
2107203345 626383481
1339167 770158415
1710509156 1074423309
1500928636 1433671786
1762692431 518287262
1748120406 561969531
60528182 1099704375
1722784439 1275116578
1908449460 178824846
1464947718 761239903
547197086 1920846209
1361892664 1021262901
1253823570 1232158153
1123378130 612718962
1370382743 1713273872
1661616095 1376303733
90361519 1814322749
1580251060 1687130016
1042078747 555577997
2067397701 797281862
862518964 1653047096
2002428687 1961969948
854230711 958049589
66863711 342231826
1275266889 16460429
788491427 1214349084
1879819841 414896012
743426303 48375084
527637875 1180214405
424184027 1435734426
521220457 626340582
1642284192 547756449
1329187975 755769939
644168632 781437487
149364092 1765604515
1436042890 837062231
982965175 746813477
1902563916 373917092
1322432676 1166649798
1509437505 1403046038
1324158997 1885470454
894904730 47962041
1048281462 621560909
491540680 1798871230
588463555 1749672158
800273981 1386809697
1973657496 1126650229
913414945 2002285276
1502907130 2021392732
795653671 1949316691
1460702415 2051242694
133543725 1063771220
1328017183 209540592
1569530741 1394183105
885957060 582287000
1315272635 1840504788
468375553 1361426947
231695620 2084060820
755791181 848369516
1756037744 186358092
331052807 2065962976
1261213540 1578384495
499486980 101303371
1099116516 991634585
232490977 245966666
2138152519 885251946
313903496 1168420614
451206160 813058594
1075538440 561512693
1919286398 1468172611
1641450652 27416579
84478182 1854483858
1969104411 727538912
27244096 1086521199
823440149 807940603
365876929 64815989
39874533 1403945059
1987755822 1109306954
654235713 1955984084
395407348 802974548
1396565406 1660594022
1012116319 729325145
2109793327 446108018