200 80
1 1 1 1 2 2 2 2 1 1 1 1 3 3 3 3 1 1 1 1 2 2 2 2 1 1 1 1 3 3 3 3 1 1 1 1 2 2 2 2 1 1 1 1 3 3 3 3 1 1 1 1 2 2 2 2 1 1 1 1 3 3 3 3 1 1 1 1 2 2 2 2 1 1 1 1 3 3 3 3 
3 4
100 10 1 1000
4 2
1 10
16 4
1000 1005 1010 1011
3 5
100 20 10 1 1000
4 3
1 10 40
16 5
1000 1005 1010 1011 2022
3 5
100 20 10 1 1000
4 3
1 10 40
16 5
1000 1005 1010 1011 2022
125 5
102 103 110 134 121
125 5
202 203 199 160 201
63 4
23 24 21 18
119 89
7281 17485 12405 3254 3881 5644 12120 3976 2291 13360 12045 3591 10944 2995 7941 8055 13643 6968 233 8282 19368 11952 11371 6883 17440 15337 17856 12693 11937 15171 5864 6333 4229 3364 931 2717 6426 12096 11279 18122 13179 9639 11801 8403 7435 7322 18986 5512 7270 11753 16170 809 13445 577 16707 13083 13722 7440 4080 19110 9863 3144 10009 9410 7122 5990 17420 3658 3884 3510 2466 12126 12625 6874 4291 9723 12566 4640 19 3827 10174 11502 18304 3067 7830 17680 11993 34 6426 
152 72
10534 28978 10772 25678 2408 10571 29794 18900 11398 1481 13991 27659 14876 29346 22672 20787 7480 14287 19140 3500 9676 2183 2001 4378 9987 9838 8550 20161 3610 21319 11716 17713 23409 20360 10607 10536 12770 12149 8489 14260 28753 21552 14368 29592 2436 13367 24167 20977 3637 3374 19363 6681 7526 25311 4615 1796 12021 28543 23938 9865 27760 26930 13110 20795 3114 16594 17709 6425 25231 15852 11847 6347 
181 82
4302 1556 3387 378 100 2688 2651 2073 2199 4198 7201 7176 4592 629 5471 708 3445 1782 4753 3983 1823 378 4761 5888 4148 2165 922 1521 7235 110 3784 3603 2390 2042 5964 104 6612 6133 3507 4208 5644 2045 166 2282 5388 5639 4385 6174 1973 6696 182 7319 3032 2591 2809 4977 6059 3196 2019 3959 4257 5605 7465 3058 566 4683 4679 611 1042 114 5384 513 6134 1533 481 7514 853 2935 1145 6874 2865 5774 
108 71
9854 4539 4351 380 10050 12146 6851 9775 15106 14776 7866 16949 15982 15154 16454 4061 523 612 13590 11423 17019 6043 8220 14075 11531 10126 10153 6963 3729 3560 3909 10742 13954 3677 34 10137 16951 14191 4233 7980 11918 2293 16533 12766 10746 19524 7655 13948 18798 10998 5680 18955 691 11720 5214 6600 12268 11995 10977 1932 9079 9059 11334 11413 19388 18734 14567 8628 12453 10264 5569 
78 66
1181 6425 6473 2448 2634 1682 6866 815 4291 6909 5103 3692 445 1241 3393 3026 5700 2410 1032 4840 362 5784 85 2046 6692 2123 2304 1048 1416 6825 76 3828 2402 500 4357 3104 1151 1289 553 6832 1099 1233 3234 5817 378 6498 563 4698 3018 6189 5445 2210 47 2247 5656 962 2131 4212 5614 3469 3786 5395 131 5009 2997 4355 
93 15
9667 3522 18881 18816 2386 3039 14148 3236 2511 6124 16084 3091 12472 6013 1747 
195 94
12102 610 4463 6274 1129 15122 1514 15324 4267 10488 6160 2080 3387 12238 8 486 6202 8403 1584 7949 40 853 9878 5557 13294 5841 8350 12389 765 16411 14029 2208 14124 11822 2285 2162 12325 10401 2384 10824 14110 10977 405 10187 7059 14020 10857 8785 6800 7267 6864 13620 921 7702 9665 5035 5710 6945 5822 2210 14607 15174 12034 8180 6598 13880 13890 6682 13164 1697 15730 7647 10284 15069 15651 8145 1416 2476 1137 12204 8675 16922 8742 4136 542 1276 3096 14798 3520 11837 8147 9 4100 1488 
116 37
9413 6619 2664 11716 12629 1972 14235 1590 2863 5347 14101 14114 14780 15244 1365 6080 14556 5471 9599 5268 12716 2913 16276 13919 13158 8464 7957 17521 4791 2263 978 14887 1289 10675 2307 4020 15455 
76 35
2363 1962 1216 725 2247 1986 2544 771 1298 599 1159 2353 1592 1550 1945 1191 845 741 936 831 755 1253 1605 150 1524 2124 802 903 1416 231 2499 1605 1041 20 819 
177 80
10369 7449 4155 15624 6374 15711 1410 13097 3126 15992 1316 6072 3864 12424 4344 19604 9278 23041 22052 20069 4307 13417 953 14208 1846 9822 3950 2493 22278 7895 5002 9571 7487 5469 15381 2747 18004 13657 6466 21766 5679 12799 11637 18455 19539 4523 8234 6917 12698 10715 22731 389 11870 22078 10454 14930 4594 11452 8232 16448 2067 12982 7385 3250 1876 5952 3315 17593 22997 14443 12695 6895 678 4327 7075 2530 10059 7834 6142 18148 
89 33
13745 9696 6255 25119 8419 20815 31055 5938 30420 31553 22132 21531 4946 15189 10185 13480 22599 3041 24093 1788 14745 13892 28199 14980 16464 22904 3272 15148 18679 16103 145 3282 324 
198 52
26875 19209 14368 28868 23055 27575 1815 19740 23562 20476 3553 18225 18096 1823 119 14120 1630 22803 3802 22289 8378 2 978 20506 28167 11816 2044 10242 4052 20327 1670 8913 25697 2583 2358 27847 19002 22686 15274 8338 23972 24896 27491 3139 9530 57 514 25475 87 14345 11605 25474 
161 70
305 22235 2394 2260 28977 16555 16828 5245 27915 14558 15648 153 28449 15261 1309 121 27365 25318 11979 19667 21832 7471 18133 5702 4470 14156 17359 6050 5568 15762 29386 21382 23769 644 4646 2463 397 1807 3752 20336 20752 24634 5836 9810 2563 13952 676 12985 11388 2713 1673 769 28327 27605 13467 16842 10855 11266 28941 4041 18354 2704 19801 16703 21883 6899 3636 19173 27945 27209 
56 84
10301 3441 13844 2602 5847 15665 12230 2413 1841 4432 14368 3784 8737 13664 4502 15211 1987 14442 2940 14059 762 14565 494 297 7026 1751 4014 10690 1441 9444 6806 14363 12974 7344 8335 8017 3473 9150 8078 2843 8221 14747 1978 7827 9730 14835 5343 14055 5635 5774 13677 1533 8387 9877 8984 6901 11134 2740 3842 10233 2142 3631 2605 7665 13571 484 2424 12744 7844 15920 10560 7410 12242 1143 6455 10992 12398 13865 4135 12529 14130 3106 11171 14971 
147 33
16709 20195 10870 185 1718 13770 4954 5813 25394 14846 259 2346 23239 25258 25602 10084 4015 25965 1673 4512 25799 3839 25214 1739 9283 7960 7630 3150 2927 7053 8452 14938 682 
171 60
2273 1646 3470 4365 13126 7788 8121 3144 5433 17732 4512 10202 22456 780 22141 2388 8448 921 7092 8060 11592 21716 21561 6303 241 20598 1365 3542 181 18387 22855 24212 5474 458 6986 16146 7573 5225 2630 12133 348 1805 616 11647 19830 270 4174 19887 22659 8207 15998 15463 19899 5574 15372 3394 20448 7219 5604 7304 
183 85
13812 14113 2799 5698 4568 5512 6475 11145 2643 8983 15439 13530 11994 11601 7682 5028 5959 10296 4466 10845 2061 11014 11757 7548 12090 9502 7435 13105 2749 5840 13412 12510 14315 7430 5090 15860 1997 10771 8239 14834 9174 8786 3408 2096 3586 6066 3419 17449 13435 2198 5063 8073 8257 1566 1242 7702 16202 4318 1352 7799 6682 13900 18003 10790 12729 6650 17386 6849 17017 10115 15752 8820 6135 643 13914 3645 723 4351 16544 2435 13564 14297 6229 4311 6626 
155 71
4989 2654 6960 3 2192 7733 6313 760 621 9443 2764 5847 1663 1919 2634 6415 1399 3305 1971 6360 8383 418 3507 982 6274 6673 9317 2907 2848 513 6298 1791 1170 2283 4938 5116 2840 5927 7079 3183 6398 3367 6749 2823 22 2061 9355 8978 7790 2766 6687 3185 7298 4159 1672 1367 8540 1826 1467 8199 5236 6328 254 2541 9317 3759 415 377 7289 1356 3668 
49 54
1967 2327 457 3108 1229 3924 3249 890 2800 196 1442 576 3515 95 1161 451 3751 2583 1096 846 613 2452 1094 1244 3290 82 639 683 950 3787 1752 3471 2977 3517 487 3759 3050 3176 1078 2412 3657 612 1643 54 1054 1280 529 3411 2444 1378 2315 423 726 3325 
9 94
5907 4105 2318 7789 4298 3148 4677 4302 4817 4912 7914 5567 4717 5814 6595 7535 35 2178 8043 7207 7257 5993 6446 242 2306 300 2949 944 1010 3920 7439 1339 1092 3575 8643 4098 2594 8395 559 2215 3868 3884 7829 4687 3695 4808 4216 1628 4971 5347 3228 4560 994 7182 429 553 4819 4942 5211 221 3928 3365 3918 5496 2464 3846 3516 1136 3527 4260 485 1013 2737 8739 2597 5490 7624 2223 6791 994 8743 1321 6034 7427 371 8208 3411 2605 2179 2839 7293 2509 3406 5357 
196 20
5514 7534 18663 8545 23109 1103 4875 20408 3487 11367 16008 5356 8922 24433 1928 4389 1920 2957 2543 24857 
7 17
6814 7911 3117 7957 4816 464 3714 1363 3142 4978 347 2752 2609 4055 6025 2330 1093 
100 32
1321 12482 2180 10100 12403 7053 10092 15656 11901 8486 6642 3520 11290 8186 10975 7446 13107 16963 6421 6348 7518 4741 1618 5860 12523 4261 15073 10191 1979 12572 10354 14972 
41 38
25667 17109 15883 6228 13227 5237 24321 20952 4447 6073 14300 4893 2609 40 1704 1939 2058 5818 10434 5791 1662 6108 12842 19775 6533 1338 6570 5028 4432 24853 22235 18428 14386 11248 5633 4257 7230 21790 
99 40
18538 2683 5747 1610 7377 6920 16175 2496 2732 5373 512 15748 841 9031 15196 6718 19513 3175 4327 7714 4334 13753 4011 3717 18357 16963 5454 9934 13540 3765 911 150 10596 10764 6638 15740 11517 3803 3609 16353 
76 7
4930 2690 4303 2157 1121 2708 5821 
36 5
4824 9596 10450 1308 3207 
98 46
18881 17265 20282 14591 11580 4806 1544 11496 4119 1027 4930 6704 18004 8780 17324 7706 1432 5054 4032 2910 19668 5171 551 21603 4311 3351 16518 5424 17912 2096 4213 20768 20081 2340 12042 4133 13838 21976 14943 6086 6791 19860 7661 24085 249 18789 
66 88
376 475 12 1057 1080 2865 2679 257 1592 848 189 1986 432 1522 1438 890 2478 641 1589 169 2126 1538 932 474 1253 2145 261 810 1051 93 2452 2197 2479 837 68 1661 1159 1251 1231 92 2680 624 2179 1980 1483 840 145 900 1065 127 2775 1646 784 1365 744 991 118 1342 2514 207 1757 1853 2385 1978 1296 1338 1650 1182 437 969 226 2605 1371 445 1360 973 478 940 2105 455 1097 1261 2283 589 1427 1200 403 1463 
30 7
4059 2452 1602 4097 5670 1758 5214 
53 78
339 8120 19278 17514 2872 8582 648 14794 10871 25910 1178 5559 14834 5696 3471 16274 4948 14390 18402 16773 22036 25007 14836 4448 26700 9093 396 25085 9565 1673 970 17715 21545 6097 9005 17996 2831 11140 25528 4944 9671 24112 10983 3947 1287 13488 22392 5747 5119 6807 15624 22324 22438 12064 3380 14495 19419 24164 23551 13755 6740 6864 17267 702 25884 19157 213 6386 9363 16097 2458 23332 9911 17295 5188 4324 5025 9243 
127 66
12568 1553 8315 12464 8037 6971 5659 5327 21341 5554 729 15718 2897 4316 1943 17843 9260 7732 17155 4190 22407 18258 3660 6863 18875 17274 12746 420 6250 5150 20028 16015 6432 2503 1284 10044 102 15688 4276 3752 10454 1824 517 159 2978 258 22459 15223 4674 4836 20264 14381 5469 8195 6304 10128 2332 3921 14934 1486 3200 2330 2680 23867 21526 1770 
34 96
6828 27025 29429 26937 12559 29660 19964 17332 21294 7184 16366 27508 11119 19465 4106 15435 20907 1502 24714 2474 8848 13288 24872 23877 9796 1024 2784 18276 19019 7276 18680 60 29355 9692 13118 749 9806 22287 15761 876 23207 23483 162 9268 8857 19533 2956 13369 17556 1806 4418 2334 1937 16935 18616 18855 27104 15702 3845 15473 1087 12961 17464 28385 14222 3770 5128 18522 28834 12868 24416 23987 2631 229 24347 6376 9769 26269 25612 2319 148 18262 22593 28302 28266 3260 25992 22412 1333 17998 25907 24741 10718 4021 2217 28130 
30 86
73 3282 12067 22131 2415 15012 14774 320 10486 14312 13728 3136 27317 933 19710 2062 22228 8340 16206 21664 20442 15756 25473 15601 17768 18847 4177 3588 3976 13600 24277 19780 5119 19368 2996 14801 24970 7607 2230 4057 6088 11678 22527 15522 11540 25500 16287 10033 20054 3399 2438 9990 8059 27693 10519 2600 24610 6076 5405 17375 18584 13919 11362 12998 13063 20970 18557 5250 25834 19256 844 2158 3268 12562 194 11578 18450 3764 5729 148 17790 842 7948 25028 22357 3777 
118 47
10235 704 16852 5150 13730 1002 21226 12136 6241 19528 25999 13945 2871 9119 15687 4948 16398 9583 2574 22424 4019 3179 20891 4275 9575 14215 3754 11346 1589 21001 13532 283 25125 16867 23946 20383 2352 20544 1792 20362 27605 16477 8191 7453 1899 18586 909 
153 46
1961 175 3202 1542 625 6076 6596 3743 6086 3033 5627 5846 4779 5515 514 2413 1418 3332 114 2562 6456 2070 398 4547 4090 960 1086 4963 2375 2893 217 5166 4368 3165 4265 5881 222 6211 554 4957 602 6769 4020 6022 3315 2321 
64 29
566 3304 5681 3851 2226 4307 5787 960 1159 2494 3407 278 285 2041 122 5875 5892 988 267 2080 4783 5651 1671 2411 1828 4886 3468 3218 5902 
65 55
808 638 364 280 1219 553 1361 22 256 684 374 189 585 856 1474 1126 410 1447 661 998 696 673 1114 200 537 1510 1117 930 299 1433 721 801 473 1072 479 1155 638 401 176 64 173 268 639 552 1332 758 562 958 1061 1205 1290 1065 1118 253 109 
73 12
507 747 175 691 571 795 32 295 661 415 189 575 
169 49
839 2522 475 833 2177 1147 1438 923 589 4405 238 2176 987 1844 3849 3221 4682 2897 3708 1098 508 4035 4664 251 3441 1839 581 2785 508 2684 1603 2107 113 2014 1426 297 1600 3226 1332 3373 252 1153 54 2737 4715 1977 3732 7 4664 
37 17
1177 1258 844 6502 5003 10062 3111 3396 2771 2866 9867 1576 1678 474 8571 320 5279 
54 12
12183 18678 9644 622 2918 7686 12055 1609 2996 7134 1486 17829 
79 92
10119 7492 12246 13059 10872 8196 555 1017 3172 10478 2135 8293 10350 15067 2841 11901 5708 5902 14940 13667 8912 9034 3171 7070 19274 18589 12665 7176 8623 11972 9050 487 10444 11646 12346 9086 3451 8601 9096 14583 13065 6402 1402 1458 17797 7917 11635 3364 4840 13046 7985 12093 4877 13618 2484 12363 4443 8004 11431 2977 11501 1849 4909 11479 2385 17170 7707 8426 19108 17885 12680 10826 784 9523 13269 5313 18359 11317 5926 75 4640 8224 7552 13548 2608 6457 3704 13390 17578 5672 4048 828 
185 18
172 8474 17104 14157 10986 774 12101 25730 20431 526 3920 14906 17755 13449 22713 27820 28218 13452 
182 9
1631 1066 6965 2055 3450 5774 9962 13051 3480 
56 96
20321 6185 745 3430 4930 20274 3716 20466 12154 11340 15046 3871 3531 1716 11197 6895 12416 9574 12152 5007 20849 12944 8199 6760 20780 1185 8034 3513 278 5630 7941 678 17837 8474 5786 17396 4001 3370 11674 14404 13347 21149 20444 3622 6110 3337 10739 967 16679 16142 4465 1095 20735 14529 4319 1952 6426 9511 6785 7454 8121 8514 6580 6736 15472 18917 5077 7302 10945 6766 7077 7399 15526 17274 4118 21032 8076 381 677 8456 18505 53 7310 10173 1682 12837 15237 37 10163 7638 13455 8083 10249 1587 12188 5226 
187 33
5739 21328 19187 23818 28663 598 20468 8635 25088 14035 5163 21148 5643 2286 3169 29346 8001 10161 7716 7027 4547 29578 4540 30597 9279 26177 24672 10116 4033 17276 12969 5877 8651 
31 62
542 9558 6642 3212 508 12484 8218 12742 928 1941 12923 5659 9252 7653 11677 5253 8782 326 7145 5569 9587 8581 858 7222 10612 3916 864 8852 3515 7961 1608 4411 3134 6924 585 993 563 11911 10435 7463 2277 1762 5915 6074 4669 1717 3338 8122 11429 3584 3200 5826 9498 6514 1337 5990 6718 7366 10677 3350 409 7681 
35 14
1233 1079 364 268 1206 954 179 1069 1099 216 708 617 475 1079 
177 13
8040 3059 3959 1347 6838 2835 3618 5644 8117 2271 2648 1726 3553 
39 31
10248 8221 10844 2753 2245 2690 1089 814 5554 9648 8407 10825 2104 3869 2096 870 8044 11666 3085 6211 9578 11972 7822 4226 5694 926 3378 1047 6859 4139 4170 
154 72
18043 18786 15996 18351 3266 3314 2525 6044 10765 9246 13421 4077 88 9086 2262 7451 2120 1477 16625 6187 12478 6003 14186 16573 1030 14702 250 12316 14019 13979 8539 9965 9350 7711 9649 3915 9150 1619 8238 16202 7450 3759 9110 18395 4685 11429 2045 7768 10288 16250 6838 2689 4759 7369 5469 10885 2957 14769 13743 901 12777 1799 1145 12901 861 551 5478 2316 9092 15983 11149 10695 
149 72
139 2139 6140 6356 7581 7557 2986 5623 75 2262 6254 9187 4376 892 8315 558 4664 546 4502 627 4997 3842 2523 1029 4834 2378 6223 8931 1215 2352 948 6276 8169 642 2078 5811 8934 4475 3444 6176 128 4538 2194 3338 6884 2204 5386 4032 2047 7420 8269 5349 8349 3408 3379 4927 2012 1803 8878 8470 1529 8842 8694 2404 1034 6673 275 6015 8979 8273 2912 43 
2 6
134 1979 6395 5065 1638 7458 
183 7
4669 6359 1450 14390 651 3711 376 
137 79
14938 10467 10807 7660 5585 6520 5842 12144 3745 3328 910 1879 6326 3253 12993 2933 3525 3512 19584 12251 1755 2222 15863 2218 4082 17425 2435 13420 8165 16143 2626 1602 12902 5560 13270 3034 9406 17496 12894 2393 10991 8911 10724 6774 8508 1448 10134 6883 14729 15885 9160 1347 889 12566 3070 12256 6545 11647 11235 6875 1398 19030 5173 9186 5556 11271 12862 5028 6007 12785 994 17870 6137 5051 9215 12637 7321 3885 17654 
131 59
8755 8892 1878 1826 1651 1547 14744 3894 5098 1495 483 644 10181 3618 8590 12546 14849 10145 13529 5897 1618 4264 9221 9718 9858 11896 945 751 13802 9878 9354 8188 1591 11419 14889 11113 1373 7184 5428 4420 11526 5807 1233 13118 742 3797 5941 14013 13984 1595 3481 4400 4282 8406 5966 1698 1764 3114 2103 
122 70
1063 1771 6463 4658 1729 4877 6060 7736 4910 52 5551 3794 6032 5536 2982 2770 2132 4716 1029 3289 3059 6771 2709 1087 5783 467 1797 4686 2133 5788 684 4950 1238 3287 4507 2705 2886 4283 5668 1603 3672 5664 4768 4501 1532 3413 4597 5053 7545 53 4258 1257 5327 5454 5243 4393 1995 3066 4800 4946 6824 7275 7398 381 4851 4069 2068 567 198 2749 
51 74
1556 22111 20132 15068 5153 20003 4528 8172 17473 7444 20432 5105 14021 13335 12391 11664 13045 6510 12515 7977 5145 7408 2134 1830 11653 749 22108 264 6427 4366 265 608 1333 4420 12064 14306 9420 9414 12934 13740 3469 3207 7627 20489 14298 12979 18677 22712 15621 6822 2313 11901 6394 4412 7974 12998 7040 2802 17001 17037 3468 998 4062 13952 9598 1477 7007 11872 7671 18302 5384 11175 13250 6785 
38 27
9073 21600 20364 3981 10898 1548 14083 25817 14455 4647 17816 9122 12996 1104 25282 7771 13880 24664 22469 1918 20970 1864 1311 20469 2002 9931 1827 
165 99
3556 15175 5331 5262 12494 14204 871 14752 8877 773 14162 13199 11402 262 1002 8059 96 207 1335 979 9122 9044 12474 13252 15201 7918 4086 2356 9699 5798 1071 5228 15157 13939 102 13282 7512 1343 7893 10977 6846 6069 12800 2808 1642 3833 102 1092 11984 6744 11621 13568 4703 5761 14947 10852 4735 7215 9457 10962 11323 4061 8045 5668 6953 1150 3902 13136 10585 2987 5600 10357 2705 10876 11268 10122 1542 8830 4301 10163 571 7949 4567 7478 12355 15100 5240 2182 15025 13931 2239 13085 8172 5434 2776 2071 6658 7035 13521 
36 89
9121 10900 2967 8983 2807 507 12649 12490 6628 1693 13830 15888 4756 213 7575 3884 8577 11189 9795 10376 3275 2157 4550 13567 1530 14789 9560 5677 564 14095 9370 4818 4428 11098 15269 3037 653 5159 15177 15170 16493 14370 1628 8590 3224 16204 3747 8368 250 2868 7996 15722 12094 9007 13121 8383 3407 15877 7334 12773 3682 1768 1373 8914 3188 12718 3776 9086 11162 10169 3382 2645 2865 12661 9233 15407 882 8324 2797 12661 14578 7607 1512 12596 14822 9097 16048 15403 995 
15 61
5865 3192 19908 28454 14752 29438 20081 28578 21217 28763 12091 9701 692 3002 7405 1180 13097 4196 12547 3429 18417 18923 3343 3737 30349 20648 17755 29544 17729 164 24272 23084 4562 17251 25622 25847 28628 17262 22013 30830 15404 881 344 23771 2509 18202 21176 30077 19397 7891 12007 547 24701 22002 14836 7929 25148 4400 27398 30369 24814 
174 9
1640 7412 4415 1038 6559 11464 5870 3148 11555 
19 56
15 1789 7827 3449 5289 8981 18850 1779 3194 4688 10275 12990 4437 5668 10682 14844 6771 5987 10821 1576 7745 13100 6905 21934 8124 8592 5644 15587 9450 23263 9175 10651 21178 21195 8249 20281 15310 2819 6525 2288 8123 2233 1634 235 8746 2488 20161 6395 3251 7981 18287 14255 6435 7131 9573 8766 
99 10
8156 8174 263 6977 12212 12003 5613 8064 16741 14154 
137 44
11316 12546 6886 14106 12593 213 15201 9657 0 10641 4273 8655 2529 6578 567 11831 12589 4118 1518 4682 3605 14705 12905 12757 8760 8137 10966 12816 10039 13395 7603 4940 12510 8193 13727 7788 2017 493 10319 2668 10598 13414 6905 12611 
0 0
