2
2 3
6 2
3
1 1 1
2 3 4
4
5 2 6 0
3 2 2 4
16
4095 4095 4095 4095 4095 4095 4095 4095 0 0 0 0 0 0 0 0
0 0 0 0 0 0 0 0 4095 4095 4095 4095 4095 4095 4095 4095
5
11 22 33 44 55
22 33 55 11 44
7
4095 4095 0 0 0 0 0
0 0 0 0 0 4095 4095
2
2 3
6 2
3
1 1 1
2 3 4
4
5 2 6 0
3 2 2 4
3
1218 761 903
3921 814 643
10
1218 761 903 3338 1898 1108 3765 3027 2279 1134
31 614 3626 3636 1515 3435 155 2029 87 1936
16
401 1877 1278 3033 318 1482 1171 29 3393 1639 3189 2982 1691 3959 3717 101
267 2463 1037 3995 3673 1551 4031 3379 270 1776 3880 2108 2936 874 164 447
10
1648 3040 566 908 51 2618 3446 1521 1406 1574
619 630 985 1578 905 701 3537 71 3710 73
6
2074 549 310 1877 1623 3682
76 513 159 2516 1407 3884
16
3994 2817 4011 1981 2144 2486 3638 419 3947 2984 4084 3203 1588 3181 2542 264
2437 226 1248 2172 1873 1887 3544 3470 1197 3553 4026 1491 2757 939 2994 1675
16
589 464 2893 2546 981 3437 463 1121 1974 682 1084 530 3754 3427 2585 2053
3111 1607 3910 838 803 672 3655 3420 528 3623 1985 2972 1519 643 334 3665
16
589 464 2893 2546 981 3437 463 1121 1974 682 1084 530 3754 3427 2585 2053
3111 1607 3910 838 802 672 3655 3420 528 3623 1985 2972 1519 643 334 3665
2
63 63
4032 4032
16
63 63 63 63 63 63 63 63 63 63 63 63 63 63 63 63 
4032 4032 4032 4032 4032 4032 4032 4032 4032 4032 4032 4032 4032 4032 4032 4032
2
1 8
8 2
16
4032 4032 4032 4032 4032 4032 4032 4032 4032 4032 4032 4032 4032 4032 4032 4032 
63 63 63 63 63 63 63 63 63 63 63 63 63 63 63 63 
1
1
1
15
1 0 0 0 0 0 0 0 0 0 0 0 0 0 1
0 0 0 0 0 0 0 0 0 0 0 0 0 0 2049
12
1 2 4 8 16 32 64 128 256 512 1024 2048
2048 1024 512 256 128 64 32 16 8 4 2 1
2
1 128
128 1024
0
