30
12342342353453454356435645645
3333333333333333333333333333333333
666666666666666666666666666666666666666666666666666666666666666666666666666
2354456456587544678986756467889867
56345687756453568754656877564
456787547687989898756453425456879
65465879968543223423421998986
111
222
444
777
777369369
232323232323232787878
33333333333333333336666666666666669999999999999999999999999944433333333333333333333
333333333333333333333333333333333333333333333333333333333333333333333333333333333333333333333336666666666666666666666666666666666666666666666666666666666666666666666666666666666666666666666666666666699999999999999999999999999999999999999999999999999999999999999999999999999999999999999999999999999999999999999999999999999999999999999999999999999999999999999999999999999999999333333333333333333333333333333333333333333333333333333333333333333333333333333333333333333333333333333333333333333333333333333333333333333333333333333333333333333333333333333333333333333333333333366666666666666666666666666666666666666666666666666666666666666666666666666666666666666666666666666666666666666666666666669999999999999999999999999999999199999999999999999999999999999999999999999999999999999999999999999999999333333333333333939393939999999999999999999999999999999999999999666666666666666666666666666666666666666666666666666666666666666666666666666666666666666666669999999999999999999999999999999999999999999999993
9387456928374523845697341928375419234612837451289347253487521983746128734512873468213749217835419283746128734512983746219387452138471623987452193847612387469218374621873461289374691283746219837451298374521837462183745218937415293784952183745291834712659378415293487125348172534897213542189734521389475123984752138472613487125364872634785234872135487123548127354192873451287345128374512837451827354812354819237451928374512893745128937451928374519287354128937412354812734512937845128345128937412537451293745182973548912374521374512387451283745128735418923754891234581293754812735482193754123548912734589127348123745812374892153748213745281734581235482173548213754812735487215348971235489123847152384712354827153481273548123548127354812753481723548712354812753481273541723548192374512893749123745128934581237458123475129834751293847152834715238451238454182734872348962348721634876123487624876182736481273648127634812638471263948
234234234234235454
333333333333333333333333333333333333333
1
2
3
4
5
6
7
8
9
111111111111111111111111111111111111111111111111111111111111111133
2222222222222222222222222222333
123123123