41 72 85 38 LS
80 65 69 68 LS
96 49 22 67 LS
51 63 61 87 LS
66 80 24 83 LS
71 64 60 52 LS
90 49 60 31 LS
23 94 99 11 LS
25 51 24 15 LS
13 67 39 97 LS
19 12 76 33 LS
99 92 18 35 LS
74 95 0 71 LS
39 39 33 32 LS
37 57 45 71 LS
95 71 5 24 LS
86 51 8 54 LS
74 75 24 70 LS
-71 -2 -52 -57 LS
-88 -19 -93 -24 LS
-83 -73 -34 -36 LS
-66 -35 -3 -93 LS
-69 -34 -3 -2 LS
-8 -16 -32 -9 LS
-16 -67 -4 -42 LS
-32 -18 -54 -83 LS
-48 -24 -23 -72 LS
-60 -75 -69 -19 LS
-82 -92 -15 -23 LS
-40 -16 -48 -44 LS
-26 -36 -46 -80 LS
-28 -65 -9 -50 LS
-22 -23 -91 -37 LS
-11 -84 -71 -57 LS
-31 -97 -26 -29 LS
-62 -46 -7 -36 LS
-85 -49 -85 -11 LS
-63 -70 -45 -32 LS
90 1 45 29 LS
11 85 75 71 LS
75 75 61 5 LS
6 30 92 40 LS
39 71 76 25 LS
83 71 68 24 LS
33 56 28 47 LS
34 65 64 88 LS
26 5 82 97 LS
31 2 61 61 LS
75 86 21 88 LS
27 98 76 91 LS
54 58 23 4 LS
1 10 25 83 LS
43 68 20 58 LS
69 77 0 93 LS
21 92 27 52 LS
87 4 40 94 LS
23 39 42 69 LS
88 46 37 99 LS
-74 -55 -56 -74 LS
-42 -20 -99 -9 LS
-32 -61 -52 -47 LS
-59 -58 -31 -2 LS
-42 -95 -21 -3 LS
-7 -90 -38 -32 LS
-16 -22 -5 -12 LS
-79 -29 -58 -51 LS
-10 0 -70 -45 LS
-1 -69 -78 -34 LS
-7 -81 -89 -77 LS
-26 -43 -83 -76 LS
-90 -69 -73 -62 LS
-42 -76 -1 -69 LS
-64 -62 -92 -3 LS
-75 -82 -47 -5 LS
-35 -37 -91 -36 LS
-71 -20 -64 -59 LS
-17 -59 -31 -78 LS
-73 -78 -62 -83 LS
39 64 85 77 LS
34 36 47 50 LS
36 0 11 48 LS
89 15 16 51 LS
90 63 78 41 LS
1 96 30 88 LS
87 0 5 9 LS
47 92 14 88 LS
20 34 18 38 LS
70 57 40 69 LS
96 46 21 79 LS
77 20 73 24 LS
43 86 32 89 LS
63 88 100 70 LS
82 79 88 77 LS
1 13 70 45 LS
24 11 54 24 LS
51 44 96 3 LS
38 38 19 62 LS
54 97 100 88 LS
-79 -37 -26 -69 LS
-33 -24 -47 -39 LS
-86 -82 -20 -17 LS
-82 -46 -68 -39 LS
-86 -45 -9 -65 LS
-78 -100 -40 -74 LS
-82 -54 -53 -42 LS
-52 -11 -41 -6 LS
-31 -50 -77 -79 LS
-59 -63 -78 -52 LS
-65 -83 -35 -42 LS
-22 -92 -58 -78 LS
-81 -25 -14 -69 LS
-53 -54 -51 -34 LS
-2 -44 -5 -63 LS
-83 -30 -73 -21 LS
-80 -60 -89 -70 LS
-85 -60 -17 -61 LS
-76 -75 -64 -23 LS
-32 -5 -5 -32 LS
70 76 93 26 LS
42 44 89 59 LS
80 96 47 12 LS
8 84 68 29 LS
56 48 58 39 LS
40 41 36 51 LS
66 25 8 80 LS
43 53 33 48 LS
11 22 21 4 LS
61 70 39 93 LS
7 65 4 32 LS
47 8 92 92 LS
16 37 37 94 LS
90 79 46 32 LS
69 60 37 35 LS
54 34 2 74 LS
19 70 88 9 LS
88 61 7 20 LS
50 55 15 77 LS
14 45 62 46 LS
-4 -29 -45 -81 LS
-22 -50 -94 -88 LS
-45 -20 -35 -69 LS
-20 -48 -66 -3 LS
-98 -99 -23 -16 LS
-3 -95 -14 0 LS
-1 -27 -54 -31 LS
-84 -71 -24 -78 LS
-69 -30 -99 -80 LS
-16 -66 -93 -10 LS
-67 -11 -87 -83 LS
-61 -10 -28 -73 LS
-48 -28 -47 -22 LS
-32 -51 -26 -94 LS
-75 -15 -9 -64 LS
-62 -94 -39 -88 LS
-43 -88 -82 -24 LS
-69 -77 -23 -83 LS
-78 -35 -20 -52 LS
-58 -5 -100 -57 LS
47 98 93 43 LS
55 23 19 13 LS
25 87 8 32 LS
93 75 38 84 LS
79 29 16 25 LS
4 55 91 95 LS
55 84 16 12 LS
29 9 93 58 LS
58 91 80 64 LS
59 91 23 64 LS
32 62 23 83 LS
27 26 43 77 LS
62 47 96 32 LS
77 98 91 79 LS
2 56 0 22 LS
71 37 47 62 LS
9 13 48 20 LS
73 13 99 37 LS
59 30 8 84 LS
71 0 62 41 LS
-74 -59 -30 -80 LS
-56 -56 -27 -3 LS
-4 -71 -44 -61 LS
-45 -95 -32 -71 LS
-44 0 -30 -1 LS
-85 -58 -75 -5 LS
-98 -74 -43 -21 LS
-73 -81 -39 -96 LS
-23 -48 -31 -14 LS
-98 -11 -8 -75 LS
-33 -60 -22 -89 LS
-61 -96 -82 -17 LS
-22 -21 -82 -31 LS
-100 -42 -97 -80 LS
-32 -91 -85 -99 LS
-17 -68 -98 -64 LS
-22 -88 -19 -12 LS
-90 -69 -31 -3 LS
-72 -30 -72 -28 LS
-94 -6 -91 -76 LS
17 71 56 62 LS
31 3 40 22 LS
6 62 69 21 LS
34 2 95 19 LS
66 53 29 64 LS
86 70 53 100 LS
42 53 44 19 LS
63 27 18 33 LS
58 40 15 94 LS
21 10 78 72 LS
81 65 94 84 LS
6 79 64 92 LS
78 82 11 94 LS
34 86 67 28 LS
44 3 48 16 LS
70 15 60 64 LS
8 29 92 53 LS
99 6 88 2 LS
100 31 11 24 LS
67 87 6 51 LS
-22 -45 -94 -46 LS
-43 -95 -69 -80 LS
-86 -17 -54 -23 LS
-61 -91 -68 -86 LS
-9 -20 -59 -63 LS
-71 -70 -39 -95 LS
-64 -91 -2 -33 LS
-60 -42 -7 -61 LS
-74 -94 -27 -69 LS
-7 -70 -32 -72 LS
-92 -61 -11 -4 LS
-4 -58 -81 -85 LS
-49 -62 -84 -23 LS
-86 -96 -36 -55 LS
-48 -46 -29 -26 LS
-40 -34 -53 -100 LS
-35 -16 -28 -48 LS
-39 -14 -35 -54 LS
-29 -97 -8 -26 LS
-81 -12 -71 -43 LS
75 68 71 22 LS
56 17 67 73 LS
71 97 5 1 LS
32 97 83 78 LS
32 56 37 41 LS
75 20 23 25 LS
62 27 69 83 LS
96 47 11 56 LS
91 51 19 43 LS
59 98 68 13 LS
84 16 71 51 LS
38 34 70 3 LS
21 56 46 24 LS
7 8 83 100 LS
62 34 86 61 LS
74 100 88 83 LS
61 12 95 23 LS
86 59 52 82 LS
5 100 68 29 LS
2 72 85 40 LS
-20 -21 -54 -92 LS
-89 -65 -78 -34 LS
-48 -6 -55 -84 LS
-77 -72 -77 -34 LS
-94 -30 -45 -45 LS
-84 -57 -66 -48 LS
-6 -71 -72 -29 LS
-78 -45 -95 -36 LS
-63 -90 -73 -93 LS
-92 -42 -70 -13 LS
-51 -99 -29 -90 LS
-52 -72 -79 -14 LS
-47 -50 -30 -51 LS
-51 -84 -11 -51 LS
-73 -6 -15 -22 LS
-34 -100 -12 -74 LS
-78 -36 -7 -38 LS
-6 -31 -11 -87 LS
-32 -39 -73 -14 LS
-19 -12 -59 -18 LS
93 14 31 71 LS
57 13 74 91 LS
89 90 49 2 LS
78 49 7 11 LS
46 9 52 59 LS
20 23 100 95 LS
36 78 47 72 LS
78 27 71 78 LS
7 37 25 65 LS
58 46 56 36 LS
31 61 91 13 LS
84 90 40 97 LS
30 44 54 15 LS
79 28 17 93 LS
4 98 83 90 LS
82 62 27 37 LS
32 15 78 8 LS
37 88 22 45 LS
60 39 33 43 LS
25 45 41 49 LS
-69 -9 -93 -68 LS
-44 -66 -11 -78 LS
-87 -29 -72 -13 LS
-34 -97 -84 -88 LS
-28 -79 -15 -96 LS
-91 -17 -14 -37 LS
-64 -13 -70 -84 LS
-26 -64 -38 -74 LS
-46 -82 -66 -68 LS
-69 -13 -9 -70 LS
-94 -17 -42 -98 LS
-27 -7 -49 -25 LS
-81 -51 -47 -74 LS
-64 -88 -83 -38 LS
-59 -65 -49 -28 LS
-20 -91 -29 -65 LS
-67 -56 -38 -14 LS
-47 -9 -41 -60 LS
-72 -34 -68 -21 LS
-70 -24 -72 -62 LS
15 38 77 88 LS
98 28 96 66 LS
40 100 93 90 LS
96 27 73 94 LS
47 9 26 1 LS
83 73 53 75 LS
47 98 66 45 LS
70 52 87 78 LS
86 95 46 9 LS
82 13 40 0 LS
95 46 63 7 LS
41 85 45 82 LS
69 37 29 74 LS
90 82 28 71 LS
57 75 37 77 LS
81 83 91 93 LS
69 38 72 99 LS
19 77 14 19 LS
29 9 98 88 LS
45 74 25 100 LS
-30 -10 -32 -16 LS
-90 -45 -76 -74 LS
-15 -82 -43 -81 LS
-73 -70 -42 -20 LS
-60 -78 -81 -74 LS
-23 -21 -89 -8 LS
-63 -24 -61 -24 LS
-32 -44 -92 -56 LS
-31 -6 -50 -22 LS
-4 -11 -47 -42 LS
-2 -53 -90 -39 LS
-24 -11 -94 -77 LS
-34 -6 -20 -18 LS
-20 -100 -7 -51 LS
-5 -4 -90 -32 LS
-3 -4 -37 -90 LS
-85 -43 -42 -80 LS
-65 -35 -62 -100 LS
-29 -18 -81 -35 LS
-57 -20 -31 -29 LS
84 45 63 95 LS
98 72 38 60 LS
88 14 68 32 LS
80 90 89 8 LS
37 89 66 50 LS
90 47 13 52 LS
12 49 51 29 LS
10 74 48 95 LS
37 77 40 86 LS
65 18 9 81 LS
52 46 22 24 LS
29 41 84 63 LS
57 46 9 7 LS
30 57 50 86 LS
35 11 29 33 LS
76 4 93 89 LS
52 38 36 58 LS
92 76 28 100 LS
6 46 76 27 LS
72 51 52 70 LS
-64 -6 -45 -76 LS
-56 -56 -67 -37 LS
-35 -5 -50 -97 LS
-75 -47 -78 -85 LS
-13 -63 -75 -20 LS
-49 -87 -16 -25 LS
-99 -62 -58 -68 LS
-65 -98 -22 -92 LS
-86 -8 -29 0 LS
-79 -37 -69 -69 LS
-35 -86 -9 -9 LS
-61 -86 -13 -54 LS
-41 -72 -10 -95 LS
-10 -8 -26 -1 LS
-90 -58 -93 -62 LS
-39 -16 -6 -87 LS
-2 -95 -7 -80 LS
-54 -62 -20 -54 LS
-95 -62 -42 -55 LS
-41 -1 -91 0 LS
31 63 41 16 LS
43 82 82 22 LS
99 86 14 88 LS
46 60 82 9 LS
30 49 72 87 LS
98 53 43 52 LS
36 32 32 75 LS
1 39 74 11 LS
34 4 58 74 LS
63 11 36 29 LS
58 37 37 39 LS
3 82 71 62 LS
89 2 37 100 LS
50 42 87 90 LS
93 6 49 9 LS
75 12 81 24 LS
74 62 66 48 LS
66 11 86 38 LS
95 28 26 80 LS
82 42 56 47 LS
-42 -14 -83 -6 LS
-34 -98 -86 -62 LS
-20 -89 -98 -11 LS
-31 -85 -99 -67 LS
-17 -40 -94 -21 LS
0 -84 -43 -94 LS
-52 -62 -77 -76 LS
-62 -53 -91 -91 LS
-69 -84 -76 -38 LS
-40 -89 -32 -10 LS
-66 -80 -57 -85 LS
-22 -13 -88 -47 LS
-11 -97 -51 -46 LS
-79 -86 -44 -35 LS
-11 -83 -55 -83 LS
-66 -98 -22 -55 LS
-50 -74 -70 -53 LS
-2 -69 -19 -88 LS
-70 -90 -81 -7 LS
-6 -22 -52 -54 LS
73 100 38 33 LS
85 30 85 23 LS
32 100 0 84 LS
11 5 91 95 LS
37 27 43 13 LS
82 100 89 98 LS
36 55 57 9 LS
90 65 46 53 LS
97 54 92 61 LS
43 5 96 49 LS
19 31 98 74 LS
42 67 92 57 LS
66 17 45 13 LS
47 62 50 96 LS
95 41 66 74 LS
84 38 12 18 LS
40 44 100 41 LS
12 35 12 19 LS
96 65 95 20 LS
49 76 80 85 LS
-70 -83 -66 -31 LS
-59 -12 -100 -96 LS
-50 -21 -39 -15 LS
-33 -50 -82 -77 LS
-99 -18 -20 -75 LS
-54 -5 -43 -95 LS
-8 -72 -86 -55 LS
-95 -88 -93 -31 LS
-51 -8 -19 -73 LS
-54 -68 -8 -78 LS
-100 -30 -62 -65 LS
-85 -81 -71 -83 LS
-77 -14 -96 -73 LS
-36 -4 -83 -58 LS
-51 -48 -43 -42 LS
-26 -58 -28 -34 LS
-33 -84 -71 -51 LS
-20 -8 -91 -23 LS
-60 -4 -80 -5 LS
-57 -36 -16 -84 LS
80 71 0 55 LS
40 46 41 35 LS
13 5 8 69 LS
6 48 39 98 LS
95 30 51 10 LS
5 100 0 57 LS
65 92 34 71 LS
6 95 10 39 LS
70 92 63 7 LS
32 88 46 5 LS
45 76 99 86 LS
79 63 43 28 LS
57 93 96 44 LS
83 93 59 75 LS
40 82 42 13 LS
86 28 59 31 LS
4 20 55 51 LS
1 52 58 37 LS
46 29 14 16 LS
27 55 20 52 LS
-91 -95 -89 -2 LS
-70 -40 -91 -70 LS
-27 -70 -93 -4 LS
-92 -94 -13 0 LS
-35 -94 -88 -99 LS
-72 -95 -43 -80 LS
-98 -53 -35 -100 LS
-15 -80 -69 -6 LS
-57 -29 -18 -60 LS
-77 -32 -39 -21 LS
-28 -74 -32 -74 LS
-70 -10 -38 -20 LS
-3 -21 -1 -50 LS
-32 -15 -84 -20 LS
-54 -84 -24 -17 LS
-49 -99 -73 -41 LS
-85 -24 -31 -11 LS
-83 -62 -24 -21 LS
-87 -63 -5 -54 LS
-30 -72 -99 -49 LS
80 30 37 70 LS
94 24 79 82 LS
42 88 95 61 LS
0 56 94 33 LS
16 100 36 10 LS
77 2 63 5 LS
23 90 47 10 LS
20 73 38 49 LS
100 89 51 27 LS
84 52 68 40 LS
47 31 85 36 LS
26 33 22 94 LS
93 19 56 30 LS
1 23 47 29 LS
17 56 73 83 LS
0 89 30 51 LS
73 26 9 10 LS
37 59 51 86 LS
45 80 18 69 LS
99 32 56 71 LS
-43 -41 -69 -25 LS
-70 -7 -49 -50 LS
-81 -75 -1 -38 LS
-12 -9 -76 -53 LS
-34 -94 -83 -84 LS
-97 -50 -22 -39 LS
-79 -33 -23 0 LS
-30 0 -31 -54 LS
-41 -38 -15 -49 LS
-95 -95 -54 -73 LS
-44 -9 -30 -60 LS
-100 -66 -88 -94 LS
-16 -100 -3 -97 LS
-96 -16 -84 -56 LS
-91 -42 -2 -46 LS
-45 -36 -8 -45 LS
-41 -68 -40 -82 LS
-98 -7 -69 -92 LS
-48 -27 -39 -47 LS
-62 -26 -45 -32 LS
15 35 79 92 LS
96 56 59 83 LS
82 20 65 86 LS
7 19 100 21 LS
58 32 59 93 LS
70 8 1 0 LS
0 28 24 79 LS
38 58 81 6 LS
18 36 25 61 LS
10 84 25 77 LS
52 27 52 88 LS
37 48 17 85 LS
43 45 92 35 LS
2 65 8 29 LS
58 50 34 60 LS
45 79 0 91 LS
58 80 65 63 LS
92 62 74 55 LS
1 10 14 45 LS
88 51 29 39 LS
-38 -36 -75 -92 LS
-13 -4 -45 -52 LS
-87 -94 -51 -27 LS
-91 -8 -59 -47 LS
-3 -92 -11 -63 LS
-58 -56 -62 -26 LS
-74 -47 -57 -51 LS
-13 -89 -70 -14 LS
-6 -43 -54 -77 LS
-6 -16 -67 -30 LS
-61 -20 -87 -39 LS
-79 -5 -70 -16 LS
-90 -19 -79 -89 LS
-85 -14 -17 -32 LS
-42 -24 -96 -86 LS
-28 -60 -74 -49 LS
-78 -37 -92 -3 LS
-27 -7 -47 -28 LS
-98 -23 -91 -87 LS
-56 -94 -70 -24 LS
62 59 50 64 LS
63 61 73 11 LS
10 3 95 55 LS
0 11 42 78 LS
57 18 26 14 LS
7 79 15 92 LS
21 13 90 23 LS
95 21 73 9 LS
32 58 60 85 LS
9 91 35 31 LS
19 98 21 10 LS
7 22 33 28 LS
39 85 6 31 LS
84 17 17 28 LS
34 27 54 33 LS
80 94 69 69 LS
1 51 33 37 LS
88 31 55 22 LS
74 3 8 75 LS
37 65 31 90 LS
-4 -54 -19 -95 LS
-1 -80 -31 -59 LS
-63 -95 -36 -89 LS
-66 -43 -3 -6 LS
-56 -82 -7 -21 LS
-50 -61 -51 -2 LS
-51 -85 -75 -79 LS
-73 -34 -8 -65 LS
-79 -43 -22 -90 LS
-13 -68 -78 -9 LS
-27 -41 -44 -4 LS
-40 -78 -12 -51 LS
-94 -41 -1 -59 LS
-63 -44 -30 -76 LS
-65 -47 -19 -36 LS
-88 -72 -77 -10 LS
-79 -38 -37 -71 LS
-40 -30 -39 -42 LS
-71 -46 -44 -79 LS
-70 -10 -20 -58 LS
33 70 14 68 LS
86 21 40 97 LS
91 98 68 32 LS
98 10 38 38 LS
78 80 94 100 LS
89 22 79 18 LS
2 62 81 60 LS
43 37 1 63 LS
7 48 63 25 LS
80 50 72 85 LS
57 66 88 57 LS
58 50 33 50 LS
89 17 50 8 LS
38 59 45 96 LS
64 100 16 99 LS
75 85 95 17 LS
0 11 8 73 LS
84 54 59 82 LS
45 9 15 82 LS
28 42 39 66 LS
-62 -44 -9 -38 LS
-80 -22 -96 -33 LS
-39 -42 -26 -91 LS
-96 -44 -29 -26 LS
-48 -29 -13 -81 LS
-1 0 -9 -83 LS
-40 -31 -19 -57 LS
-34 -43 -2 -86 LS
-49 -27 -11 -26 LS
-69 -29 -11 -27 LS
-43 -54 -89 -73 LS
-88 -40 -75 -31 LS
-10 -72 -22 -55 LS
-4 -7 -40 -83 LS
-50 -37 -68 -6 LS
-50 -22 -19 -30 LS
-33 -82 -67 -61 LS
-57 -30 -55 -70 LS
-9 -32 -100 -42 LS
-3 -66 -11 -85 LS
40 84 70 2 LS
6 43 40 79 LS
11 52 6 69 LS
22 100 95 10 LS
17 36 60 69 LS
100 63 63 2 LS
51 96 25 96 LS
28 65 18 96 LS
17 94 22 37 LS
76 19 0 10 LS
77 8 75 37 LS
76 12 7 86 LS
49 6 83 96 LS
55 5 83 5 LS
98 55 34 15 LS
88 39 12 68 LS
22 80 9 45 LS
93 82 12 16 LS
62 83 24 67 LS
60 30 28 36 LS
-15 -49 -87 -8 LS
-68 -31 -44 -93 LS
-39 -50 -70 -84 LS
-13 -59 -86 -78 LS
-54 -93 -31 -37 LS
-68 -84 -23 -10 LS
-47 -86 -55 -60 LS
-93 -22 -76 -12 LS
-11 -79 -32 -54 LS
-26 -32 -32 -20 LS
-45 -10 -5 -91 LS
-26 -71 -46 -95 LS
-65 -98 -49 -38 LS
-11 -82 -53 -6 LS
-72 -37 -31 -8 LS
-68 -67 -89 -30 LS
-6 -58 -9 -100 LS
-31 -31 -48 -72 LS
-39 -9 -66 -70 LS
-2 -43 -16 -11 LS
72 74 10 67 LS
31 14 74 25 LS
39 63 15 84 LS
72 26 74 47 LS
23 34 77 2 LS
91 2 55 53 LS
65 4 73 54 LS
63 21 21 80 LS
99 50 97 20 LS
34 6 87 82 LS
67 68 87 46 LS
58 18 65 76 LS
0 0 60 19 LS
57 41 87 6 LS
11 73 13 13 LS
80 36 67 14 LS
57 83 32 20 LS
65 22 98 26 LS
76 89 53 85 LS
54 67 60 88 LS
-42 -38 -39 -99 LS
-68 -60 -33 -41 LS
-31 -25 -87 -61 LS
-73 -26 -6 -18 LS
-17 -64 -18 -71 LS
-31 -28 -86 -64 LS
-26 -56 -93 -80 LS
-67 -98 -89 -48 LS
-71 -18 -14 -97 LS
-38 -28 -35 -95 LS
-75 -85 -33 -75 LS
-34 -42 -2 -67 LS
-99 -37 -4 -78 LS
-63 -2 -93 -19 LS
-47 -21 -38 -61 LS
-83 -51 -35 -90 LS
-45 -18 -43 -82 LS
-50 -62 -70 -27 LS
-44 -49 -98 -88 LS
-15 -90 -60 -2 LS
69 21 74 75 LS
64 37 44 13 LS
99 4 10 100 LS
71 29 50 31 LS
22 79 61 54 LS
40 72 7 30 LS
1 84 37 86 LS
85 0 81 77 LS
34 56 70 100 LS
65 32 30 70 LS
14 15 71 85 LS
99 2 74 70 LS
100 41 72 56 LS
97 90 24 36 LS
69 83 7 78 LS
45 57 64 12 LS
68 6 20 48 LS
37 17 83 60 LS
68 100 4 100 LS
99 91 54 10 LS
-39 -35 -51 -1 LS
-32 -29 -19 0 LS
-73 -27 -17 -29 LS
-35 -58 -60 -91 LS
-32 -3 -44 -28 LS
-91 -32 -57 -13 LS
-76 0 -77 -54 LS
-76 -69 -17 -61 LS
-62 -74 -4 -95 LS
-53 -18 -40 -92 LS
-14 -45 -11 -67 LS
-91 -80 -87 -78 LS
-10 -92 -17 -43 LS
-31 -35 -68 -58 LS
-26 -80 -38 -5 LS
-25 -36 -93 0 LS
-14 -76 -66 -14 LS
-26 -6 -40 -94 LS
-27 -90 -1 -97 LS
-61 -63 -72 -35 LS
63 88 18 24 LS
31 83 48 7 LS
21 25 42 65 LS
15 67 34 40 LS
74 16 5 87 LS
73 60 68 68 LS
4 28 57 80 LS
71 26 67 22 LS
100 53 77 43 LS
77 3 28 30 LS
85 38 80 37 LS
96 60 35 97 LS
30 50 69 28 LS
77 39 38 43 LS
35 96 4 32 LS
72 15 60 53 LS
47 82 39 22 LS
40 19 45 34 LS
83 88 86 36 LS
63 38 73 6 LS
-24 -1 -72 -12 LS
-67 -31 -3 -15 LS
-64 -73 -64 -48 LS
-85 -50 -97 -64 LS
-27 -87 -87 -19 LS
-48 -11 -82 -91 LS
-46 -40 -40 -56 LS
0 -61 -93 -17 LS
-93 -74 -35 -11 LS
-44 -6 -15 -27 LS
-43 -86 -18 -70 LS
-25 -37 -14 0 LS
-46 -47 -19 -75 LS
-1 -15 -23 -84 LS
-14 -70 -22 -88 LS
-46 -18 -80 -6 LS
-26 -51 -78 -32 LS
-67 -37 -58 -21 LS
-17 -78 -97 -87 LS
-11 -93 -16 -87 LS
59 82 25 12 LS
76 93 31 25 LS
3 39 14 17 LS
3 69 86 57 LS
59 38 34 81 LS
79 19 64 0 LS
70 24 85 99 LS
23 9 66 0 LS
79 87 10 40 LS
49 5 28 25 LS
89 96 100 47 LS
61 15 58 4 LS
89 80 34 14 LS
41 41 23 46 LS
62 70 69 63 LS
75 38 47 54 LS
92 50 14 25 LS
98 61 100 91 LS
82 92 38 29 LS
39 11 10 93 LS
-39 -32 -33 -16 LS
-13 -45 -96 -41 LS
-48 -54 -46 -87 LS
-12 -2 -54 -41 LS
-86 -37 -100 -55 LS
-89 -45 -67 -98 LS
-55 -61 -54 -97 LS
-51 -91 -24 -61 LS
-52 -13 -28 -98 LS
-37 -10 -39 -87 LS
-5 -49 -39 -92 LS
-62 -42 -84 -49 LS
-50 -38 -31 -44 LS
-73 -45 -49 -17 LS
-18 -34 -65 -3 LS
-56 -54 -50 -44 LS
-32 -78 -53 -93 LS
-71 -90 -38 -84 LS
-62 -89 -7 -55 LS
-24 -77 -87 -58 LS
64 28 42 49 LS
87 85 41 61 LS
86 70 53 58 LS
43 83 51 79 LS
82 3 87 76 LS
59 47 75 38 LS
4 39 98 30 LS
27 85 27 8 LS
78 84 15 76 LS
29 48 52 94 LS
69 75 4 68 LS
26 48 74 14 LS
90 57 12 87 LS
22 77 80 8 LS
64 86 74 75 LS
81 58 24 78 LS
56 39 38 88 LS
74 4 86 57 LS
100 51 10 60 LS
66 56 87 38 LS
-51 -53 -16 -53 LS
-33 -12 -63 -16 LS
-75 -2 -64 -38 LS
-57 -40 -53 -3 LS
-97 -85 -34 -82 LS
-42 -65 -73 -48 LS
-21 -12 -18 -33 LS
-40 -78 -73 -82 LS
-83 -96 -34 -2 LS
-15 -73 -2 -65 LS
-33 -81 -55 -62 LS
-31 -85 -44 -74 LS
-43 -11 -62 -17 LS
-13 -3 -35 -93 LS
-52 -93 -29 -37 LS
-39 -9 -6 -67 LS
-87 -59 -50 -99 LS
-65 -46 -4 -50 LS
-6 -27 -71 -38 LS
-7 -18 -1 -7 LS
14 14 37 90 LS
87 99 5 20 LS
1 31 94 94 LS
10 9 83 43 LS
31 19 12 84 LS
97 60 80 28 LS
33 21 91 98 LS
88 55 75 8 LS
74 91 92 34 LS
67 86 78 43 LS
54 84 81 93 LS
32 99 86 11 LS
66 69 19 2 LS
11 27 47 23 LS
82 35 80 72 LS
30 48 6 66 LS
11 58 95 89 LS
29 37 91 51 LS
32 97 62 32 LS
41 74 12 75 LS
-48 -13 -36 -65 LS
-90 -41 -83 -91 LS
-90 -75 -30 -82 LS
-18 -22 -67 -54 LS
-74 -75 -97 -92 LS
-68 -23 -65 -78 LS
-95 -19 -40 -70 LS
-15 -24 -51 -77 LS
-92 -49 -55 -88 LS
-3 -4 -92 -66 LS
-50 -98 -10 -2 LS
-70 -67 -63 -13 LS
-42 -51 -28 -9 LS
-35 -18 -42 -44 LS
-92 -67 -87 -60 LS
-11 -68 -33 -45 LS
-12 -46 -82 -65 LS
-16 -7 -32 -6 LS
-40 -57 -46 -48 LS
-80 -95 -31 -39 LS
32 33 0 14 LS
53 73 72 47 LS
83 94 86 61 LS
94 13 95 62 LS
72 38 35 0 LS
40 7 18 98 LS
13 92 50 27 LS
2 93 92 76 LS
78 69 33 17 LS
99 90 49 37 LS
37 8 34 32 LS
4 19 54 74 LS
47 47 83 74 LS
87 3 21 74 LS
21 70 6 39 LS
5 97 8 81 LS
42 58 23 34 LS
33 54 1 74 LS
90 40 70 34 LS
22 63 21 70 LS
-7 -36 -74 -52 LS
-2 -40 -13 -96 LS
-42 -69 -8 -41 LS
-35 -23 -61 -95 LS
0 -70 -8 -9 LS
-13 -45 -82 -24 LS
-27 -12 -73 -12 LS
-38 -99 -98 -18 LS
-89 -62 -34 -61 LS
-71 -39 -15 0 LS
-82 -22 -99 -81 LS
-21 -36 -87 -73 LS
-76 -99 -26 0 LS
-19 -88 -19 -70 LS
-63 -90 -40 -1 LS
-35 -14 -5 -84 LS
-19 -90 -40 -1 LS
-50 -50 -62 -17 LS
-74 -86 -57 -75 LS
-46 -93 -71 -48 LS
50 62 -55 -66 L
-64 -55 3 69 LS
28 100 -75 -21 L
-5 -65 45 75 LS
1 7 -12 -31 L
-78 -99 14 10 LS
70 14 -89 -11 L
-67 -20 8 12 LS
47 69 -73 -86 L
-83 -6 8 85 LS
12 61 -74 -73 L
-11 0 40 21 LS
81 66 -94 -18 L
-59 -90 58 48 LS
63 86 -84 -69 L
-29 -14 96 56 LS
77 51 -25 -96 L
-84 -39 5 29 LS
75 50 -69 -18 L
-79 -62 88 97 LS
-44 -38 10 35 L
2 3 -55 -90 LS
-49 -72 83 80 L
68 34 -86 -67 LS
-61 -27 4 43 L
96 54 0 -85 LS
-15 -47 98 77 L
75 16 -83 -50 LS
-82 -5 10 17 L
39 96 -99 -65 LS
-33 -49 25 8 L
93 88 -3 -47 LS
-7 -36 66 42 L
60 38 -53 -35 LS
-88 -60 30 56 L
43 13 -90 -33 LS
-94 -90 38 27 L
55 39 -1 -55 LS
-99 -82 75 37 L
100 35 -54 -5 LS
96 17 -83 -36 L
-73 -5 70 74 LS
9 0 -86 -45 L
-29 -41 92 53 LS
33 17 -39 -72 L
-74 -4 79 30 LS
14 92 -75 -94 L
-49 -11 85 3 LS
12 54 -60 -30 L
-50 0 51 29 LS
42 52 -56 -40 L
-2 -96 35 49 LS
69 96 -68 -84 L
-25 -92 6 83 LS
17 21 -46 -24 L
-43 -50 71 23 LS
41 89 -45 -53 L
-25 -58 4 33 LS
69 88 -48 -13 L
-62 -93 31 18 LS
-41 -94 30 35 L
82 16 -67 -82 LS
-31 -72 12 49 L
87 49 -78 -94 LS
-19 -80 44 16 L
35 49 -6 -65 LS
-46 -19 77 92 L
43 60 -21 -85 LS
-26 -99 22 58 L
24 27 -46 -74 LS
-38 -99 28 55 L
35 52 -71 -4 LS
-27 -47 96 94 L
33 89 -10 -25 LS
-36 -63 62 63 L
21 49 -55 -84 LS
-32 -44 90 87 L
60 30 -95 -40 LS
-32 -10 29 12 L
48 58 -24 -60 LS
37 60 -47 -99 L
-17 -45 6 9 LS
90 53 -99 -27 L
-94 -48 64 17 LS
86 78 -57 -70 L
-57 -83 59 37 LS
10 37 -79 -48 L
-69 -60 5 60 LS
97 19 -52 -88 L
-43 -49 80 80 LS
4 88 -43 -97 L
-83 -69 4 8 LS
74 67 -73 -40 L
-24 -56 70 82 LS
70 14 -91 -85 L
-47 -79 45 51 LS
59 20 -85 -98 L
-18 -51 73 20 LS
85 15 -70 -80 L
-3 -54 11 79 LS
0 -53 44 18 L
60 0 -79 -9 LS
-52 -78 44 28 L
92 56 -8 -40 LS
-26 -62 98 60 L
85 2 -11 -66 LS
-48 -85 29 48 L
95 79 -25 -67 LS
-60 -85 99 61 L
8 36 -13 -42 LS
-83 -85 40 34 L
2 29 -93 -31 LS
-33 -51 36 95 L
87 98 -39 -85 LS
-62 -44 26 30 L
60 62 -42 -22 LS
-98 -48 32 57 L
23 62 -75 -42 LS
-100 0 39 97 L
56 26 -77 -6 LS
7 84 -97 -83 L
-5 -35 29 16 LS
49 24 -24 -6 L
-14 -51 61 54 LS
13 94 -71 -88 L
-91 -72 69 82 LS
16 70 -36 -15 L
0 -12 52 98 LS
88 25 -6 -56 L
-96 -18 30 11 LS
97 45 -95 -45 L
-60 -98 68 61 LS
70 30 -70 -88 L
-92 -43 69 27 LS
20 26 -43 -35 L
-91 -87 90 1 LS
73 5 -64 -99 L
-68 -47 97 78 LS
84 55 -13 -4 L
-9 -41 35 0 LS
-74 -69 41 67 L
47 75 -61 -90 LS
-41 -53 62 61 L
98 72 -21 -87 LS
-80 -86 53 89 L
45 48 -23 -83 LS
-69 -80 54 27 L
7 39 -24 -4 LS
-100 -94 91 80 L
80 47 -27 -77 LS
-89 -24 8 16 L
10 11 -11 -77 LS
-68 -27 37 84 L
20 60 -94 -82 LS
-21 -8 82 58 L
21 43 -56 -17 LS
-61 -21 90 80 L
51 24 -36 -76 LS
-42 -91 14 29 L
99 72 -7 -24 LS
39 27 -24 -67 L
-96 -82 84 82 LS
23 12 -84 -17 L
-51 -14 62 38 LS
26 66 -30 -16 L
-30 -80 4 8 LS
31 55 -20 -71 L
-62 -55 70 18 LS
44 30 -95 -41 L
-22 -63 20 8 LS
52 47 -54 -37 L
-16 -78 87 43 LS
45 93 -51 -69 L
-86 -26 23 72 LS
32 26 -46 -22 L
-8 -79 12 13 LS
74 36 -6 -71 L
-72 -45 47 49 LS
5 37 -95 -24 L
-74 -63 29 62 LS
-72 -100 81 69 L
81 27 -72 -65 LS
-57 -1 34 31 L
6 75 -8 -91 LS
-38 -98 90 75 L
2 50 -4 -38 LS
-92 -20 36 74 L
5 86 -63 -97 LS
-56 -86 15 36 L
43 69 -14 -11 LS
-9 -54 10 80 L
9 74 -28 -21 LS
-53 -83 48 9 L
84 99 -59 -98 LS
-94 -89 24 28 L
91 2 -27 -18 LS
-48 -24 76 94 L
84 82 -64 -39 LS
-47 -79 14 76 L
59 51 -98 -2 LS
74 62 -33 -65 L
-84 -39 13 48 LS
1 89 -15 -88 L
-91 -76 100 10 LS
43 36 -15 -28 L
-17 -17 66 20 LS
56 4 -81 -78 L
-86 -10 64 47 LS
24 9 -36 -75 L
-36 -69 94 61 LS
36 4 -12 -41 L
-18 -55 88 74 LS
81 47 -76 -70 L
-45 -24 47 95 LS
37 18 -17 -3 L
-39 -63 29 85 LS
47 21 -36 -21 L
-81 -64 4 19 LS
0 40 -18 -57 L
-34 -35 54 68 LS
-95 -37 64 37 L
58 3 -52 -19 LS
-18 -1 16 51 L
56 15 -54 -10 LS
-16 -17 64 12 L
6 94 -23 -69 LS
-58 -4 4 72 L
72 30 -100 -37 LS
-5 -14 33 67 L
2 11 -58 -20 LS
-17 -68 79 82 L
40 41 -79 -13 LS
-95 -91 43 61 L
16 71 -51 -44 LS
-25 -45 6 33 L
45 26 -44 -23 LS
-11 -17 50 39 L
69 78 -13 -74 LS
-12 -50 40 78 L
72 7 -90 -90 LS
56 50 -45 -17 L
-41 -48 57 54 LS
60 38 -72 -22 L
-11 -48 96 65 LS
24 28 -31 -60 L
-32 -69 8 30 LS
48 29 -68 -12 L
-62 -38 74 27 LS
94 69 -45 -30 L
-50 -85 3 73 LS
60 29 -49 -41 LS
-66 -48 98 9 L
51 69 -5 -44 LS
-21 -33 33 61 L
100 49 -30 -90 LS
-22 -7 11 86 L
43 59 -70 -45 LS
-46 -33 51 88 L
62 63 -24 -83 LS
-35 -36 16 47 L
-79 -91 38 56 LS
24 44 -24 -82 L
-22 -63 39 75 LS
90 22 -58 -55 L
-78 -30 76 95 LS
38 89 -45 -51 L
-8 -60 64 49 LS
87 70 -26 -72 L
-64 -52 36 45 LS
41 99 -53 -53 L
-20 -91 21 27 LS
72 8 -87 -94 L
-26 -32 26 22 LS
73 29 -47 -36 L
-92 -5 2 66 LS
87 4 -31 -76 L
-18 -50 59 38 LS
45 72 -67 -33 L
-46 -93 6 82 LS
37 71 -79 -24 L
7 96 -46 -9 LS
-42 -54 69 100 L
4 46 -64 -79 LS
-92 -66 71 95 L
94 54 -18 -91 LS
-72 -38 29 91 L
58 61 -77 -32 LS
-28 -86 3 33 L
17 53 -63 -22 LS
-38 -23 43 59 L
28 73 -17 -40 LS
-59 -6 2 0 L
98 40 -71 -58 LS
0 -96 68 55 L
48 75 -32 -40 LS
-92 -66 38 75 L
30 95 -54 -42 LS
-100 -82 20 12 L
70 36 -24 -82 LS
-11 -61 80 23 L
-52 -8 67 70 LS
23 82 -55 -72 L
-25 -70 65 60 LS
93 67 -41 -39 L
-100 -84 72 12 LS
5 38 -41 -69 L
-64 -81 86 56 LS
3 45 0 -26 L
-93 -50 70 29 LS
36 66 -27 -48 L
-53 -92 12 45 LS
11 50 -78 -83 L
-68 -25 98 86 LS
77 85 -34 -1 L
-21 -73 93 72 LS
56 68 -6 -83 L
-15 -58 39 0 LS
65 22 -55 -89 L
-15 -55 84 22 LS
87 23 -42 -75 L
66 85 -88 -85 LS
-98 -46 98 14 L
73 53 -32 -53 LS
-14 -25 27 52 L
73 74 -17 -27 LS
-27 -75 77 89 L
24 23 -2 -56 LS
-93 -94 76 30 L
50 90 -44 -72 LS
-83 -48 89 52 L
50 92 -25 -69 LS
-86 -83 95 57 L
94 14 -88 -13 LS
-48 -56 40 42 L
29 14 -5 -24 LS
-60 -18 24 32 L
61 83 -40 -6 LS
-39 -41 51 24 L
13 97 -40 -2 LS
-52 -23 42 56 L
-54 -46 64 30 LS
33 41 -67 -45 L
-61 -5 12 34 LS
41 53 -69 -13 L
-21 -93 75 92 LS
10 21 -75 -65 L
-36 -32 87 89 LS
21 41 -25 -82 L
-30 -56 72 9 LS
34 70 -66 -68 L
-48 -63 15 97 LS
62 38 -100 -22 L
-81 -24 66 4 LS
80 79 -91 0 L
-61 -46 32 57 LS
14 26 -19 -10 L
-36 -91 28 77 LS
100 12 -29 -25 L
-95 -79 91 46 LS
45 78 -65 -4 L
56 79 -26 -90 LS
-53 -37 98 68 L
80 0 -32 -59 LS
-75 -74 92 78 L
58 73 -57 -85 LS
-45 -36 20 50 L
25 35 -2 -71 LS
-7 -33 75 49 L
15 2 -82 -86 LS
-91 -18 94 18 L
99 63 -65 -3 LS
-35 -41 99 47 L
94 62 -7 -60 LS
-11 -14 26 80 L
43 22 -75 -77 LS
-44 -48 76 17 L
46 99 -28 -22 LS
-36 -92 83 56 L
96 11 -100 -13 LS
-72 -97 68 95 L
-58 -74 86 80 LS
0 81 -4 -57 L
-73 -3 37 71 LS
45 99 -24 -19 L
-38 -93 100 73 LS
99 75 -66 -36 L
-95 -40 77 52 LS
28 71 -69 -52 L
-1 -41 32 88 LS
21 92 -91 -69 L
-67 -69 62 6 LS
51 26 -20 -72 L
-67 -72 12 19 LS
64 51 -50 -7 L
-76 -85 42 97 LS
65 78 -36 -68 L
-93 -2 14 2 LS
7 71 -66 -35 L
-8 -62 39 83 LS
87 5 -67 -66 L
97 1 -25 -96 LS
-63 -89 23 74 L
90 15 -16 -88 LS
-19 -75 80 97 L
42 65 -5 -81 LS
-43 -88 18 82 L
28 100 -99 -78 LS
-26 -63 77 35 L
99 24 -52 -7 LS
-27 -47 62 60 L
30 90 -99 -77 LS
-92 -22 13 66 L
43 18 -44 -88 LS
-33 -57 26 15 L
85 22 -92 -78 LS
-11 -25 8 18 L
87 92 -2 -67 LS
-95 -5 29 86 L
80 85 -78 -10 LS
-90 0 78 7 L
-75 -8 37 5 LS
12 21 -42 -92 L
-100 -5 88 72 LS
92 56 -23 -94 L
-87 -28 44 54 LS
5 77 -56 -79 L
-70 -92 18 91 LS
55 40 -88 -41 L
-82 -27 98 79 LS
74 71 -79 -3 L
-40 -94 47 95 LS
75 14 -49 -29 L
-97 -16 71 52 LS
91 6 -54 -53 L
-86 -91 94 8 LS
61 2 -3 -49 L
-73 -54 53 31 LS
14 16 -79 -92 L
-29 -7 21 43 LS
76 20 -73 -60 L
91 53 -55 -73 LS
-32 -17 33 43 L
29 96 -79 -37 LS
-20 -27 30 71 L
54 32 -57 -52 LS
-17 -71 62 71 L
92 43 -6 -95 LS
-17 -66 84 68 L
22 84 -35 -43 LS
-52 -3 45 93 L
82 21 -37 -58 LS
-90 -3 19 12 L
94 33 -71 -19 LS
-96 -82 62 93 L
71 40 -58 -89 LS
-60 -72 20 25 L
53 21 -47 -14 LS
-53 -3 91 77 L
93 21 -63 -50 LS
-62 -93 13 83 L
-71 -47 90 27 LS
54 25 -79 -95 L
-22 -65 20 30 LS
38 26 -10 -6 L
-51 -89 63 75 LS
96 0 -4 -34 L
-80 -65 72 60 LS
43 17 -6 -29 L
-85 -30 11 93 LS
67 61 -48 -90 L
-32 -32 44 48 LS
21 39 -71 -8 L
-95 -50 71 93 LS
9 81 -39 -81 L
-54 -38 33 13 LS
22 5 -42 -93 L
-89 -89 71 35 LS
83 56 -15 -97 L
-51 -57 74 0 LS
72 79 -51 -91 L
22 95 -100 -28 LS
-89 -8 75 0 L
54 91 -95 -9 LS
-22 -1 16 23 L
8 59 -83 -58 LS
-88 -65 82 67 L
51 86 -13 -62 LS
-27 -52 61 96 L
83 92 -3 -94 LS
-21 -84 6 54 L
49 56 -11 -97 LS
-35 -99 81 73 L
38 78 -43 -10 LS
-12 -74 36 44 L
18 76 -60 -84 LS
-64 -37 82 87 L
100 72 -10 -30 LS
-100 -53 100 97 L
27 57 -83 -4 LS
-57 -45 59 4 L
-92 -65 74 13 L
90 7 -47 -30 L
-28 -56 29 44 L
24 79 -71 -80 L
-59 -99 36 87 L
42 18 -68 -49 L
-28 -10 55 98 L
63 74 -96 -66 L
-36 -30 13 71 L
10 24 -26 -34 L
-69 -72 28 3 L
74 80 -10 -75 L
-62 -27 56 68 L
90 52 -69 -22 L
-97 -62 84 18 L
52 58 -55 -12 L
-47 -71 95 9 L
55 90 -42 -17 L
-14 -60 55 51 L
87 50 -38 -81 L
44 72 -50 -54 L
-41 -87 14 50 L
55 98 -5 -7 L
-14 -20 85 47 L
51 46 -19 -90 L
-46 -13 18 72 L
73 91 -41 -83 L
-90 -35 67 70 L
46 10 -88 -2 L
-75 -84 82 19 L
6 74 -25 -43 L
-28 -80 11 82 L
87 18 -10 -66 L
-75 -57 73 91 L
59 75 -17 -45 L
-40 -13 92 36 L
27 71 -54 -25 L
-44 -65 17 19 L
81 55 -38 -70 L
-63 -4 22 25 L
-75 -90 82 69 L
57 76 -59 -52 L
-21 -41 77 53 L
94 82 -38 -65 L
-62 -100 100 98 L
62 97 0 -56 L
-36 -87 44 8 L
57 99 -74 -1 L
-44 -96 24 7 L
80 44 -75 -54 L
-87 -69 23 11 L
15 4 -43 -50 L
-45 -4 53 17 L
68 55 -55 -44 L
-99 -66 36 46 L
37 16 -50 -42 L
-64 -42 60 10 L
56 49 -63 -22 L
-11 -5 68 100 L
45 50 -23 -89 L
32 95 -4 -75 L
-88 -26 34 45 L
69 40 -17 -6 L
-99 -29 93 55 L
65 96 -88 -80 L
-80 -34 85 45 L
70 81 -43 -64 L
-55 -92 27 39 L
52 35 -71 -19 L
-61 -8 98 10 L
86 83 -96 -54 L
-40 -60 74 21 L
18 59 -4 -5 L
-16 -14 16 1 L
57 88 -96 -89 L
-67 -37 62 50 L
30 82 -60 -82 L
-69 -62 59 14 L
59 24 -64 -77 L
-45 -72 56 34 L
-55 -10 42 46 L
65 61 -7 -78 L
-80 -86 14 20 L
9 55 -93 -62 L
-29 -2 81 17 L
71 54 -24 -62 L
-11 -81 88 88 L
82 44 -83 -25 L
-54 -65 94 58 L
85 98 -92 -16 L
-97 -48 16 16 L
49 54 -98 -3 L
-27 -15 63 50 L
9 32 -82 -93 L
-25 -76 85 78 L
40 78 -41 -71 L
-97 -48 0 14 L
25 47 -19 -89 L
-30 -44 89 49 L
1 63 -87 -27 L
92 27 -5 -26 L
-78 -76 8 95 L
59 26 -32 -79 L
-98 -28 4 36 L
81 60 -40 -39 L
-25 -25 87 70 L
67 15 -47 -57 L
-35 -18 25 52 L
70 13 0 -40 L
-23 -80 74 69 L
54 13 -18 -81 L
-85 -35 60 1 L
69 2 -68 -79 L
-95 -72 16 67 L
72 88 -79 -88 L
-100 -16 29 49 L
90 89 -86 -37 L
-54 -48 57 29 L
18 51 -86 -79 L
-71 -68 47 21 L
-38 -77 91 20 L
9 63 -70 -88 L
-54 -41 20 20 L
19 97 -94 -31 L
-24 -23 36 36 L
64 52 -34 -64 L
-93 -73 46 49 L
55 75 -64 -79 L
-30 -79 28 11 L
88 19 -4 -82 L
-23 -23 30 72 L
25 66 -25 -45 L
-54 -14 4 17 L
26 77 -77 -46 L
-15 -70 78 66 L
44 54 -30 -34 L
-61 -53 61 42 L
18 45 -6 -33 L
-66 -99 7 88 L
12 48 -81 -77 L
16 26 -59 -53 L
-13 -17 66 53 L
75 44 -29 -86 L
-40 -74 72 31 L
11 100 -3 -59 L
-98 -52 55 57 L
20 60 -36 -11 L
-25 -91 78 47 L
71 5 0 -64 L
-10 -14 54 60 L
88 32 -53 -78 L
-90 -54 21 89 L
58 34 -37 -37 L
-74 -15 63 23 L
50 23 -5 -72 L
-48 -90 53 84 L
17 75 -36 -79 L
-66 -48 45 70 L
16 67 -94 -59 L
-84 -39 7 43 L
-97 -93 72 73 L
76 15 -2 -90 L
-84 -32 64 83 L
16 73 -28 -28 L
-4 -10 93 33 L
63 48 -98 -63 L
-45 -28 8 7 L
76 84 -31 -26 L
-62 -46 24 67 L
45 47 -68 -97 L
-41 -2 100 42 L
31 99 -91 -42 L
-68 -47 85 95 L
77 45 -21 -11 L
-40 -12 36 20 L
56 86 -91 -20 L
-84 -65 56 47 L
19 47 -72 -93 L
-14 -9 58 99 L
31 3 -43 -53 L
1 86 -3 -42 L
-11 -35 97 79 L
84 34 -84 -59 L
-98 -46 100 31 L
28 29 -5 0 L
-95 -32 55 55 L
74 3 -40 -5 L
-14 -17 26 12 L
29 69 -81 -98 L
-55 -84 4 90 L
9 24 -70 -41 L
-16 -98 72 13 L
99 32 -47 -23 L
-93 -54 15 75 L
36 92 -37 0 L
-10 -80 99 30 L
2 56 -30 -27 L
-95 -48 7 6 L
88 45 -18 -79 L
-97 -79 24 79 L
-49 -10 66 99 L
86 86 -85 -97 L
-54 -34 92 52 L
10 66 -82 -61 L
-1 -24 55 70 L
92 90 -55 -65 L
-27 -77 100 96 L
47 53 -58 -28 L
-86 -30 20 26 L
11 27 -5 -22 L
-67 -11 88 27 L
13 31 -83 -11 L
-61 -32 24 85 L
100 19 -77 -9 L
-28 -47 51 20 L
36 85 -5 -31 L
-14 -14 63 58 L
10 8 -100 -79 L
-46 -42 33 18 L
32 60 -52 -96 L
36 10 -53 -31 L
-91 -36 85 13 L
80 64 -51 -55 L
-5 -4 30 53 L
72 59 -25 -73 L
-34 -65 95 92 L
30 46 -27 -7 L
-36 -22 13 70 L
5 3 -96 -31 L
-71 -99 16 17 L
81 90 -62 -74 L
-23 -64 36 28 L
49 35 -38 -16 L
-73 -87 27 1 L
19 76 -85 -18 L
-69 -32 33 2 L
23 46 -54 -47 L
-73 -76 55 73 L
30 81 -55 -86 L
-17 -19 35 98 L
-79 -100 90 69 L
19 58 -96 -95 L
-64 -55 48 48 L
65 41 -82 -50 L
-8 -59 85 32 L
18 60 -32 -96 L
-96 -95 42 13 L
74 48 -66 -66 L
-13 0 99 90 L
25 48 -72 -67 L
-55 -50 64 45 L
81 92 -39 -64 L
-3 -71 42 44 L
48 76 -77 -38 L
0 -26 95 23 L
11 74 -63 -35 L
-1 -46 35 86 L
34 15 -53 -18 L
-5 -72 86 86 L
30 52 -90 -90 L
33 60 -54 -79 L
-69 -58 61 43 L
0 45 -80 -86 L
-30 -89 71 6 L
59 80 -48 -41 L
-3 -98 2 100 L
39 10 -21 -50 L
-8 -16 40 94 L
51 92 -66 -10 L
-63 -94 41 95 L
62 57 -83 -21 L
-13 -41 94 46 L
88 79 -97 -70 L
0 -71 11 12 L
16 73 -57 -84 L
-88 -14 20 20 L
98 70 -19 -51 L
-73 -50 58 69 L
81 12 -75 -19 L
-73 -98 13 94 L
-72 -37 18 90 L
40 30 -44 -32 L
-68 -14 67 76 L
30 83 -61 -32 L
-75 -71 86 13 L
48 78 -29 -32 L
-35 -85 75 53 L
86 11 -80 -31 L
-17 -54 24 44 L
2 13 -89 -61 L
-7 -83 20 90 L
70 81 -29 -56 L
-22 -15 15 79 L
41 45 -75 -55 L
-61 -77 66 36 L
7 56 -10 -29 L
-12 -79 61 5 L
6 91 -39 -8 L
-60 -94 50 18 L
75 32 -83 -75 L
47 57 -20 -14 L
-58 -65 51 34 L
58 97 -96 -39 L
-20 -42 3 57 L
58 54 -92 -52 L
-99 -2 62 0 L
36 1 -27 -59 L
-88 -80 99 93 L
91 11 -5 -30 L
-33 -89 87 12 L
70 58 -22 -50 L
-24 -9 87 48 L
54 97 -70 -60 L
-36 -34 31 65 L
86 9 -19 -42 L
-98 -100 47 77 L
71 98 -79 -39 L
-82 -19 39 33 L
92 55 -92 -83 L
-15 -90 51 89 L
-18 -92 78 92 L
5 56 -33 -63 L
-40 -31 8 30 L
5 32 -2 -16 L
-90 -77 53 57 L
96 41 -79 -97 L
-42 -72 52 33 L
42 11 -92 -58 L
-85 -100 91 92 L
97 87 -91 -46 L
-64 -24 90 21 L
79 64 -37 -58 L
-3 -72 50 25 L
9 44 -51 -85 L
-16 -51 33 60 L
49 72 -13 -49 L
-63 -65 73 70 L
11 96 -40 -56 L
-29 -67 88 88 L
47 32 -14 -22 L
82 90 -3 -84 L
-58 -67 68 48 L
86 23 -41 -27 L
-83 -73 26 98 L
74 24 -87 -97 L
-73 -83 50 39 L
4 8 -10 -91 L
-3 -78 96 72 L
75 36 -70 -16 L
-90 -31 88 86 L
66 4 -38 -2 L
-15 -14 86 0 L
3 32 -28 -15 L
-20 -42 75 37 L
69 94 -31 -32 L
-58 0 46 54 L
47 46 -73 -77 L
-20 -90 55 52 L
56 68 -98 -49 L
-5 -49 84 56 L
-67 -4 91 25 L
97 30 -61 -78 L
-97 -28 85 23 L
8 52 -3 -73 L
-26 -53 64 12 L
49 24 -19 -88 L
-94 -28 28 35 L
80 95 -62 -27 L
-78 -47 7 78 L
28 3 -14 -59 L
-66 -16 15 95 L
78 9 -49 -47 L
-40 -43 78 85 L
53 41 -26 -56 L
-93 -98 20 83 L
61 98 -23 -64 L
-89 -34 15 94 L
23 86 -87 -90 L
-5 -73 5 21 L
9 5 -49 -66 L
10 36 -53 -42 L
-91 -94 78 33 L
1 98 -60 -72 L
-48 -86 10 4 L
3 38 -53 -16 L
-66 -66 3 63 L
81 36 -90 -83 L
-47 -5 80 4 L
70 48 -15 -81 L
-1 -93 26 95 L
82 46 -49 -48 L
-6 -89 49 49 L
65 29 -99 -41 L
-90 -83 22 65 L
47 12 -38 -47 L
-58 -89 49 7 L
68 95 -9 -8 L
-26 -74 58 4 L
22 28 -62 -10 L
-12 -25 42 28 L
-27 -44 42 6 L
30 45 -6 -52 L
-100 -2 14 55 L
42 77 -24 -70 L
-49 -26 88 88 L
87 90 -98 -35 L
-10 -12 11 39 L
57 67 -21 -34 L
-23 -37 83 13 L
85 39 -88 -85 L
-95 -21 97 89 L
54 73 -30 -89 L
-49 -15 73 13 L
28 5 -23 -20 L
-50 -18 99 10 L
50 45 -52 -28 L
-55 -18 78 73 L
77 0 -90 -60 L
-27 -76 51 60 L
78 18 -70 -37 L
21 100 -41 -2 L
-90 -68 81 68 L
92 30 -56 -50 L
0 -65 22 29 L
83 13 -95 -65 L
-14 -75 20 39 L
70 14 -17 -73 L
-91 -50 6 48 L
94 21 -28 -16 L
-33 -46 34 41 L
48 28 -1 -44 L
-53 -62 23 40 L
79 2 -91 -55 L
-24 -43 3 59 L
86 66 -91 -67 L
-80 -43 6 92 L
45 75 -49 -41 L
-100 -71 8 41 L
6 93 -66 -36 L
-32 -4 99 71 L
-86 -51 83 3 L
54 2 -47 -78 L
-5 -80 58 98 L
5 79 -23 -11 L
-24 -1 76 34 L
45 84 -81 -58 L
-30 -88 98 78 L
37 84 -58 -39 L
-41 -51 37 91 L
55 33 -7 -79 L
-84 -25 22 79 L
97 10 -32 -14 L
-85 -58 47 12 L
70 1 -89 -44 L
-36 -100 23 80 L
96 41 -91 -72 L
-1 -29 46 42 L
95 44 -71 -96 L
-92 -48 29 8 L
20 93 -95 -1 L
40 0 -99 -31 L
-67 -85 72 100 L
44 4 -94 -19 L
-50 -68 60 27 L
96 4 -35 -96 L
-94 -11 34 8 L
76 13 -35 -41 L
-88 -79 81 75 L
50 14 -4 -2 L
-51 -17 20 16 L
15 4 -74 -4 L
-30 -51 51 57 L
41 56 -100 -67 L
-57 -43 23 92 L
24 53 -97 -35 L
-71 -46 56 83 L
39 64 -39 -64 L
-1 -44 53 12 L
94 7 -7 -9 L
-61 -18 17 84 L
-33 -44 19 55 L
10 64 -86 -33 L
-83 -54 37 68 L
41 66 -35 -71 L
-77 -5 14 35 L
22 54 -68 -76 L
-51 -16 100 30 L
48 57 -47 -75 L
-92 -72 11 45 L
58 9 -74 -79 L
-25 -58 25 78 L
89 96 -45 -36 L
-15 -41 68 22 L
38 74 -28 -47 L
-47 -91 32 69 L
98 39 -88 -68 L
-37 -8 15 29 L
35 40 -10 -13 L
-11 -78 6 91 L
46 21 -47 -68 L
77 17 93 99 L
77 64 61 50 L
1 1 1 1 END
1 1 1 1 END