100
2 4
2 2
1 2
1 2
1 2
3 1
3 3
7 3
5 4
3 2
6 1
7 17
6 6
2 3
2 2
3 5
4 6
4 3
2 5
1 2
7 7
5 5
3 3
7 3
7 2
7 5
3 1
5 7
2 1
1 0
9 19
2 8
4 6
9 4
3 5
6 5
3 4
7 5
3 6
6 4
1 9
2 3
3 9
3 3
1 8
8 3
5 8
5 1
9 3
3 2
2 3
1 1
2 1
2 2
6 11
3 2
6 5
1 5
4 1
1 1
4 3
2 5
6 6
6 4
4 3
3 4
4 2
4 1
2 2
1 0
3 6
3 2
3 1
1 1
1 3
3 3
1 3
10 8
3 2
6 6
6 7
3 4
9 8
1 4
8 10
10 3
5 15
5 4
4 5
2 3
5 5
1 2
3 1
1 4
5 4
2 2
1 5
1 4
3 1
2 4
2 3
4 4
10 5
5 10
3 3
9 2
2 1
1 6
6 8
2 4
4 6
5 3
4 3
1 2
1 6
2 3
1 4
3 8
1 3
1 3
1 2
3 3
2 2
2 3
3 1
1 2
2 4
1 2
2 2
1 1
2 2
10 5
8 3
10 9
1 7
3 7
9 2
4 2
2 2
1 1
1 0
9 15
5 2
4 6
1 4
7 6
3 7
2 1
2 8
7 7
2 2
8 5
3 5
1 7
2 7
4 4
4 1
4 6
3 4
2 4
1 4
3 4
4 4
2 4
4 14
1 4
3 1
4 2
4 4
3 3
3 2
2 2
3 3
2 4
2 2
1 4
2 3
4 1
3 1
7 15
1 2
7 3
1 2
4 5
3 7
3 6
3 1
7 2
3 6
6 7
2 1
2 6
1 5
4 1
7 1
5 4
4 5
2 5
3 1
3 5
5 17
3 1
1 2
3 4
1 4
3 3
2 4
2 4
3 4
3 5
5 1
1 3
1 5
1 5
2 4
1 4
2 5
1 5
6 5
5 1
2 1
5 4
3 4
4 1
9 1
5 3
1 0
6 15
1 1
3 5
1 4
4 3
2 6
2 3
2 6
3 4
1 1
1 2
1 5
2 2
5 1
4 1
2 5
7 7
3 7
6 4
4 1
3 2
4 5
5 3
1 3
2 3
2 2
2 1
2 2
5 12
2 2
1 3
2 3
2 3
2 1
2 4
4 3
5 2
2 1
3 2
3 5
5 5
7 13
6 5
2 7
2 7
5 1
5 7
2 1
3 5
3 4
3 7
5 3
2 7
1 4
4 2
4 4
1 3
3 2
4 1
4 2
3 9
3 1
1 2
3 1
3 2
1 3
3 3
2 1
1 3
2 3
9 19
7 4
4 2
1 8
9 3
3 8
7 5
8 3
4 7
9 1
5 3
5 3
4 5
8 4
5 5
1 1
1 2
4 9
4 7
1 4
2 2
2 1
1 2
5 1
5 5
8 9
6 4
7 2
1 3
7 4
4 5
7 1
4 8
6 4
3 3
6 16
4 4
5 5
2 5
6 3
3 4
4 3
6 2
2 1
5 3
5 3
6 5
3 1
3 5
2 6
3 2
5 1
6 7
4 6
1 1
6 5
2 2
1 1
1 3
2 1
5 4
2 2
2 2
3 3
4 5
7 7
3 3
5 7
4 4
7 5
1 6
7 3
5 4
1 0
4 15
3 4
3 2
2 4
4 1
2 4
3 4
4 1
4 2
3 4
2 1
4 3
2 2
1 3
3 4
2 4
8 19
7 2
3 4
8 6
7 5
1 8
1 3
4 5
7 2
4 5
2 5
8 2
8 2
3 6
8 7
3 3
8 5
8 7
4 3
3 3
6 4
4 5
4 1
5 4
2 2
10 8
6 8
3 7
2 7
4 9
1 4
10 5
10 1
1 5
6 3
5 1
6 3
2 4
6 17
5 3
6 4
2 1
3 1
4 2
5 3
6 1
2 3
1 3
3 1
3 5
4 2
6 4
6 4
3 6
1 6
5 5
5 5
4 2
2 5
4 1
1 5
5 4
4 10
4 4
3 4
2 4
1 2
3 1
3 2
1 1
4 3
4 2
4 4
9 10
7 9
8 7
4 4
2 7
2 9
7 6
7 3
4 3
3 8
9 6
2 2
1 2
1 2
3 6
2 3
1 2
1 2
2 2
2 1
3 3
4 16
2 3
2 1
4 1
2 4
2 2
3 3
3 1
2 4
2 1
4 2
3 3
1 1
1 4
2 4
3 2
3 4
1 0
6 2
1 4
4 2
1 0
10 10
3 7
6 2
10 10
3 10
6 6
9 10
7 10
6 2
8 10
3 6
2 3
2 2
2 1
2 1
1 0
8 16
2 3
8 3
5 3
7 5
8 8
5 1
5 3
8 8
4 5
7 5
7 4
4 7
7 8
6 1
5 1
6 7
2 3
1 2
1 1
1 2
8 14
1 5
2 1
2 8
2 2
1 1
3 2
5 8
2 8
7 2
1 8
2 2
6 3
1 6
5 4
9 7
7 2
3 7
5 9
8 3
6 6
1 8
3 7
6 20
4 4
5 5
3 5
3 6
5 4
1 6
3 4
4 6
4 3
1 5
2 5
5 3
5 1
3 3
6 5
6 2
5 5
6 1
5 3
1 1
2 2
2 1
2 2
1 0
6 13
6 3
6 5
3 1
4 1
5 2
5 1
2 3
5 4
6 4
3 4
2 3
5 3
5 6
4 3
3 2
4 3
3 1
4 12
1 1
2 4
1 3
2 4
2 2
3 4
3 4
2 2
2 1
3 4
3 1
2 1
4 13
2 3
4 4
4 1
1 4
1 4
1 3
1 1
3 1
1 4
2 4
1 2
2 3
3 2
6 18
1 4
6 3
6 5
4 3
4 1
3 4
2 2
3 3
6 2
5 3
3 3
2 4
1 4
2 3
6 3
4 1
1 3
1 3
8 3
1 6
2 5
3 2
1 0
3 1
1 1
2 1
1 1
1 0
6 15
2 1
3 1
6 5
6 6
4 1
4 2
5 5
1 4
1 2
5 1
3 6
2 1
2 6
2 6
4 4
8 14
6 5
5 8
6 4
8 4
1 6
4 5
1 7
5 8
1 4
2 2
3 2
4 3
1 4
8 7
8 7
6 6
4 1
7 6
6 8
1 8
8 5
4 3
2 4
1 1
1 2
1 1
2 2
5 17
2 5
5 1
2 1
5 1
4 4
1 4
4 5
5 1
2 4
5 5
1 5
1 4
3 5
4 2
4 3
4 2
1 1
7 20
2 2
7 3
4 6
6 7
7 3
2 7
7 3
4 4
4 4
6 3
5 4
3 2
1 3
6 7
1 4
3 1
1 3
2 5
6 4
4 3
2 1
2 2
10 16
10 2
5 10
8 1
4 2
5 8
9 9
1 4
2 9
6 8
10 2
10 2
1 4
6 5
4 4
7 4
10 10
2 1
1 1
2 3
1 2
2 2
2 2
10 11
9 6
6 10
1 10
5 1
3 5
2 2
3 6
6 3
10 5
1 7
8 2
9 2
3 2
2 7
2 4
1 2
1 2
2 1
1 1
4 8
4 3
4 2
2 3
4 1
1 3
2 2
2 1
3 3
10 15
4 5
7 7
5 10
10 3
6 10
8 2
7 2
8 4
2 1
5 9
9 1
6 8
10 1
10 9
5 9
2 4
2 2
2 1
2 1
1 2
2 2
2 2
1 1
7 8
3 3
7 5
1 5
7 5
7 6
4 7
2 1
4 6
10 17
8 3
2 10
8 4
10 8
4 5
6 2
3 7
2 1
6 1
9 9
3 6
1 2
4 4
8 10
10 2
4 3
10 2
6 12
6 6
2 6
5 6
6 5
1 6
4 1
4 5
4 3
2 6
3 5
4 5
4 1
