3 5
1 1 2
2 1 3
1 3 4
3 6
1 1 2
2 1 3
1 3 4
1 3
1 1 2
4 11
1 3 4
1 1 2
2 1 2
2 3 4
10 30
3 7 9
2 7 9
2 4 6
0 7 8
1 5 6
3 0 1
1 1 4
2 1 2
0 1 5
3 2 5
10 300
0 57 88
1 25 30
2 57 62
2 67 77
1 64 81
2 49 53
1 58 62
2 7 43
3 24 33
0 8 13
10 60
2 6 9
3 3 5
2 2 5
1 5 6
2 0 1
3 1 2
1 8 9
0 0 7
3 8 9
1 1 3
100 1000
14 25 107
8 189 204
12 21 50
1 472 496
9 58 101
4 186 246
4 3 84
5 179 207
0 21 96
6 45 96
14 172 248
0 480 494
3 139 189
13 72 147
13 200 248
1 122 130
6 420 448
1 16 64
0 378 438
11 96 140
12 352 353
7 262 414
0 228 268
1 442 444
8 317 332
8 146 180
9 35 37
14 167 168
6 293 324
7 442 498
4 152 159
1 435 437
9 297 299
6 487 491
2 148 197
0 445 467
4 488 495
1 248 285
6 339 345
2 394 410
1 322 356
11 440 481
13 11 33
2 114 124
13 46 58
1 152 235
14 273 296
5 482 494
3 483 495
0 110 160
9 11 25
8 260 269
5 97 98
11 279 309
5 110 114
12 271 295
2 55 81
5 138 148
14 134 135
9 186 193
8 219 227
4 387 398
14 316 334
9 200 292
1 363 391
8 337 365
2 372 385
2 459 491
9 375 413
11 25 32
13 265 290
5 417 445
12 440 448
11 44 62
6 145 253
1 79 108
1 446 466
7 237 252
7 126 136
13 299 400
14 415 436
9 430 448
12 145 171
13 407 461
0 192 205
6 116 120
11 324 375
12 105 123
2 286 370
3 353 406
14 387 400
7 171 221
13 186 190
8 282 313
8 370 395
8 442 482
6 363 367
14 297 314
1 8 10
5 269 272
100 3000
21 90 97
16 41 44
25 77 98
13 21 24
7 37 54
14 83 85
26 63 99
4 40 47
26 14 15
4 48 63
0 60 67
27 56 59
21 49 56
7 33 36
28 6 9
14 46 62
3 62 87
21 18 19
15 25 26
8 57 58
9 40 50
17 42 43
1 70 71
19 91 96
18 4 28
10 1 2
29 18 54
24 16 26
5 50 54
17 7 8
14 3 4
2 50 61
13 84 86
28 82 88
16 88 96
29 3 9
4 71 72
7 27 31
13 87 94
12 11 12
6 74 77
5 63 82
17 16 37
25 54 60
17 54 99
10 12 56
1 49 51
7 56 57
2 64 70
21 9 14
5 83 90
7 78 88
0 74 83
18 74 77
28 21 78
2 90 95
13 62 80
5 14 33
27 61 80
7 89 90
14 92 95
19 14 37
14 15 29
18 87 89
21 77 88
6 52 57
22 30 39
12 23 42
0 29 53
20 34 49
19 40 76
8 0 32
13 53 60
25 1 6
4 12 23
2 21 33
15 83 93
12 1 10
23 18 95
22 44 73
20 65 97
1 77 98
7 1 18
13 34 52
21 21 27
15 0 13
29 65 95
21 67 73
15 14 15
1 55 62
16 14 31
15 49 68
4 85 94
24 41 98
24 36 39
20 12 21
6 6 45
18 40 68
8 40 53
1 28 37
100 1000
14 25 107
8 189 204
12 21 50
1 472 496
9 58 101
4 186 246
4 3 84
5 179 207
0 21 96
6 45 96
14 172 248
0 480 494
3 139 189
13 72 147
13 200 248
1 122 130
6 420 448
1 16 64
0 378 438
11 96 140
12 352 353
7 262 414
0 228 268
1 442 444
8 317 332
8 146 180
9 35 37
14 167 168
6 293 324
7 442 498
4 152 159
1 435 437
9 297 299
6 487 491
2 148 197
0 445 467
4 488 495
1 248 285
6 339 345
2 394 410
1 322 356
11 440 481
13 11 33
2 114 124
13 46 58
1 152 235
14 273 296
5 482 494
3 483 495
0 110 160
9 11 25
8 260 269
5 97 98
11 279 309
5 110 114
12 271 295
2 55 81
5 138 148
14 134 135
9 186 193
8 219 227
4 387 398
14 316 334
9 200 292
1 363 391
8 337 365
2 372 385
2 459 491
9 375 413
11 25 32
13 265 290
5 417 445
12 440 448
11 44 62
6 145 253
1 79 108
1 446 466
7 237 252
7 126 136
13 299 400
14 415 436
9 430 448
12 145 171
13 407 461
0 192 205
6 116 120
11 324 375
12 105 123
2 286 370
3 353 406
14 387 400
7 171 221
13 186 190
8 282 313
8 370 395
8 442 482
6 363 367
14 297 314
1 8 10
5 269 272
100 10000
21 90 97
16 41 44
25 77 98
13 21 24
7 37 54
14 83 85
26 63 99
4 40 47
26 14 15
4 48 63
0 60 67
27 56 59
21 49 56
7 33 36
28 6 9
14 46 62
3 62 87
21 18 19
15 25 26
8 57 58
9 40 50
17 42 43
1 70 71
19 91 96
18 4 28
10 1 2
29 18 54
24 16 26
5 50 54
17 7 8
14 3 4
2 50 61
13 84 86
28 82 88
16 88 96
29 3 9
4 71 72
7 27 31
13 87 94
12 11 12
6 74 77
5 63 82
17 16 37
25 54 60
17 54 99
10 12 56
1 49 51
7 56 57
2 64 70
21 9 14
5 83 90
7 78 88
0 74 83
18 74 77
28 21 78
2 90 95
13 62 80
5 14 33
27 61 80
7 89 90
14 92 95
19 14 37
14 15 29
18 87 89
21 77 88
6 52 57
22 30 39
12 23 42
0 29 53
20 34 49
19 40 76
8 0 32
13 53 60
25 1 6
4 12 23
2 21 33
15 83 93
12 1 10
23 18 95
22 44 73
20 65 97
1 77 98
7 1 18
13 34 52
21 21 27
15 0 13
29 65 95
21 67 73
15 14 15
1 55 62
16 14 31
15 49 68
4 85 94
24 41 98
24 36 39
20 12 21
6 6 45
18 40 68
8 40 53
1 28 37
0 0

