1 0
1: (1,1,1);
1 1
1: (1,1,1);
4 6
6: (1,0,0) or (1,2,6);
2: (0,2,0);
2: (0,0,3);
2: (0,0,3);
3 4
1: (0,0,0);
2: (1,2,0);
3: (1,0,5) or (1,2,0) or (0,2,6);
4 20
12: (1,0,0) or (0,2,0) or (0,0,6);
10: (1,0,0) or (0,2,0) or (0,0,6);
9: (1,0,0) or (0,2,0) or (0,0,6);
11: (1,0,0) or (0,2,0) or (0,0,6);
5 20
10: (1,0,0) or (0,2,0) or (0,0,6) or (0,1,3);
3: (0,1,0) or (0,0,2);
20: (1,0,0) or (0,2,0) or (0,0,6);
15: (1,0,2) or (0,2,3);
7: (0,1,1) or (0,0,5);
25 6
1: (0,0,1);
1: (0,0,1);
1: (0,0,1);
1: (0,0,1);
1: (0,0,1);
1: (0,0,1);
1: (0,0,1);
1: (0,0,1);
1: (0,0,1);
1: (0,0,1);
1: (0,0,1);
1: (0,0,1);
1: (0,0,1);
1: (0,0,1);
1: (0,0,1);
1: (0,0,1);
1: (0,0,1);
1: (0,0,1);
1: (0,0,1);
1: (0,0,1);
1: (0,0,1);
1: (0,0,1);
1: (0,0,1);
1: (0,0,1);
1: (0,0,1);
25 7
1: (0,0,1);
1: (0,0,1);
1: (0,0,1);
1: (0,0,1);
1: (0,0,1);
1: (0,0,1);
1: (0,0,1);
1: (0,0,1);
1: (0,0,1);
1: (0,0,1);
1: (0,0,1);
1: (0,0,1);
1: (0,0,1);
1: (0,0,1);
1: (0,0,1);
1: (0,0,1);
1: (0,0,1);
1: (0,0,1);
1: (0,0,1);
1: (0,0,1);
1: (0,0,1);
1: (0,0,1);
1: (0,0,1);
1: (0,0,1);
1: (0,0,1);
20 100
12: (0,2,5) or (0,0,5) or (1,2,6) or (1,0,6) or (0,1,1) or (1,0,4) or (1,2,2) or (1,1,5);
7: (0,2,1) or (1,0,1) or (1,2,4) or (1,0,4) or (1,2,4) or (1,2,5) or (0,2,4);
15: (1,0,0) or (1,2,0) or (0,1,5) or (0,2,4) or (0,1,1) or (0,1,3) or (0,0,6) or (0,1,2);
1: (1,2,5) or (0,0,2) or (0,2,3) or (0,2,5) or (0,0,4) or (0,2,4) or (1,0,4);
12: (0,1,0) or (1,0,3);
25: (1,2,0) or (0,1,2) or (1,2,5) or (0,0,1) or (0,2,4) or (1,2,4) or (0,2,6);
17: (0,1,1);
3: (1,1,0);
30: (1,0,5) or (0,1,5) or (0,0,1) or (0,2,5) or (0,2,5) or (1,0,6) or (0,2,1) or (1,2,6);
14: (1,2,4) or (0,2,1) or (0,0,4) or (0,0,1) or (1,0,0) or (0,0,4);
30: (0,2,4);
17: (1,2,6) or (1,2,2) or (0,2,1) or (0,0,0);
7: (1,1,0) or (0,1,1) or (0,1,3) or (1,1,3) or (1,1,0) or (0,2,5) or (0,0,0) or (0,2,0) or (0,2,0) or (0,1,2);
13: (1,2,0) or (0,2,4) or (0,0,3);
4: (0,0,4) or (0,0,0) or (1,2,0) or (0,1,6) or (1,0,2) or (1,2,1) or (1,2,4);
31: (0,2,1) or (1,2,3) or (0,2,3) or (1,0,3) or (1,1,1) or (0,1,4) or (1,0,3);
11: (1,0,4) or (1,2,4) or (1,0,2);
12: (0,1,1) or (0,0,3) or (1,2,1) or (1,1,4) or (1,1,6) or (1,1,0);
33: (1,2,4) or (1,1,2) or (1,0,2) or (0,1,5) or (1,2,6) or (0,1,0);
11: (0,2,1) or (0,1,6) or (0,1,3) or (1,2,5) or (0,0,5) or (0,2,1) or (1,0,1) or (0,2,5) or (1,2,5);
30 265
35: (0,0,1) or (1,0,0) or (1,0,3) or (1,0,1) or (1,2,2) or (0,1,0) or (1,0,2) or (0,1,1) or (1,2,2);
10: (0,1,0) or (0,0,5) or (0,0,6) or (0,2,0);
23: (0,1,3) or (0,2,6);
34: (1,0,6) or (0,1,4) or (1,2,6) or (0,0,2) or (1,0,6);
10: (0,0,1) or (1,0,5) or (0,0,6) or (0,0,6) or (1,0,0) or (0,2,1) or (1,0,2) or (1,0,2);
24: (1,0,5);
32: (1,0,2) or (1,2,4) or (0,0,5) or (1,2,3) or (0,0,3) or (0,0,4) or (1,0,3) or (1,0,2) or (1,1,6) or (0,2,3);
7: (1,0,2) or (1,0,3) or (1,1,4) or (0,0,5) or (0,1,5) or (0,0,6) or (0,2,1) or (1,1,4) or (0,1,5);
12: (0,1,6) or (1,2,5) or (0,1,3) or (0,0,5) or (1,1,5);
38: (1,1,5) or (0,2,1) or (1,1,0) or (1,0,0) or (1,2,3) or (0,0,6) or (1,1,6) or (1,2,0) or (0,1,1) or (0,2,3);
29: (1,1,4) or (0,2,2) or (0,0,6) or (1,2,1) or (0,1,5) or (0,1,3) or (0,0,5) or (0,2,2) or (0,0,5) or (1,2,2);
24: (0,1,0) or (1,1,0) or (0,1,6) or (0,1,4) or (1,0,0) or (1,1,0) or (0,0,0) or (0,0,3) or (0,0,5) or (1,0,6);
24: (1,0,2) or (1,2,3) or (1,0,1) or (1,0,0) or (1,1,4) or (1,2,0);
50: (1,1,6) or (0,2,4) or (0,1,3) or (0,2,0) or (1,1,3) or (1,2,2) or (1,1,6);
15: (1,0,4) or (1,0,1);
26: (1,1,6) or (1,0,1) or (0,0,5) or (0,2,1) or (0,1,5);
16: (0,0,4) or (0,0,5) or (0,1,1) or (0,2,2) or (0,1,6) or (1,0,1) or (1,1,0) or (0,0,0) or (1,2,3) or (0,1,0);
19: (0,0,1) or (1,2,3) or (0,0,6) or (1,1,5) or (1,2,3);
48: (0,2,4) or (0,1,6) or (0,1,4) or (0,0,0) or (1,2,1) or (1,2,0) or (1,0,3) or (1,0,0) or (0,0,0) or (1,2,3);
36: (0,1,0) or (0,1,4) or (0,0,2) or (1,0,4) or (1,0,5) or (0,1,1) or (1,2,6) or (1,2,1) or (0,1,3);
21: (0,2,1) or (1,0,3) or (0,1,1) or (0,1,4) or (1,0,6) or (0,0,6);
46: (1,1,5) or (1,1,6) or (1,2,4) or (0,0,2);
35: (0,2,0) or (1,2,2) or (1,1,5) or (0,1,2) or (0,0,4);
32: (0,1,1) or (1,0,3) or (0,1,0) or (0,1,2) or (0,2,3) or (0,0,3) or (0,0,4);
30: (0,2,5) or (1,2,5);
22: (1,0,4) or (0,1,5) or (1,2,0) or (1,1,2) or (1,1,3) or (1,2,0) or (1,1,6) or (0,1,2) or (1,0,4) or (1,0,5);
10: (0,0,2) or (0,1,5) or (1,2,5) or (1,2,2) or (1,0,5);
22: (0,0,0) or (1,0,6) or (0,2,3);
42: (1,0,1);
9: (0,1,2) or (0,1,6) or (1,1,2);
50 310
2: (0,1,1) or (1,2,3) or (1,2,1) or (1,2,5) or (0,1,1);
54: (1,0,1) or (1,0,1) or (1,1,3) or (1,0,3) or (1,2,2) or (0,2,3) or (0,0,5) or (0,0,2);
49: (0,2,1) or (0,2,0);
26: (0,1,1) or (0,2,5) or (1,1,2) or (1,1,6);
16: (0,1,2) or (0,1,5) or (1,2,0) or (0,1,4) or (1,0,4);
16: (1,1,2) or (0,1,5) or (1,0,1);
43: (1,1,1) or (0,2,6) or (1,2,4);
38: (1,2,2) or (1,0,3) or (1,0,3) or (0,0,0) or (1,1,6) or (1,1,6) or (1,1,5) or (1,0,1) or (1,1,4) or (1,2,2);
44: (0,0,6) or (0,1,1);
2: (1,1,6) or (0,2,4) or (0,0,6) or (0,1,2) or (0,0,0) or (0,2,6) or (0,0,3) or (1,2,4) or (1,2,4);
13: (1,0,1) or (0,1,1) or (1,2,3) or (0,0,2) or (1,0,1) or (0,0,5);
40: (0,2,2) or (0,2,5) or (1,2,1) or (1,1,4) or (0,0,3) or (1,2,3);
8: (1,1,1) or (0,0,5) or (1,0,3) or (1,0,0);
2: (1,0,5) or (0,2,4) or (1,1,6) or (1,2,4) or (1,1,0) or (1,1,4) or (1,1,2) or (1,1,5) or (0,1,0);
25: (1,1,6) or (0,2,1) or (0,0,4) or (1,2,0) or (1,1,4) or (0,1,2) or (1,0,0);
13: (1,0,3) or (0,2,6) or (1,0,3) or (0,2,3);
59: (1,2,4) or (0,2,4) or (1,0,1) or (0,1,3) or (1,2,5) or (0,0,1) or (1,0,0) or (0,0,2);
42: (0,2,4) or (1,1,3) or (0,2,5) or (1,0,3) or (0,2,0) or (0,0,1) or (0,2,6) or (1,1,3) or (1,0,3) or (1,0,3);
48: (1,2,0) or (1,1,5) or (1,1,2) or (1,2,0) or (1,1,0) or (0,0,6);
66: (1,2,2) or (1,0,0) or (1,0,3) or (0,0,3) or (0,0,1) or (0,1,2) or (1,0,4) or (0,2,6) or (0,0,5) or (0,1,6);
34: (1,0,0);
5: (1,0,0) or (0,2,0) or (1,1,5) or (1,2,3) or (1,1,4) or (0,1,0);
70: (0,2,4) or (0,1,1) or (0,1,3) or (0,2,1) or (0,1,4) or (1,0,0) or (0,0,1) or (0,1,3) or (0,1,2);
37: (1,0,2) or (1,2,3) or (0,0,3) or (0,0,6) or (0,0,1) or (1,2,6) or (0,0,3) or (1,0,6);
13: (1,1,0) or (1,1,3) or (0,2,0) or (1,2,6) or (1,1,2) or (1,0,1);
73: (1,2,5) or (0,0,2) or (1,1,6) or (0,2,4) or (1,1,4);
73: (1,0,6) or (0,0,3);
59: (1,1,6) or (1,1,3) or (0,1,3) or (0,2,0) or (0,1,2) or (1,1,6) or (1,0,4) or (1,0,5);
43: (0,1,5) or (1,0,4) or (1,2,0) or (0,2,0) or (1,2,3) or (0,1,3) or (0,1,3) or (0,2,2) or (1,1,1);
32: (1,0,0) or (1,0,1) or (0,1,2) or (1,2,6) or (0,2,6) or (1,2,5) or (0,2,6) or (0,2,6) or (0,0,2) or (0,0,0);
13: (1,0,2) or (0,0,1) or (1,2,6) or (0,2,4) or (1,0,2) or (0,1,3) or (1,0,1) or (0,1,6) or (1,0,4);
24: (1,1,5) or (0,1,2) or (1,1,1) or (1,0,4) or (1,1,4) or (1,0,4) or (0,2,6) or (0,0,0);
15: (1,2,0) or (1,2,1) or (0,0,3) or (0,1,1) or (0,2,6) or (1,0,4);
14: (1,2,2) or (1,1,1) or (1,0,6);
46: (0,1,2) or (0,0,3) or (1,0,4) or (1,1,1) or (0,0,6);
60: (1,1,2) or (1,2,5) or (0,0,6) or (0,1,3) or (1,0,0);
62: (0,2,1) or (0,1,2) or (0,0,3) or (1,0,6) or (0,1,0) or (1,2,4) or (1,0,4);
54: (1,1,5) or (1,1,4) or (1,2,0) or (1,1,2) or (0,2,5) or (1,2,2) or (1,2,5) or (1,0,1);
48: (0,2,5) or (0,1,3) or (1,0,4) or (1,0,1) or (0,1,2) or (1,1,2) or (0,2,5) or (0,2,6) or (1,0,0) or (1,1,5);
35: (1,2,4) or (1,1,4) or (1,2,4) or (0,0,5) or (1,1,1);
20: (1,1,2) or (0,2,3) or (0,0,1);
60: (1,2,6) or (1,0,2) or (0,1,2) or (1,2,1) or (1,2,3) or (0,0,1) or (1,1,5) or (0,0,1) or (1,0,5) or (0,1,2);
20: (0,1,2) or (0,0,5) or (1,0,2);
18: (0,2,0) or (0,1,0) or (0,2,1) or (0,0,2) or (0,0,1) or (0,0,2) or (0,2,2) or (0,0,5) or (0,0,2) or (1,1,5);
23: (0,0,6) or (1,1,5) or (1,1,4) or (0,1,0);
38: (0,2,2) or (1,1,2) or (1,1,2) or (1,0,0);
48: (0,2,0) or (1,2,6) or (1,0,0) or (0,0,6) or (0,1,0) or (1,1,6) or (1,2,5) or (1,2,5);
59: (0,2,4) or (0,1,0) or (0,2,4) or (0,0,4) or (1,0,4) or (0,2,2);
11: (1,2,4) or (1,0,4) or (0,0,0) or (1,0,0) or (0,1,0) or (0,2,1) or (0,1,6) or (0,0,2) or (0,0,1) or (1,1,1);
29: (1,2,6) or (1,1,4) or (0,2,6) or (0,2,5) or (1,2,4) or (1,2,1) or (0,2,1) or (0,2,2) or (0,1,0) or (0,1,5);
0 0
