21
37
44
50
51
86
91
185
210
233
255
263
287
291
316
354
397
426
452
464
471
486
500
501
577
583
589
599
601
641
685
764
775
779
786
798
805
809
836
846
865
870
876
883
888
919
945
993
997
31158962
93134450
117977708
142021421
187229962
234711231
265279865
407361407
451851418
542664903
549016821
560980030
574824759
620539940
652522376
681505723
682819895
865044005
907016184
923731141
1009503574
1023426485
1042408124
1139136706
1150371332
1161480323
1163978409
1216339976
1226954621
1273067315
1308844694
1353044380
1362097838
1391963691
1408526526
1413433280
1449701960
1470505105
1473152488
1607766487
1652147445
1662468133
1675215169
1732767789
1743019875
1767737009
1805894185
1872975368
1980887743
1990042700
2000000000
0
