3110
8
6 2 4 4 3 2 4 3
10
1 1 1 1 1 1 1 1 1 1
3
1 1 1
3
1 3 1
2
3 2
10
1 2 1 1 2 1 2 1 2 1
3
3 1 2
5
4 3 6 5 4
5
8 7 2 7 8
4
1 3 4 2
5
7 3 9 2 7
9
1 2 5 7 5 1 5 1 4
2
2 7
3
3 2 3
6
2 1 2 1 2 2
2
2 4
8
1 2 2 3 6 3 4 4
2
3 9
1
9
1
4
9
2 3 4 2 4 4 1 1 1
4
1 1 1 1
7
8 4 4 6 4 1 1
9
4 8 3 2 3 4 6 6 4
9
4 7 7 1 3 2 8 8 9
1
5
9
7 1 3 1 3 4 7 3 9
6
2 1 3 3 3 2
3
3 2 1
9
2 3 4 5 4 2 4 1 3
6
1 1 1 1 1 1
7
3 1 4 2 3 4 5
5
1 1 3 3 1
2
7 9
4
1 1 1 1
7
10 4 4 9 1 6 7
1
1
3
5 7 5
9
8 3 9 3 10 10 7 1 3
2
7 7
10
2 4 3 2 2 3 6 6 1 6
9
1 5 3 5 2 2 1 5 3
1
2
10
2 3 3 3 3 3 1 3 3 1
3
7 5 2
4
7 1 6 1
5
4 6 2 8 5
5
1 2 1 1 1
2
3 4
3
9 9 9
4
3 7 2 2
5
1 1 1 1 1
8
3 2 2 5 7 3 6 5
3
5 2 3
7
1 5 2 1 5 9 8
7
9 9 1 8 2 9 9
1
2
10
6 6 6 8 3 4 1 4 3 5
10
6 2 4 5 5 6 6 4 6 5
4
1 4 5 1
10
1 1 2 1 1 2 2 2 2 2
7
4 6 1 1 5 5 6
6
6 6 5 5 7 7
3
6 3 1
1
4
4
2 2 1 1
3
3 1 4
10
5 6 2 1 4 8 9 9 7 1
8
4 1 7 7 1 5 5 5
4
3 2 2 2
9
6 3 8 2 5 4 3 7 2
4
3 2 4 4
8
10 10 4 3 5 4 8 2
1
3
6
2 6 7 4 4 8
8
1 1 1 1 2 2 1 1
10
1 1 1 1 1 2 1 1 1 2
7
1 1 4 6 2 4 5
8
1 1 1 1 2 2 2 1
5
2 4 6 1 2
9
2 3 3 3 2 3 2 3 3
4
7 2 3 3
3
8 1 8
5
3 3 3 2 1
4
1 2 4 3
7
4 8 3 3 3 1 4
6
2 2 1 4 2 3
6
3 4 4 2 1 4
8
1 2 2 1 1 4 3 3
3
2 2 1
3
3 5 1
9
2 3 3 1 1 2 3 2 1
3
1 3 5
9
3 1 3 4 3 3 4 2 1
3
3 5 1
6
4 4 1 6 3 6
4
4 4 1 3
5
1 1 1 1 1
3
6 4 6
7
1 1 1 1 1 1 1
9
5 2 3 3 4 3 2 3 3
1
2
1
2
5
6 2 4 1 2
8
2 1 2 1 1 1 2 2
2
2 1
6
5 7 8 7 5 5
8
3 3 2 7 4 1 3 2
6
1 2 1 3 3 7
6
1 2 3 1 3 1
8
1 3 2 3 4 1 2 4
4
1 3 8 7
8
7 6 8 4 6 7 1 8
1
6
7
1 1 1 1 1 1 1
8
3 2 1 3 3 1 1 3
5
5 6 3 8 1
5
2 3 3 3 2
3
6 6 7
2
5 1
2
3 3
3
5 4 6
5
6 8 3 4 5
2
1 2
9
2 1 8 7 1 2 1 3 6
8
2 4 2 3 1 7 9 8
3
5 5 6
3
1 2 1
5
1 4 4 7 3
4
6 2 7 7
1
2
4
1 2 1 2
4
3 2 4 4
7
2 4 2 5 4 5 9
2
6 3
1
1
3
5 5 5
10
4 2 2 4 5 4 4 5 2 2
2
3 1
3
9 2 3
9
1 8 2 8 1 6 6 7 6
7
3 6 2 7 3 5 2
6
3 7 6 5 5 9
1
2
1
1
1
9
8
9 4 7 6 9 7 6 2
2
1 1
4
1 1 1 1
10
5 3 5 4 6 2 6 2 5 2
2
10 5
7
1 1 1 1 1 1 1
3
8 6 4
5
1 3 2 1 2
3
2 2 1
5
10 6 6 8 4
8
1 1 1 1 1 1 1 1
10
4 1 5 6 3 6 4 4 2 1
1
6
10
8 6 3 2 3 5 3 5 3 4
5
2 5 1 7 3
8
2 1 2 1 4 2 2 2
10
4 6 6 6 9 5 9 3 6 3
6
1 1 1 1 1 1
1
2
4
3 4 3 3
2
5 6
9
3 4 3 2 4 1 2 1 4
9
2 4 1 2 1 3 3 3 2
6
1 1 3 3 3 1
3
5 6 5
1
3
8
4 1 3 1 1 1 4 3
6
5 6 4 4 3 1
2
4 1
7
1 10 4 6 5 4 7
2
2 4
5
6 7 3 6 10
8
5 4 2 8 4 6 1 4
4
2 4 9 8
9
1 3 1 1 3 3 3 1 4
1
2
7
2 1 1 2 2 1 1
3
5 7 1
1
2
4
2 3 2 2
2
2 5
5
1 4 2 6 2
5
2 2 1 2 1
4
10 5 7 5
6
3 3 5 1 1 2
10
2 2 1 1 2 1 1 1 3 2
10
3 4 2 1 2 2 5 5 1 2
6
3 9 9 6 8 9
7
3 1 3 4 3 3 2
5
3 5 1 4 2
4
2 2 2 1
9
1 1 1 1 1 1 1 1 1
7
1 1 1 1 1 1 1
1
1
1
5
5
3 1 4 4 3
4
2 2 1 2
10
2 4 3 1 2 3 4 1 4 1
8
2 1 2 4 2 1 3 4
7
9 7 3 8 1 9 8
4
3 4 1 4
1
1
10
6 3 1 9 4 6 10 7 6 7
3
1 1 1
1
2
6
8 7 1 2 3 4
4
1 1 1 1
3
1 4 4
9
3 1 4 3 1 1 1 2 2
5
2 2 2 8 2
3
1 3 5
5
7 7 8 2 7
9
2 2 1 2 1 1 2 2 1
4
2 1 1 1
3
3 3 3
5
6 3 5 5 5
4
3 1 4 2
4
1 3 7 5
7
5 3 1 4 3 4 5
9
1 1 2 1 5 3 1 2 3
6
1 3 8 3 9 2
10
2 2 3 1 4 3 7 2 1 1
4
3 4 1 1
9
1 5 3 3 6 6 6 6 1
2
1 1
9
3 3 1 3 5 1 4 5 1
3
1 5 3
8
2 1 5 5 1 1 1 3
3
1 2 1
9
1 1 1 1 3 2 2 1 2
3
3 4 5
8
3 2 2 5 3 5 3 1
9
2 3 1 2 3 2 2 2 1
8
1 2 2 6 1 6 1 4
5
1 2 2 1 1
5
2 1 2 1 2
1
5
7
7 1 8 6 7 1 4
7
8 8 5 1 7 5 6
1
2
1
9
1
1
5
2 5 1 1 7
1
1
2
5 5
10
4 2 3 3 1 3 4 3 3 4
2
1 1
8
10 3 9 10 10 9 10 4
7
3 1 3 4 1 1 1
9
1 5 10 1 6 6 1 2 7
9
1 3 3 1 1 1 2 2 1
8
3 5 5 3 6 6 1 6
8
8 7 9 2 3 1 4 3
5
5 2 7 7 3
10
8 8 2 2 8 7 5 6 8 5
3
4 2 2
9
1 4 1 3 4 2 2 2 4
5
10 7 9 3 5
4
1 4 5 4
1
5
4
3 3 2 2
7
2 5 2 3 1 2 5
1
1
9
4 3 2 3 3 4 4 1 3
9
1 1 1 1 1 1 1 1 1
6
1 2 4 7 1 1
3
1 2 1
5
4 3 1 2 4
1
7
9
3 3 7 3 3 2 3 6 1
4
2 6 6 3
7
8 5 4 1 10 7 7
6
4 3 4 2 4 1
1
2
9
1 7 2 4 7 6 4 8 5
3
1 1 1
7
2 2 1 2 1 1 1
1
1
1
2
2
7 3
3
2 8 6
6
3 2 3 1 4 2
5
1 1 2 1 2
1
9
5
2 1 2 2 2
5
2 5 2 8 4
7
3 1 4 3 1 1 1
1
3
3
2 3 5
10
4 5 5 2 5 2 4 1 5 4
9
4 2 3 2 2 4 2 1 1
6
4 4 4 6 6 2
6
1 1 4 4 1 4
7
1 3 1 4 1 2 3
2
2 1
5
3 1 4 4 3
6
2 2 3 3 1 1
5
2 3 4 3 3
6
6 5 7 4 2 3
6
6 4 4 1 6 1
9
1 1 1 1 1 1 1 1 1
10
4 2 1 2 5 2 4 2 4 1
3
5 1 3
1
3
10
1 2 2 1 2 1 1 1 1 2
10
9 7 5 7 2 1 5 9 5 7
10
6 1 4 1 4 5 3 5 7 6
5
9 5 1 9 5
3
4 4 7
10
4 10 9 5 1 9 1 6 10 1
9
1 1 2 1 1 1 1 2 1
1
4
7
4 1 2 5 9 7 7
2
4 6
7
6 10 5 4 8 9 3
8
8 4 8 9 4 9 2 5
1
2
9
7 9 7 10 8 3 7 9 9
9
3 7 9 1 3 3 8 3 5
5
7 2 4 1 5
7
5 4 8 8 6 2 3
1
1
10
2 5 7 7 3 6 3 4 7 2
7
3 3 1 1 1 3 1
9
4 4 2 1 1 6 5 5 7
3
2 1 1
5
1 1 1 1 3
8
3 4 3 1 2 2 3 3
5
6 1 3 5 6
7
2 1 1 2 1 1 2
6
2 7 1 3 3 3
4
3 6 1 3
4
3 2 2 3
2
1 1
8
2 4 5 5 3 5 2 5
5
3 7 4 7 6
1
1
1
1
3
3 1 1
3
4 6 5
1
2
10
5 3 4 2 2 3 3 5 2 5
10
1 1 1 1 1 1 1 1 1 1
7
3 4 4 2 3 3 1
8
5 4 2 3 6 1 4 2
8
1 1 1 1 1 1 1 1
3
4 5 3
2
5 4
8
2 3 8 8 5 8 3 5
4
4 7 5 10
7
5 5 3 4 1 2 5
10
3 2 3 4 2 3 1 4 4 3
1
4
2
4 7
7
2 8 3 4 8 9 4
7
1 1 1 1 1 1 2
8
2 3 1 3 2 1 1 2
9
8 7 6 9 3 3 4 1 6
7
6 2 7 4 3 4 7
3
2 6 2
6
1 2 2 2 1 2
3
4 2 6
9
1 1 1 1 1 1 1 1 1
2
8 6
10
1 3 1 2 1 3 4 3 4 3
1
1
9
1 1 1 1 1 1 1 1 1
8
5 4 3 4 3 1 2 1
10
2 7 3 1 3 7 5 3 5 5
6
9 9 9 6 6 3
8
5 4 2 4 2 2 2 6
10
9 8 8 4 7 6 3 9 5 1
10
2 2 1 5 2 3 4 4 3 1
3
1 1 1
2
6 6
5
2 1 1 2 1
5
1 3 4 4 3
2
10 10
2
3 1
7
2 1 2 1 3 1 3
4
2 3 5 2
7
3 8 1 2 2 2 3
7
1 1 1 1 1 1 1
3
5 3 6
4
1 1 1 1
6
5 1 5 2 5 4
10
4 4 3 7 5 9 6 7 9 2
7
2 2 3 1 2 3 3
8
6 8 9 4 6 2 6 4
8
6 3 4 6 6 1 2 4
10
7 2 8 2 5 1 3 6 9 1
10
4 6 6 2 7 3 7 2 1 1
5
5 6 5 5 5
9
4 4 6 4 3 2 6 5 4
7
7 3 2 7 8 7 2
7
3 3 2 3 2 3 2
9
2 4 4 6 2 1 1 2 5
7
7 2 8 6 6 7 4
6
2 2 2 2 1 3
7
6 4 6 3 5 5 1
5
3 3 6 3 6
9
2 2 1 1 2 3 1 3 3
8
7 5 9 4 6 6 8 8
7
3 3 3 2 3 3 2
5
4 9 4 1 1
9
4 7 5 8 2 6 10 5 5
1
1
2
6 1
1
10
8
4 2 3 4 3 1 4 2
3
2 1 1
10
6 7 6 3 3 5 4 2 1 1
4
1 1 4 4
10
2 1 2 1 1 1 2 2 1 2
5
3 1 2 2 2
7
3 5 5 2 3 4 3
7
1 2 2 1 1 1 2
7
1 3 6 5 2 7 7
7
1 6 2 5 3 3 1
5
1 1 2 1 2
5
1 1 1 1 1
6
6 6 5 5 1 3
5
3 3 3 1 2
1
5
9
5 1 1 4 3 3 1 2 3
2
9 4
3
4 3 6
7
2 3 1 3 4 2 1
3
7 4 5
3
1 1 1
3
7 9 8
9
1 1 2 3 1 3 1 3 2
6
2 6 2 5 7 2
9
3 6 4 4 1 6 3 2 2
9
2 2 2 1 1 1 2 1 1
5
4 4 5 1 4
6
3 8 5 4 7 1
4
5 2 7 8
4
4 1 4 2
6
10 9 2 8 6 4
8
1 1 1 1 1 1 1 1
10
1 1 3 2 4 3 2 1 1 3
9
5 5 2 6 7 4 7 4 2
7
3 7 7 8 8 2 4
8
3 6 3 7 7 5 2 5
10
1 1 1 1 1 1 1 1 1 1
6
3 8 2 8 1 1
1
1
7
5 1 8 5 3 1 7
8
2 2 2 4 6 5 7 1
3
1 1 1
6
3 4 2 1 3 2
1
3
9
1 4 2 6 8 8 8 1 10
4
1 1 1 1
2
6 1
10
3 1 1 8 4 10 8 7 5 10
9
1 2 4 2 2 2 1 1 2
8
3 1 2 2 2 2 2 1
10
3 4 4 5 3 8 1 7 4 2
4
1 3 1 2
6
6 3 2 4 7 3
8
2 4 5 4 2 3 5 3
6
3 3 9 7 8 2
4
7 3 7 1
7
1 6 1 6 1 4 5
3
8 5 3
9
1 1 1 1 1 1 1 1 1
8
7 5 6 4 6 8 7 10
2
2 2
7
1 1 1 1 1 1 1
3
2 1 3
9
1 1 1 1 1 1 1 1 1
9
6 2 7 2 6 8 7 4 6
7
9 8 5 4 6 2 8
6
6 6 6 7 7 4
9
3 3 3 2 2 1 1 2 2
8
1 10 7 7 3 9 9 2
8
4 6 2 1 6 6 4 5
10
2 1 2 1 2 2 2 2 1 1
9
3 7 4 3 6 5 7 4 5
7
3 5 5 4 2 2 3
10
1 1 1 1 1 1 1 1 1 1
4
3 3 3 3
8
5 6 4 7 3 4 1 7
10
2 3 5 3 2 5 5 3 4 5
10
1 4 1 1 4 3 3 3 3 1
4
1 1 1 1
4
5 1 1 8
4
9 9 9 8
7
2 1 1 2 1 2 2
10
8 10 7 4 1 7 7 9 4 4
3
5 2 6
3
8 2 8
4
3 3 5 6
3
7 8 6
2
2 2
9
2 1 1 3 3 3 1 2 1
6
3 2 1 2 1 2
5
1 1 1 1 1
10
2 10 9 6 8 4 6 5 10 9
4
3 5 10 5
4
4 3 10 8
6
2 1 1 1 2 2
4
3 3 1 3
7
2 7 3 2 5 1 6
9
7 2 1 3 1 7 3 3 5
10
1 6 1 3 6 4 6 2 3 5
6
5 5 2 7 3 5
2
4 3
7
6 7 6 3 7 2 4
4
1 2 6 4
7
2 6 9 5 3 7 3
2
1 2
1
6
4
1 2 6 1
6
3 1 1 2 2 4
6
1 2 2 1 1 2
6
3 2 1 6 5 4
5
2 3 4 3 1
6
6 9 8 2 8 7
2
4 7
4
1 2 1 2
4
1 4 3 7
3
4 8 9
4
3 2 5 4
3
5 5 3
6
2 3 1 2 4 3
1
1
1
5
1
2
3
4 2 4
10
1 7 5 6 2 2 1 7 3 7
10
7 1 3 1 4 3 6 3 7 5
8
1 1 2 2 2 4 8 7
8
6 9 8 3 2 5 9 9
8
3 4 5 1 4 1 4 3
10
9 4 1 9 1 8 9 4 2 5
10
1 10 10 1 4 5 9 3 8 10
7
3 4 3 2 4 5 2
10
1 1 1 1 1 1 1 1 1 1
4
6 5 5 7
3
4 5 4
7
7 8 5 5 5 2 8
4
1 3 2 1
6
7 6 5 1 8 5
7
4 1 1 3 2 4 2
1
4
6
1 4 3 7 7 3
6
8 9 9 4 2 1
6
4 1 2 1 4 3
3
1 2 5
7
1 2 2 1 1 3 3
6
4 2 3 7 7 1
10
2 3 1 5 1 5 5 5 4 6
7
4 3 2 4 1 4 3
8
1 1 1 1 1 1 1 1
6
9 7 7 6 6 1
10
9 2 9 4 1 6 4 6 9 4
2
1 1
2
1 1
1
8
7
1 8 1 7 7 9 6
6
1 1 1 1 1 1
8
1 1 1 3 1 3 1 1
10
3 1 2 2 1 2 1 1 1 1
8
4 1 2 3 4 4 1 4
7
2 4 2 1 3 1 5
8
5 2 5 2 6 2 4 3
6
7 1 7 9 5 1
5
2 7 7 6 4
3
3 2 5
2
2 1
7
4 5 1 1 2 6 1
1
3
8
5 2 1 4 4 7 7 1
9
4 4 3 1 2 1 4 1 4
6
1 1 1 1 2 1
4
6 2 1 1
9
1 5 5 3 2 7 6 6 1
6
9 4 9 4 7 8
10
2 8 3 1 10 2 6 9 8 4
2
8 9
4
1 1 1 1
10
3 2 3 3 1 1 2 2 3 3
6
4 9 2 1 8 3
9
9 7 1 5 3 4 9 1 9
9
5 3 3 5 3 2 5 3 3
2
6 6
7
2 1 2 3 1 1 3
8
1 1 2 1 2 1 2 1
8
2 2 3 1 2 2 1 3
8
1 1 1 1 1 1 1 1
5
5 2 2 1 1
7
7 1 3 2 6 2 7
9
2 3 1 7 2 5 6 4 1
4
3 2 1 2
8
5 8 8 2 9 3 2 10
8
3 6 5 3 7 1 2 5
3
6 1 1
5
3 8 5 6 5
8
9 9 2 8 4 6 8 6
10
5 1 2 4 5 4 4 2 1 2
3
1 1 2
1
4
4
2 3 3 2
8
1 4 2 3 3 4 1 4
5
2 1 2 2 2
7
1 1 1 1 2 1 1
7
10 8 7 10 3 5 2
5
8 3 10 3 8
9
1 1 5 3 7 6 4 1 7
1
1
9
10 2 4 4 5 5 10 5 9
8
4 3 4 3 1 1 5 5
10
3 4 3 3 2 1 2 4 3 1
3
1 1 7
6
1 2 2 1 1 2
8
1 1 1 1 1 1 1 1
4
2 2 2 2
1
7
1
1
1
2
7
1 1 1 3 4 2 4
7
5 3 8 7 1 8 6
1
1
7
1 1 1 1 1 1 1
4
4 4 4 5
6
6 5 3 4 5 2
4
5 7 1 7
7
3 5 4 1 4 3 3
8
1 1 1 1 1 1 1 1
2
4 3
5
5 1 2 1 5
9
1 2 1 2 1 1 1 1 2
5
2 2 1 2 1
8
1 1 1 1 1 1 1 1
3
4 3 1
9
5 3 2 1 2 4 2 5 6
9
2 1 1 6 6 4 8 3 5
10
3 2 2 2 3 3 1 2 2 2
2
2 7
6
2 1 2 2 2 3
9
2 2 3 3 2 2 2 3 2
8
8 6 6 2 8 5 4 4
5
9 9 6 6 7
7
1 1 1 1 1 1 1
5
5 9 8 3 2
6
2 1 1 2 2 1
9
9 2 1 5 9 8 6 2 10
8
1 3 2 1 3 1 3 2
6
4 1 4 3 2 4
2
7 10
9
3 3 3 6 1 2 6 1 1
7
3 4 3 3 4 2 4
3
8 5 2
3
1 1 1
3
5 4 2
3
1 2 6
5
5 1 5 2 3
8
1 1 1 2 1 2 2 2
4
1 2 2 1
1
7
2
1 1
9
6 4 6 2 4 3 6 1 1
6
1 7 2 8 2 1
4
7 6 5 5
5
6 4 5 4 5
10
2 5 1 2 1 5 2 4 5 3
9
4 6 4 9 8 6 5 4 4
9
5 1 7 6 7 6 4 2 3
7
1 9 3 4 10 2 2
6
3 3 8 4 9 6
6
2 3 1 2 3 8
9
7 2 7 8 2 1 1 1 4
2
1 5
10
1 3 1 1 5 2 3 2 4 5
4
1 2 1 2
8
5 5 2 5 8 7 3 6
7
4 3 9 2 3 6 4
8
1 1 1 5 4 9 6 5
1
1
5
1 2 1 2 3
1
6
3
5 5 1
1
1
5
5 3 2 5 3
7
1 1 1 1 1 1 1
2
4 4
9
4 1 4 6 8 7 5 2 1
6
3 1 1 3 3 2
3
3 2 2
3
1 1 1
6
2 1 2 4 8 9
8
1 2 2 8 2 6 7 3
7
1 1 1 1 1 1 1
2
1 2
3
6 1 3
10
9 2 7 10 1 5 8 8 5 4
3
4 3 4
7
5 6 6 7 1 1 4
6
7 7 6 6 7 7
2
1 1
1
3
2
1 1
9
2 4 1 2 2 2 3 3 4
1
1
1
3
5
10 2 3 1 2
10
4 1 4 1 1 1 3 2 2 1
4
2 2 3 3
8
1 8 4 5 1 9 1 1
4
2 4 2 1
8
7 5 7 7 7 2 10 9
4
3 8 9 1
5
3 1 5 3 1
3
3 2 4
8
3 3 7 9 1 2 6 6
3
10 7 9
3
2 2 3
10
6 7 1 7 4 8 6 3 2 2
8
5 1 1 3 5 5 4 3
5
2 2 5 2 1
2
4 2
7
9 4 3 1 4 2 3
7
2 2 2 1 3 3 1
6
1 1 6 7 4 8
2
3 2
7
2 3 3 2 3 2 1
3
4 2 1
8
1 2 5 2 3 1 1 2
1
7
6
3 1 1 2 3 1
4
6 2 4 5
1
6
8
1 1 3 2 3 3 3 2
1
1
8
3 6 5 1 6 4 5 3
6
8 5 1 8 7 5
5
3 3 4 8 6
4
5 4 7 2
6
4 3 2 6 9 4
8
4 3 1 4 2 2 3 5
10
10 3 10 3 1 5 5 9 6 5
6
3 8 1 1 3 3
8
1 2 3 1 3 1 2 2
8
9 7 3 5 6 2 6 2
8
2 4 4 4 1 4 5 3
5
1 3 1 4 4
10
3 7 6 2 2 5 5 7 5 1
1
1
5
1 1 1 1 1
10
1 1 1 1 1 2 1 2 1 2
9
1 1 7 5 1 6 1 1 6
8
3 2 2 2 3 3 3 2
9
3 6 2 3 3 6 2 5 6
10
2 1 3 3 2 1 1 3 2 1
1
4
1
1
6
2 1 1 1 3 3
2
1 5
7
2 9 6 8 3 5 1
6
1 1 1 1 1 1
2
1 3
10
6 5 5 6 4 3 5 4 2 6
6
2 2 1 2 2 1
4
2 1 1 1
6
2 6 5 4 1 3
1
5
3
8 5 2
1
3
9
1 2 2 1 2 2 1 1 2
5
1 3 1 2 3
3
8 7 4
2
4 3
8
5 1 5 1 2 2 3 1
1
1
10
3 5 7 2 4 1 4 4 1 5
4
1 5 3 1
7
1 1 1 1 1 1 1
7
2 3 4 5 6 4 2
9
2 4 5 3 4 4 5 2 3
8
1 2 5 5 5 3 5 3
4
1 1 1 2
5
1 6 5 1 7
4
2 2 1 1
7
1 1 1 1 1 1 1
9
1 1 1 1 1 1 1 1 1
8
1 3 3 3 1 6 2 6
10
2 2 2 1 3 1 2 3 1 1
8
6 2 5 5 6 1 3 6
8
1 1 1 1 1 1 1 1
7
3 8 6 2 6 1 8
1
7
8
5 6 3 3 2 6 2 1
3
4 6 3
10
1 5 5 3 5 5 2 2 4 2
9
2 4 6 2 1 1 7 2 5
10
5 1 2 2 1 3 2 3 5 6
5
1 3 1 1 1
4
7 1 6 5
10
1 3 3 3 1 2 2 2 2 1
6
3 3 2 1 3 2
7
1 1 1 1 1 1 1
1
1
7
1 1 1 1 1 1 1
4
7 2 9 5
1
2
4
5 3 3 6
7
5 6 1 4 6 3 6
4
7 3 4 5
9
1 4 5 5 5 2 7 7 7
2
1 1
1
5
5
2 1 1 2 3
4
4 8 1 10
3
6 1 6
4
4 7 3 6
10
3 3 1 5 2 3 3 3 5 2
2
2 3
6
3 5 5 4 3 3
7
1 1 1 1 1 1 1
5
4 5 6 1 5
7
1 1 1 1 2 1 1
9
2 2 4 7 5 1 7 2 2
1
8
3
9 2 5
9
4 2 5 2 1 4 2 5 3
4
2 2 1 2
7
4 4 1 1 2 3 4
2
7 1
1
5
4
1 1 1 1
3
2 3 3
7
6 4 3 3 2 6 2
4
2 7 5 6
1
1
3
1 1 1
5
1 1 1 1 1
7
1 1 1 2 1 2 2
7
4 3 2 5 4 4 3
9
3 5 5 1 4 1 2 1 2
7
1 2 1 1 1 2 1
2
1 1
1
1
5
2 2 2 2 2
2
10 4
6
1 3 2 4 5 2
5
1 3 1 1 1
8
3 3 1 2 1 2 2 2
9
2 2 2 2 2 2 1 1 1
8
5 2 7 8 7 10 3 6
6
1 1 1 1 1 1
8
2 1 2 2 4 4 2 3
2
1 1
1
5
9
5 3 5 2 2 4 2 4 2
7
7 1 2 4 4 1 7
2
3 2
10
3 3 3 1 2 2 2 3 1 3
10
3 2 2 3 3 3 5 5 1 5
9
6 5 1 6 2 2 3 2 7
1
3
8
2 3 2 3 2 2 3 1
9
1 1 1 1 1 1 1 1 1
3
1 5 3
8
2 2 4 1 4 1 1 1
3
1 2 2
5
1 3 8 2 1
1
2
9
6 1 7 7 6 3 4 7 7
6
6 4 6 4 3 3
9
2 1 2 1 1 2 2 1 1
1
1
3
7 10 6
4
1 3 4 6
2
1 3
2
4 5
4
5 7 7 7
7
3 2 4 3 3 4 4
1
3
8
3 4 5 4 1 3 6 2
6
4 1 3 1 1 4
6
5 6 3 4 5 4
8
7 5 4 4 4 4 6 7
7
7 1 5 3 5 6 1
1
2
2
8 2
6
3 5 5 3 2 3
1
1
4
1 8 7 5
6
8 10 7 3 8 9
6
6 3 2 2 4 5
2
3 5
8
3 3 1 2 3 1 1 2
5
7 5 6 2 6
6
9 4 9 1 5 7
5
2 1 2 1 1
5
3 6 3 4 6
1
3
2
3 5
9
3 3 3 5 6 1 6 2 4
3
5 2 3
7
6 5 4 7 6 4 4
4
4 1 6 2
4
6 2 9 10
10
4 5 4 1 2 1 4 5 2 2
2
1 3
6
4 2 3 4 3 2
7
2 3 2 2 2 3 1
5
3 2 2 6 4
6
1 2 1 1 1 2
5
6 4 6 3 1
1
1
8
4 2 4 3 5 2 5 3
3
2 4 3
6
6 2 1 3 3 4
6
1 2 2 1 1 2
2
8 7
5
8 3 9 1 7
4
1 2 1 2
8
2 3 4 3 3 6 1 2
1
3
3
1 4 3
3
1 1 1
7
5 5 5 2 5 4 5
4
6 8 1 2
9
2 1 1 2 2 2 2 3 1
5
1 2 1 1 2
5
1 1 3 4 2
3
1 2 1
4
8 2 1 4
9
1 8 4 3 8 8 4 7 6
10
2 1 2 2 2 4 2 5 3 3
2
3 3
10
1 1 1 2 1 1 1 2 1 2
4
2 6 7 4
10
9 7 7 7 10 1 7 2 8 10
8
2 3 2 4 4 4 4 1
2
2 1
6
1 1 1 1 1 1
8
9 8 8 3 3 5 10 2
9
1 3 3 1 1 1 2 3 2
3
6 6 4
4
1 3 4 5
2
7 4
1
5
10
2 1 2 2 1 1 2 1 1 1
2
8 4
7
3 1 3 4 9 1 9
3
3 1 2
3
2 1 2
10
1 3 1 1 2 2 1 1 3 3
1
3
9
1 1 1 1 1 1 1 1 1
6
1 1 1 1 1 1
10
3 1 5 5 3 2 2 5 3 5
1
1
3
3 1 2
3
2 6 6
2
7 7
3
7 2 4
9
1 1 1 1 1 1 1 1 1
6
1 3 1 2 4 1
9
4 1 1 2 2 2 3 5 2
7
1 2 3 3 1 2 1
6
1 4 2 3 3 2
2
1 1
10
4 8 7 5 1 7 1 7 8 7
5
3 2 4 1 6
6
8 3 5 1 7 7
8
3 7 7 3 4 5 1 6
8
4 2 6 1 5 2 4 2
9
3 5 3 5 1 1 5 4 5
7
4 6 6 2 3 8 4
9
1 2 1 2 1 2 2 2 2
6
4 5 3 3 5 3
6
1 4 1 6 6 2
3
1 4 1
7
3 5 1 1 2 6 1
5
6 5 1 3 7
5
3 3 6 4 9
6
5 1 2 4 2 4
2
2 2
6
2 1 2 2 3 1
3
9 6 4
2
1 1
8
2 4 3 1 4 4 4 4
3
1 5 7
9
4 2 7 7 4 2 5 1 5
6
5 4 6 2 4 3
1
2
2
5 7
6
3 4 1 1 2 4
10
3 4 4 2 1 3 3 2 1 3
5
5 6 5 2 4
10
2 8 1 6 4 2 5 2 7 5
10
5 10 5 5 1 7 10 4 4 4
8
3 2 1 1 1 1 2 2
8
1 3 2 1 4 5 4 1
9
3 4 4 3 5 2 6 3 3
5
4 9 8 8 2
1
3
7
1 4 3 5 3 1 4
3
6 2 5
1
6
1
5
8
1 6 2 5 1 8 1 2
8
6 7 3 7 6 2 5 7
9
3 5 6 9 7 10 8 4 7
7
3 3 5 4 1 4 2
8
2 1 1 2 1 1 3 3
8
1 1 1 1 1 1 1 1
6
2 1 2 2 1 1
2
2 6
2
2 4
6
4 3 5 3 4 2
7
5 1 7 2 3 1 3
6
2 1 1 2 2 1
6
4 1 4 1 4 4
5
5 7 7 7 5
3
8 6 1
8
1 1 1 1 1 1 1 1
7
1 5 6 2 1 5 6
2
2 6
4
4 2 5 7
4
1 5 7 5
4
2 8 2 4
3
4 3 1
3
4 3 1
5
1 2 2 1 1
1
5
6
4 9 8 8 6 1
5
3 5 3 2 4
7
6 6 5 3 6 2 1
7
5 4 3 7 5 3 2
4
1 1 2 2
6
7 5 7 2 4 1
8
1 7 4 9 3 3 10 1
7
3 1 4 1 1 2 4
9
1 1 1 1 1 1 1 1 1
1
10
5
2 3 1 1 1
1
1
2
10 2
7
1 3 2 3 3 1 1
2
1 1
10
1 1 4 5 5 2 3 4 4 5
6
6 2 1 4 7 1
6
1 4 4 2 2 4
9
2 2 3 3 3 2 1 1 2
1
4
10
1 1 1 1 1 1 1 1 1 1
7
1 1 1 1 1 1 1
4
3 5 6 4
4
2 1 4 2
5
1 1 1 1 1
7
2 2 6 1 6 7 2
2
1 2
1
1
2
4 1
8
6 3 4 2 3 2 4 6
8
3 3 3 1 3 5 4 6
7
7 4 3 6 6 2 3
2
1 1
3
2 3 6
8
3 3 4 3 2 4 3 2
4
10 3 4 5
4
2 8 8 1
1
1
4
1 2 5 3
1
4
6
6 8 5 6 5 3
5
2 7 2 6 5
8
4 4 5 5 1 3 5 6
9
1 3 1 5 1 3 1 2 3
7
3 5 3 6 8 4 3
8
2 2 1 4 6 4 3 3
5
2 2 3 3 2
8
3 3 5 1 3 2 4 2
3
1 3 6
10
1 5 1 1 6 6 7 3 4 1
2
1 2
2
4 2
3
4 6 6
4
3 2 2 3
8
7 1 1 7 5 8 8 7
6
1 1 1 1 1 1
6
1 1 1 1 1 1
9
6 3 1 6 7 3 3 7 2
2
2 4
3
7 8 1
2
4 1
6
1 1 2 5 2 3
6
1 3 7 3 7 4
5
1 1 1 1 1
6
1 1 2 1 1 2
10
1 3 1 1 1 2 1 1 2 2
7
6 10 1 8 8 5 8
6
10 8 8 6 5 2
3
2 3 1
1
2
3
1 4 6
5
5 4 2 4 5
7
6 5 4 8 4 7 2
6
4 3 1 5 4 2
6
2 2 2 1 2 2
9
3 1 2 2 1 1 3 4 3
4
1 2 1 2
1
1
1
4
3
1 1 1
10
3 4 5 5 1 1 3 3 5 3
5
4 5 6 5 4
7
1 1 1 2 2 1 1
3
1 3 4
5
1 1 1 1 1
4
1 1 1 1
4
1 1 1 1
5
3 1 1 2 2
2
2 5
5
1 2 1 2 2
9
3 3 1 1 2 1 2 1 2
10
7 5 3 4 4 6 7 3 4 4
5
6 6 1 4 2
10
2 1 1 3 2 1 1 2 1 1
3
2 3 3
1
2
10
3 3 5 4 2 1 2 1 2 6
4
2 2 2 4
1
9
5
2 1 3 2 1
8
6 3 1 2 4 5 3 3
6
5 5 2 2 2 2
5
3 3 1 2 2
9
1 1 2 2 2 1 1 1 1
2
4 1
2
2 2
9
1 2 3 2 3 1 4 4 1
1
1
9
1 1 1 1 3 2 2 1 3
4
1 1 2 2
9
1 1 2 1 3 2 3 1 2
10
7 3 5 6 6 6 2 4 1 2
6
7 6 7 5 8 5
10
7 6 8 7 1 5 6 1 8 5
2
3 2
9
1 1 3 3 7 7 3 7 5
9
1 1 1 1 1 1 1 1 1
9
4 1 7 5 10 3 3 7 3
9
1 2 1 1 1 2 1 1 1
8
1 1 1 2 1 2 2 2
2
5 6
7
7 1 7 7 6 4 5
10
2 3 1 1 3 2 1 1 3 3
10
6 3 5 4 6 7 3 2 6 3
5
3 5 2 1 6
5
7 4 1 7 6
2
1 8
10
3 1 3 1 3 3 1 1 1 3
9
4 1 7 7 2 6 4 2 3
6
5 5 4 3 3 5
3
5 3 2
4
2 2 1 4
1
5
3
1 3 1
3
4 2 4
8
5 2 6 4 3 2 3 2
10
2 2 2 2 1 1 1 1 1 2
4
2 1 7 5
2
5 9
1
6
1
9
5
1 2 1 1 2
9
2 2 2 1 2 2 1 2 1
5
2 3 3 1 2
2
1 1
10
6 1 5 1 6 9 7 1 3 3
10
9 2 7 6 2 2 6 9 5 3
6
6 2 1 3 7 3
5
6 2 8 8 3
3
4 8 5
7
1 1 1 1 1 2 1
3
1 1 2
3
10 6 4
8
4 5 5 2 2 1 4 5
4
4 6 4 7
1
9
3
3 1 1
10
1 1 1 1 1 1 1 1 1 1
9
1 1 4 2 5 5 5 1 4
8
1 1 1 1 1 1 1 1
2
2 1
4
4 5 5 5
8
6 5 4 4 10 9 7 8
1
2
2
2 4
8
1 2 5 4 3 4 4 5
3
7 2 2
5
1 2 2 3 2
6
1 1 1 1 1 1
5
3 2 2 1 2
10
1 1 1 1 1 1 1 1 1 1
6
1 5 10 10 3 9
3
1 8 6
1
1
8
9 6 5 7 7 10 9 3
2
2 3
6
3 10 4 2 3 5
6
5 8 4 6 5 5
9
3 4 2 5 4 2 1 2 6
3
4 7 4
6
1 2 1 1 1 2
4
3 4 6 1
5
3 1 1 3 2
8
1 1 1 1 1 1 1 1
5
5 6 7 6 2
1
1
9
5 5 4 4 4 4 1 4 4
4
2 1 1 2
9
7 5 6 3 1 3 5 3 1
10
6 3 6 1 6 6 1 3 1 4
3
5 5 2
6
1 3 3 1 3 3
1
5
5
7 9 8 4 6
1
3
7
2 4 6 6 5 4 6
5
2 2 1 5 2
6
5 8 1 4 6 2
3
4 5 4
2
4 7
6
2 1 2 3 2 2
1
1
6
3 1 2 4 4 4
4
10 1 5 2
9
2 2 1 1 2 2 3 3 1
9
1 3 2 4 3 4 3 3 3
10
4 2 2 1 2 2 1 1 1 2
2
5 5
5
1 1 1 1 1
4
4 6 4 5
3
1 4 2
6
1 3 6 5 7 5
10
10 1 4 5 5 10 4 4 5 8
4
2 2 2 1
3
2 9 6
4
3 2 3 9
7
4 6 1 5 1 6 6
1
4
3
3 2 3
10
2 2 2 2 2 1 2 2 1 1
8
10 3 4 7 4 8 3 6
8
1 5 2 6 2 5 5 3
4
2 2 3 1
9
1 1 1 1 1 1 1 1 1
8
5 3 1 3 2 4 2 1
5
1 1 1 1 1
2
5 9
2
2 2
3
2 1 2
6
1 4 5 1 2 3
8
3 1 9 10 10 1 6 10
4
1 3 1 2
2
6 5
9
1 1 1 1 1 1 1 1 1
1
2
1
4
4
1 3 1 2
1
5
9
1 2 1 1 1 2 1 2 1
9
2 2 2 3 1 3 2 2 3
3
2 1 1
8
2 2 4 3 3 2 6 7
10
1 1 1 1 1 1 1 1 1 1
8
8 8 2 4 5 6 6 7
7
1 1 1 3 2 1 2
1
1
8
1 2 1 2 1 2 1 2
7
1 2 1 5 5 1 2
1
2
6
3 4 5 6 3 5
8
3 5 2 2 2 2 5 5
5
4 2 3 4 3
10
2 4 1 3 1 1 2 4 2 3
8
2 2 2 2 3 3 2 2
3
4 3 1
2
6 5
3
3 2 2
10
1 1 3 2 3 1 1 3 3 2
6
2 1 1 1 1 2
10
5 1 2 1 2 3 5 2 6 5
2
5 6
4
5 9 5 2
8
6 1 6 7 2 7 7 1
5
7 7 2 3 5
3
1 1 1
3
7 5 7
4
1 6 5 4
1
1
10
1 6 1 3 3 2 8 7 1 3
9
1 2 3 1 4 2 1 4 4
9
1 1 1 1 1 1 1 1 1
6
2 6 8 4 8 6
1
1
10
1 2 3 5 4 5 3 5 4 2
8
3 5 3 3 3 3 1 2
9
4 9 2 8 3 7 4 8 3
5
2 2 1 1 2
7
4 6 6 6 1 2 4
10
2 2 2 2 1 1 2 1 2 1
4
1 2 3 3
7
1 1 1 1 1 1 1
6
7 2 9 7 3 1
3
1 1 1
7
1 1 1 1 1 1 1
8
1 2 2 4 2 1 4 4
5
5 4 2 5 1
2
4 4
8
3 3 10 7 1 5 6 7
8
4 8 1 7 3 8 1 3
9
1 1 1 1 1 1 1 1 1
2
7 2
6
2 1 2 1 1 2
9
5 1 4 1 4 5 4 3 4
8
1 9 9 2 4 6 7 2
8
7 2 5 1 3 5 4 7
10
5 1 1 3 3 1 2 3 3 5
7
7 3 4 2 8 8 3
5
5 7 5 1 4
5
3 5 3 1 1
2
5 6
2
2 2
8
9 4 3 10 10 7 8 6
7
1 1 1 1 1 1 1
6
1 2 2 1 3 2
2
10 10
9
1 3 4 1 4 3 3 4 4
7
1 4 1 1 4 3 3
4
1 1 3 3
4
2 3 2 4
3
7 6 6
1
8
5
3 5 3 7 3
6
1 1 2 2 1 1
6
5 2 1 4 5 5
7
1 6 5 5 6 3 7
4
4 3 1 4
8
1 2 2 2 1 2 2 2
5
4 2 1 1 4
2
7 9
2
1 1
1
7
8
3 3 4 8 6 4 1 6
8
4 1 6 2 1 6 2 1
4
3 2 3 5
2
1 4
7
4 2 3 1 2 3 3
8
3 1 2 4 1 6 4 4
1
1
9
2 1 8 8 3 6 6 3 8
4
3 8 1 8
4
4 6 5 3
3
2 2 5
10
1 7 2 4 6 5 3 2 2 7
10
5 6 5 4 5 6 2 1 3 2
9
1 1 1 1 1 1 1 1 1
2
4 1
1
1
1
1
4
6 8 5 10
5
1 1 3 3 2
8
1 5 3 2 6 6 1 4
6
7 7 7 1 6 4
7
3 2 1 2 1 1 1
10
1 2 2 2 1 1 1 1 1 2
3
8 2 1
3
4 4 3
4
1 3 4 1
3
1 3 3
8
1 1 1 1 1 1 1 1
9
2 7 6 6 4 7 7 1 6
1
1
7
1 1 1 2 2 2 1
9
1 1 4 4 5 6 6 6 1
2
6 3
6
3 1 1 3 2 2
7
5 7 6 4 1 5 7
7
6 1 6 1 3 6 4
2
6 3
3
7 2 2
8
4 1 5 5 4 1 5 3
6
3 1 3 3 2 1
1
4
4
1 1 1 1
7
10 10 6 5 6 3 1
3
5 2 5
3
1 1 1
6
7 5 4 4 10 3
1
1
3
8 4 3
7
3 2 3 3 3 3 4
4
5 1 1 4
6
3 1 4 5 5 6
9
8 4 3 4 1 4 5 1 2
9
1 2 2 2 3 2 3 2 3
6
2 4 2 3 7 3
3
2 1 3
7
6 3 4 1 6 6 6
10
3 4 4 6 6 6 6 7 7 1
8
1 2 2 4 4 1 4 2
8
4 3 6 7 2 7 6 5
3
1 1 1
4
1 1 2 1
6
1 1 1 1 1 1
3
1 1 1
5
3 8 8 7 5
2
2 3
9
6 10 7 5 1 4 2 5 9
3
2 4 3
7
5 3 6 7 4 3 7
4
2 1 4 7
1
3
10
3 3 1 5 1 5 2 1 3 3
8
2 9 3 6 2 5 9 3
2
2 1
7
2 1 1 1 2 2 2
3
3 2 4
5
1 2 2 5 1
8
1 1 2 2 1 1 2 2
8
5 2 5 3 5 2 1 2
6
6 6 6 6 3 7
2
8 5
3
1 1 1
6
1 1 1 1 1 1
10
2 8 1 4 1 5 4 4 3 7
9
5 4 7 5 6 6 3 5 5
9
3 5 3 3 5 1 5 4 2
10
3 2 3 3 1 1 3 3 4 4
9
2 2 2 2 2 2 2 2 1
9
2 1 1 2 3 1 2 3 1
7
4 4 5 4 3 3 2
7
1 1 6 4 2 4 4
1
4
9
2 3 6 1 4 5 7 6 3
2
1 1
10
7 10 9 10 2 1 2 3 2 4
10
1 5 7 6 4 3 4 3 6 6
4
3 6 4 4
3
2 1 2
8
1 1 2 7 4 4 6 4
7
1 1 1 1 1 1 1
9
2 2 2 2 1 2 1 2 2
8
4 3 5 4 1 4 4 3
8
8 4 4 5 5 3 1 7
9
8 5 6 6 8 5 4 4 5
10
1 1 1 1 1 1 1 1 1 1
6
1 1 1 1 1 1
6
8 4 3 3 7 7
10
1 1 1 1 1 1 1 1 1 1
9
8 7 3 9 2 1 3 1 3
5
1 3 2 2 2
2
4 5
3
1 1 1
7
3 3 5 3 5 6 2
10
3 4 4 2 4 2 1 1 1 3
9
7 1 1 2 5 5 7 5 5
5
1 1 1 1 1
4
4 3 9 3
1
2
2
8 10
8
8 10 4 6 4 5 2 4
4
4 3 3 9
1
5
5
9 2 4 2 6
7
5 2 2 4 4 2 5
8
2 3 4 6 5 6 1 4
6
1 1 1 1 1 1
10
10 7 3 8 7 1 9 1 4 6
8
3 2 2 5 5 2 4 3
10
1 1 1 1 1 1 1 1 1 1
8
6 4 5 3 1 7 3 2
2
1 1
3
10 1 3
7
4 5 3 6 6 6 2
7
2 10 4 1 7 8 8
2
3 3
8
3 2 2 4 4 2 2 4
8
5 9 8 2 3 3 5 1
9
3 8 10 6 2 4 4 6 1
2
2 2
10
3 5 3 5 1 4 1 3 2 1
1
9
8
8 4 4 5 3 2 5 7
5
7 4 6 3 8
3
3 3 2
1
1
5
9 7 5 8 10
4
3 1 1 2
9
4 1 3 4 3 1 5 3 3
5
1 1 1 1 1
8
1 3 4 4 1 4 4 3
8
4 2 3 9 4 6 7 7
1
1
2
1 2
4
1 3 7 2
6
7 7 1 1 5 8
1
1
4
4 3 3 7
6
4 1 3 1 2 1
8
1 5 1 1 3 7 6 3
4
2 2 2 1
3
1 1 1
5
4 4 2 4 2
3
4 2 2
5
8 3 8 1 10
10
2 1 4 2 1 4 4 1 1 3
1
2
4
1 1 2 3
2
4 4
7
2 1 1 3 4 2 5
8
1 7 7 2 5 4 7 8
4
3 2 2 2
1
1
9
3 6 2 5 1 2 6 3 6
4
3 4 4 1
8
2 2 3 3 3 1 2 1
9
2 2 1 1 1 1 1 1 2
8
1 6 5 2 6 2 6 1
5
1 6 2 5 6
10
9 4 5 2 9 2 4 7 7 8
1
3
4
2 2 3 5
7
9 1 3 9 6 4 9
4
2 5 5 1
7
2 7 1 3 4 6 2
1
2
3
6 3 9
4
10 1 10 3
2
7 2
9
2 4 6 3 5 4 1 4 4
8
5 7 1 6 1 4 4 1
4
2 1 2 1
6
2 5 5 4 1 2
5
1 4 3 9 2
3
3 1 4
5
2 3 6 7 2
9
1 1 1 1 1 1 1 1 1
7
3 1 1 3 5 5 3
7
6 5 8 3 3 1 3
6
2 3 3 3 6 2
6
4 2 2 2 3 3
7
7 5 5 1 7 2 3
5
2 1 3 10 10
8
6 7 5 3 5 1 6 4
1
3
3
1 1 1
9
5 6 2 5 10 1 5 10 7
1
2
8
6 6 2 1 2 3 2 2
1
1
9
1 5 1 6 5 3 2 6 10
2
6 7
10
4 1 8 1 7 6 7 3 3 1
10
5 4 3 5 1 7 6 2 7 7
6
5 1 2 2 4 5
6
9 7 4 7 7 4
5
1 3 2 2 1
3
3 1 1
4
1 4 5 2
8
6 4 4 3 5 6 8 6
10
1 2 5 1 5 3 5 4 6 2
7
5 2 1 1 1 1 6
1
1
9
1 3 1 1 3 2 2 1 1
9
1 3 3 2 5 2 3 2 4
4
1 6 2 2
3
5 6 3
1
4
4
3 4 3 3
9
1 2 3 3 3 1 3 2 2
5
1 2 1 3 2
8
5 6 5 1 1 1 7 2
8
2 2 1 2 1 1 2 1
10
7 1 3 1 7 7 5 6 6 7
1
2
7
1 7 4 6 6 4 1
4
2 2 4 1
5
1 1 1 1 1
1
1
3
7 8 1
7
3 4 1 1 3 4 3
3
2 2 1
5
2 4 4 3 4
1
1
2
3 7
10
1 4 6 4 6 6 3 5 1 2
3
2 5 1
4
1 4 1 8
4
2 2 2 1
5
7 4 1 2 1
3
3 3 1
1
5
3
4 4 4
7
3 3 2 1 1 3 3
2
2 1
7
5 2 5 2 4 1 3
10
1 2 2 1 2 2 1 1 1 2
8
1 1 1 1 1 1 1 1
1
6
2
6 5
8
8 5 3 10 9 5 2 3
2
2 2
1
2
8
1 1 1 4 2 1 6 1
1
6
4
1 1 1 2
7
3 2 7 7 2 2 2
4
1 2 3 3
4
7 6 4 9
10
3 5 8 4 6 2 8 3 3 1
6
5 4 4 3 2 4
4
4 2 4 2
9
3 1 3 3 4 2 4 2 1
10
7 6 5 6 10 5 10 3 1 5
10
3 1 4 4 4 4 2 4 3 4
3
2 9 9
8
9 4 3 10 1 5 2 1
6
1 6 6 4 3 1
8
3 1 2 3 4 2 3 4
5
5 1 6 3 7
5
4 3 4 2 1
3
6 1 9
3
2 2 2
10
3 5 4 7 6 1 1 4 4 1
1
4
3
1 1 1
5
2 6 2 4 4
3
9 8 9
5
3 3 1 1 1
4
1 2 1 2
7
4 4 6 7 3 5 4
8
7 3 4 5 1 6 3 2
4
1 1 2 1
3
6 5 5
8
6 3 2 2 1 1 2 6
7
8 5 1 1 7 1 6
6
4 1 3 6 3 8
4
2 7 4 2
5
5 9 2 4 7
8
7 6 8 5 8 5 8 5
5
1 4 2 4 1
4
8 6 6 4
5
5 6 1 2 1
3
1 2 2
2
2 1
2
1 2
8
2 3 3 6 6 2 4 4
9
1 1 1 1 1 1 1 1 1
7
2 5 6 8 7 8 5
5
8 7 8 5 2
10
3 2 1 2 1 3 2 2 3 2
10
7 1 2 4 5 2 2 5 7 2
9
1 3 4 4 1 2 1 1 1
10
4 9 3 3 5 2 7 1 1 9
6
3 5 6 2 4 6
2
1 1
2
2 1
6
1 2 2 1 4 6
7
4 8 2 9 9 10 8
7
7 6 2 6 5 3 5
7
1 2 2 1 1 3 2
3
7 1 7
8
1 2 1 1 2 1 2 1
5
5 5 4 3 2
9
1 3 3 2 2 3 3 2 3
2
3 1
4
2 2 1 1
5
4 4 4 2 5
9
1 1 2 2 2 2 1 2 1
4
1 1 3 1
1
1
7
3 3 4 6 5 1 5
3
7 2 4
9
4 3 3 1 4 1 4 1 1
6
4 2 2 3 4 3
10
1 1 1 1 1 1 1 1 1 1
9
4 1 1 3 1 1 2 2 3
4
7 2 5 3
7
7 7 2 5 8 1 8
5
1 1 1 1 1
2
1 1
6
1 1 2 1 2 2
7
3 5 5 4 6 3 6
9
2 5 4 5 4 4 1 1 1
3
1 4 1
8
2 5 1 5 2 4 2 5
3
5 10 4
3
8 6 8
9
4 5 1 2 2 1 3 4 4
8
1 5 1 5 3 5 2 2
10
5 6 3 3 1 3 5 1 3 3
5
2 1 2 1 1
3
2 3 2
5
6 3 1 7 8
6
7 5 7 7 7 6
8
2 1 3 2 1 1 2 2
2
2 1
1
5
2
5 5
4
6 3 1 1
1
6
7
4 3 7 6 5 7 2
1
2
6
1 2 2 1 2 1
2
2 2
4
6 1 2 2
3
2 3 1
1
1
5
2 2 2 2 1
8
3 3 3 2 3 2 4 3
9
1 1 1 1 1 1 1 1 1
10
5 2 3 7 5 4 6 7 7 3
1
3
10
1 1 1 1 1 1 1 1 1 1
3
2 4 4
10
5 6 2 8 6 3 6 7 8 1
4
10 10 4 3
4
1 5 3 1
1
4
1
3
10
2 2 1 2 2 1 1 1 1 2
2
1 6
4
1 1 1 1
8
4 4 1 6 2 4 1 1
2
1 1
10
2 1 1 1 1 1 2 1 2 1
2
3 1
5
4 1 2 2 2
6
5 4 6 2 1 1
2
5 5
10
1 3 3 4 1 4 3 3 4 2
8
8 8 8 3 7 8 5 8
1
1
2
5 5
10
8 4 7 3 6 1 3 3 3 2
8
6 6 6 4 6 3 3 6
7
1 2 3 1 3 2 2
4
7 5 4 6
2
7 6
1
6
10
5 6 2 1 4 3 6 2 5 2
7
2 2 1 2 2 1 2
8
7 2 3 3 9 7 8 6
10
2 2 4 1 1 1 5 5 2 4
1
2
7
8 2 8 6 4 6 2
6
3 1 6 3 3 7
6
3 3 1 2 2 1
3
1 3 1
6
3 9 2 4 6 2
8
1 1 1 1 1 1 1 1
2
1 2
6
1 1 1 1 1 1
3
6 5 2
2
3 4
3
2 2 2
6
1 1 3 1 3 1
9
1 1 1 1 4 3 1 2 4
10
9 9 3 1 4 9 5 9 4 2
5
3 1 6 6 6
4
6 5 3 3
10
2 1 1 1 2 1 1 2 2 2
4
1 1 1 1
1
3
7
4 4 2 2 3 4 2
9
5 2 5 4 6 1 7 4 1
6
2 1 2 1 1 2
6
4 4 4 2 3 5
3
3 7 3
6
6 7 3 4 7 5
2
2 2
5
4 5 4 2 5
6
3 8 8 5 4 1
9
2 1 1 2 2 2 1 2 1
8
4 1 1 5 1 3 2 2
7
1 2 1 2 2 2 1
9
2 1 1 1 2 3 1 1 3
8
3 3 3 2 1 3 2 2
6
1 1 1 1 1 1
8
4 1 3 2 2 3 3 2
7
2 1 3 3 3 3 3
7
4 4 3 2 1 3 5
5
2 2 1 1 1
7
1 1 1 1 1 1 1
3
1 4 4
4
2 6 3 4
2
3 2
4
4 2 5 3
7
3 3 5 1 4 5 1
10
1 1 1 1 1 1 1 1 1 1
7
2 4 2 2 3 2 2
10
1 1 3 2 2 1 3 3 3 1
3
1 2 2
2
1 6
1
2
5
5 4 2 3 2
2
1 2
4
1 8 1 9
9
3 3 3 3 3 2 1 3 1
6
3 1 3 3 3 2
3
4 5 1
6
7 5 8 7 8 4
4
1 1 1 1
2
2 4
3
1 1 1
5
3 2 4 3 5
6
1 1 3 2 2 1
6
1 2 3 1 2 2
8
6 10 8 2 4 8 3 8
7
2 2 2 1 1 2 1
6
2 2 2 5 4 4
4
2 8 3 6
1
5
3
2 2 2
2
5 3
8
6 6 7 1 6 7 2 1
5
2 3 4 2 5
2
3 1
6
2 6 5 5 4 6
5
4 7 1 2 6
4
1 2 1 2
8
1 3 1 3 1 2 2 3
3
3 1 3
1
1
2
1 1
4
2 1 1 2
7
2 1 2 1 1 2 2
3
3 3 3
10
4 9 4 7 3 5 8 5 6 3
8
1 2 1 1 1 2 1 2
4
6 4 2 2
1
7
7
2 1 3 2 1 1 4
5
6 7 5 8 8
8
2 1 3 4 2 4 4 3
4
1 1 2 2
4
2 2 3 1
4
3 7 1 4
9
1 1 1 1 1 1 1 1 1
7
2 2 3 2 3 3 1
9
1 4 2 4 2 1 3 4 1
5
4 2 3 7 7
4
7 4 7 5
5
2 2 3 3 3
2
5 5
10
1 2 1 1 2 1 2 2 2 1
8
3 4 9 9 6 1 5 2
9
3 2 3 3 2 1 3 3 2
4
1 1 1 1
4
6 4 5 2
7
4 4 4 1 3 2 4
2
3 1
8
4 3 3 3 3 4 4 2
2
2 4
5
4 2 4 4 6
7
2 2 4 7 5 4 3
2
2 6
6
1 1 2 3 1 1
5
4 1 4 3 3
2
1 3
10
1 1 1 2 2 1 1 2 2 2
7
1 1 2 2 1 1 2
10
7 2 3 1 7 1 3 6 2 7
10
1 1 1 1 1 1 1 1 1 1
9
2 6 6 6 7 1 3 5 1
4
1 1 2 3
7
1 1 3 3 2 2 1
5
5 8 3 3 1
2
1 2
5
4 7 2 7 7
5
2 1 3 1 3
9
2 1 1 1 1 1 1 1 2
8
1 3 2 4 1 1 5 4
1
1
7
3 7 7 5 4 7 3
3
2 8 9
8
7 5 2 1 1 9 8 6
4
3 4 4 2
8
5 1 2 7 5 8 6 6
6
9 7 10 2 7 2
5
4 7 3 4 7
5
3 1 2 3 2
6
2 6 2 4 7 5
3
4 1 1
1
1
10
2 1 1 1 1 2 2 1 1 1
3
1 1 1
5
4 5 1 6 4
6
2 2 2 2 3 2
2
1 3
10
8 3 4 6 5 6 5 7 7 2
7
1 1 1 1 1 1 1
4
3 6 5 6
3
3 1 2
2
9 5
6
6 3 4 2 1 3
9
7 7 6 2 5 6 4 5 7
9
5 1 5 5 5 3 4 4 5
8
3 4 5 5 2 4 5 3
7
5 9 4 7 7 4 3
1
6
6
1 10 5 7 4 5
1
2
5
1 4 4 1 2
6
6 7 4 4 7 4
9
1 1 1 1 3 2 3 2 2
2
2 3
2
1 1
7
1 2 5 3 2 4 2
9
3 5 1 5 5 2 3 2 5
9
2 2 1 1 2 3 1 4 5
7
4 3 3 2 4 2 1
6
3 2 1 2 1 1
9
2 2 2 3 1 1 3 2 3
5
3 6 5 5 4
6
2 1 5 3 5 4
2
3 2
5
5 3 2 1 5
7
9 7 7 9 6 7 9
3
2 3 1
5
5 1 2 3 2
9
2 1 5 1 3 5 1 9 2
9
8 4 8 5 7 7 6 5 4
6
3 1 5 1 5 4
8
1 1 1 1 1 1 1 1
2
3 4
4
1 1 1 1
5
6 3 1 1 5
6
8 7 5 9 6 3
8
3 8 9 1 3 4 1 6
5
2 5 7 5 1
10
1 1 1 3 3 4 3 2 4 1
2
2 2
6
4 7 2 5 2 1
8
7 5 2 3 2 1 5 7
3
5 5 6
10
1 3 1 1 2 3 2 1 4 2
6
8 3 5 6 6 6
2
4 4
2
2 1
7
1 1 1 1 1 1 1
5
2 3 1 4 3
10
6 7 1 1 6 8 6 4 5 6
6
7 4 9 8 8 2
6
1 1 2 1 2 2
5
2 3 3 1 1
10
2 1 3 10 9 3 5 3 5 4
5
3 5 4 5 2
10
7 6 5 3 3 9 5 8 10 4
9
2 2 1 2 2 2 1 2 2
3
3 4 2
8
5 8 5 3 4 7 8 3
5
5 5 5 5 3
7
1 8 6 5 2 7 8
2
1 1
4
7 7 8 6
10
1 1 1 1 1 1 1 1 1 1
8
3 9 1 1 5 1 6 2
10
2 2 3 1 4 2 4 3 1 3
4
3 6 6 3
6
1 2 2 2 2 1
3
1 1 1
3
8 6 5
2
2 1
5
1 4 4 4 4
1
1
2
2 2
6
2 5 8 1 8 1
1
2
7
6 1 4 7 4 4 6
8
6 5 4 6 6 6 1 6
9
1 1 1 1 1 1 1 1 1
5
1 3 2 2 1
8
5 4 3 8 3 4 1 4
3
3 4 6
3
5 3 6
6
5 9 3 6 7 5
8
3 3 1 3 5 4 1 3
6
4 3 2 10 5 8
6
7 5 5 5 7 1
1
3
7
5 2 7 6 6 3 4
9
10 3 10 7 10 5 5 7 8
9
3 4 7 5 4 9 3 4 8
10
4 2 5 2 5 6 4 6 5 1
1
6
6
8 9 10 1 7 4
7
2 5 2 3 8 7 4
2
1 1
5
1 1 1 3 3
10
1 1 2 1 1 2 2 1 1 2
10
2 2 2 1 3 2 2 1 3 3
9
2 2 5 5 4 5 1 7 5
5
3 2 4 3 3
1
2
3
6 1 8
3
2 1 2
7
4 3 4 3 3 2 4
4
1 1 1 1
10
1 1 1 1 1 1 1 1 1 1
3
1 1 1
5
2 3 3 1 2
5
5 2 6 5 2
1
7
9
3 2 2 3 1 4 4 2 3
5
2 1 2 1 2
7
1 3 1 6 7 6 5
8
3 2 3 2 2 3 3 3
3
5 4 1
7
3 1 6 3 1 8 3
2
3 2
6
2 2 4 2 1 3
8
2 5 8 6 8 3 2 2
9
3 7 7 1 5 7 3 6 6
2
2 1
7
2 7 2 3 3 1 8
9
3 2 3 1 3 1 3 2 1
8
3 1 3 3 1 3 3 3
7
5 8 7 5 7 1 8
2
9 9
8
1 4 2 3 4 2 4 2
2
5 6
6
1 1 1 1 1 1
10
1 2 4 4 3 3 2 1 2 2
7
6 2 3 5 1 3 4
4
2 2 2 2
3
5 4 2
5
1 7 1 6 8
5
1 3 1 5 1
7
1 1 1 2 2 2 2
2
1 1
3
8 7 1
10
2 2 2 1 1 2 1 1 2 2
6
1 2 1 2 1 1
1
5
7
2 1 2 1 3 3 2
2
1 1
9
1 1 1 1 1 1 1 1 1
5
1 1 1 1 1
10
1 1 1 1 1 1 1 1 1 1
3
2 2 2
6
1 1 1 1 1 1
8
4 8 2 6 9 4 3 9
4
4 1 3 3
4
5 3 6 6
7
2 2 2 2 2 3 3
6
1 1 1 1 1 1
5
1 1 1 2 2
10
1 2 5 4 1 5 2 3 4 4
10
2 7 3 6 2 1 8 8 5 8
9
3 2 2 3 1 3 3 2 3
1
1
9
2 5 8 4 1 3 5 1 8
7
5 2 6 9 8 1 9
3
7 7 5
10
1 1 1 1 1 1 1 1 1 1
9
4 6 1 6 2 3 4 2 5
8
4 4 1 7 1 2 7 5
3
1 3 3
8
1 4 3 4 4 4 5 5
2
1 3
9
4 5 4 2 5 1 3 4 1
8
1 1 1 1 1 1 1 1
5
7 6 5 1 9
3
1 1 1
4
1 1 1 1
7
2 5 6 4 1 6 3
1
2
2
9 8
5
4 2 4 2 3
9
4 3 7 1 10 9 10 2 1
6
6 5 3 8 1 7
4
7 7 5 3
2
1 5
7
3 2 3 1 1 4 2
4
2 7 5 4
5
1 2 2 3 1
9
3 1 3 2 2 1 2 3 2
7
6 9 5 9 4 3 2
8
9 7 8 9 2 5 7 1
4
3 1 3 1
2
2 4
7
5 4 8 8 4 3 8
3
5 8 2
3
1 2 2
2
2 3
2
6 4
4
5 3 2 6
8
1 2 2 2 1 2 1 1
9
4 3 6 3 8 6 7 1 4
7
5 3 2 4 2 2 2
8
2 7 1 9 4 2 3 4
9
6 4 6 4 2 6 7 5 7
3
1 1 1
5
2 1 1 3 1
9
1 1 1 1 1 1 1 1 1
4
1 2 1 2
6
3 1 2 1 1 2
8
3 1 5 9 5 7 7 5
10
2 2 1 1 1 1 1 2 1 2
7
3 6 9 4 2 7 1
6
3 4 1 1 2 2
7
4 2 5 2 2 2 1
6
1 7 3 7 5 3
6
1 5 9 6 1 7
7
4 1 3 1 3 1 3
9
8 8 2 5 7 7 5 5 5
2
7 5
9
5 3 2 1 6 7 7 2 5
10
1 1 1 2 2 2 4 1 6 6
6
2 2 1 1 1 1
8
2 7 4 7 1 4 2 7
3
2 1 3
5
1 4 1 4 3
9
9 4 2 6 6 2 7 4 3
10
1 1 1 1 1 1 1 1 1 1
3
1 1 1
4
8 5 7 3
6
3 3 2 1 3 2
8
3 3 1 1 2 1 1 2
2
3 4
9
3 2 8 5 2 1 1 4 9
2
4 3
5
3 3 1 2 2
1
2
3
1 1 1
3
2 1 3
4
1 1 1 1
2
1 3
1
3
7
3 1 2 1 1 3 1
8
3 2 2 3 1 1 2 4
7
3 5 10 5 8 2 8
4
3 1 2 4
4
1 1 3 3
9
3 2 4 6 7 7 2 8 6
7
10 7 3 6 2 1 6
3
9 3 2
5
4 4 3 3 1
8
3 7 3 4 6 5 2 7
2
3 2
3
5 3 4
9
2 4 5 4 3 5 4 4 4
2
1 1
9
6 8 2 1 2 3 2 3 6
3
6 6 7
2
3 3
3
1 1 2
3
3 1 3
6
6 2 2 4 1 1
6
6 10 2 1 3 7
10
1 4 1 1 2 3 3 3 1 5
10
1 1 1 1 1 1 1 1 1 1
7
6 6 5 3 3 5 2
4
1 3 3 7
9
2 6 3 8 6 2 2 8 7
2
2 4
6
5 6 3 7 4 2
6
4 3 4 3 3 3
2
2 1
1
6
1
4
4
2 8 8 9
1
9
1
1
5
2 3 4 2 1
1
3
6
4 2 5 4 4 4
5
4 2 3 2 4
7
6 3 5 3 4 2 7
5
6 4 5 2 3
4
3 4 1 3
10
6 5 3 4 2 4 7 4 9 7
6
1 1 1 1 1 1
10
1 7 2 7 5 2 5 1 8 1
9
5 3 6 1 5 2 8 7 5
7
2 2 2 1 2 2 1
7
1 1 1 1 1 1 1
5
1 1 1 1 2
5
6 7 3 8 7
1
1
8
1 1 1 1 1 1 1 1
2
5 5
5
10 10 1 3 2
4
1 7 4 1
9
8 2 2 4 7 7 5 1 6
9
2 4 4 4 2 1 4 4 3
6
1 5 1 4 4 4
6
1 4 2 4 5 4
10
3 3 3 2 2 4 2 1 4 4
5
2 5 6 4 4
4
1 5 2 4
10
1 3 7 3 8 7 2 4 4 3
2
2 1
7
3 5 6 4 2 1 2
10
7 2 7 2 2 3 5 2 1 5
6
4 2 4 1 4 2
3
1 1 1
2
1 2
4
3 3 3 1
10
1 3 2 4 2 7 2 4 1 3
9
4 3 2 5 1 3 3 3 1
3
7 8 6
1
4
9
2 5 5 2 4 2 6 6 2
6
4 2 4 3 2 4
2
2 1
5
5 2 4 3 2
8
7 6 3 7 1 1 4 4
10
6 4 9 6 2 7 1 4 4 3
5
8 8 1 8 4
1
1
4
2 3 2 2
7
2 1 3 3 2 1 3
10
7 9 3 5 1 9 7 4 7 3
3
2 2 2
9
7 8 3 8 1 10 4 9 3
5
5 1 4 1 7
4
9 9 2 3
9
2 1 2 4 1 3 2 2 3
5
1 2 4 4 8
2
5 7
10
3 6 3 4 4 3 1 3 2 6
7
4 4 3 3 3 2 2
9
2 1 4 3 4 1 3 1 2
5
4 4 2 4 4
9
2 3 3 4 1 1 1 3 3
7
2 1 5 5 3 4 1
2
2 2
1
1
5
2 5 1 4 3
1
1
3
5 2 2
5
2 2 1 1 1
5
1 5 4 2 4
2
5 2
10
1 3 2 1 1 4 4 3 3 2
1
6
10
1 1 1 1 1 1 1 1 1 1
5
1 4 6 6 4
7
2 3 4 3 3 1 5
9
1 1 1 1 1 1 1 1 1
8
2 6 3 2 3 6 2 3
6
7 3 1 4 6 6
8
8 4 5 4 9 4 8 2
7
5 1 3 5 8 8 6
1
1
10
1 2 1 2 2 2 1 2 2 1
4
5 9 9 7
3
1 1 1
3
2 2 1
8
3 3 3 2 1 3 2 1
4
2 1 2 2
6
4 7 2 7 8 4
7
1 1 1 1 1 1 1
1
2
10
1 1 1 1 1 1 1 1 1 1
2
1 2
5
1 2 6 4 4
5
1 1 2 1 2
7
3 1 3 6 6 4 8
9
3 4 3 4 5 1 4 5 2
3
1 1 1
3
9 8 2
8
8 6 7 5 3 4 3 8
1
2
3
4 2 1
1
3
9
4 4 9 3 1 2 6 1 8
8
5 3 1 8 1 4 4 1
2
5 1
5
1 1 1 1 1
4
3 2 3 3
8
1 2 2 2 1 2 2 1
4
2 3 5 2
4
1 9 6 3
6
4 8 6 7 6 4
9
1 3 1 2 3 3 2 1 3
9
3 3 5 5 4 5 4 4 3
3
10 4 10
2
3 1
6
1 1 1 1 1 1
3
1 3 2
9
4 4 3 5 6 2 5 5 2
4
5 9 4 2
10
8 8 1 3 6 9 6 6 2 6
3
2 2 2
4
9 5 9 6
6
1 1 4 3 2 4
3
5 5 5
7
3 1 4 1 1 5 2
7
3 4 4 1 4 1 2
3
4 1 3
5
7 5 2 6 2
2
2 2
5
1 1 1 1 1
10
2 7 6 4 10 10 6 9 7 1
1
4
9
5 1 2 3 1 1 1 4 5
5
2 2 3 2 1
3
1 1 1
4
1 1 1 1
1
1
7
9 2 1 1 9 1 4
8
6 2 6 2 3 1 1 6
3
4 2 4
6
1 1 1 1 1 1
4
8 7 6 7
6
5 8 4 2 8 7
7
1 7 4 7 7 10 10
10
1 2 3 1 5 2 2 5 5 1
7
1 1 1 1 1 1 1
8
1 3 2 4 2 6 4 5
4
8 2 4 5
1
5
4
5 1 4 4
5
1 2 1 1 1
6
1 1 2 2 2 1
5
1 2 2 1 2
7
1 1 1 1 1 1 1
10
7 2 2 5 5 5 2 4 2 1
5
5 1 4 3 2
9
1 1 3 2 3 1 3 2 3
4
1 3 7 2
5
2 6 10 7 2
5
8 5 9 6 4
7
2 2 1 2 2 2 2
4
1 1 4 5
1
1
8
2 2 1 1 1 1 2 2
1
4
5
7 1 2 3 6
7
1 1 1 1 1 1 1
2
5 6
9
1 7 5 7 1 7 6 6 3
10
2 1 2 3 1 1 1 2 3 3
4
1 2 2 1
3
5 6 8
2
1 3
3
5 7 6
3
2 3 2
10
1 1 1 1 1 1 1 1 1 1
1
3
6
2 3 3 2 3 2
4
7 8 3 7
1
5
3
6 1 5
1
1
9
2 2 2 1 1 2 1 2 2
9
3 5 6 5 5 8 5 6 2
10
1 1 1 1 1 1 1 1 1 1
1
1
3
1 3 1
10
3 7 1 8 1 1 6 2 5 3
7
2 3 3 1 1 1 2
6
3 6 3 5 5 8
10
1 1 1 1 1 1 1 1 1 1
9
5 7 8 3 3 7 4 4 8
2
4 1
8
1 1 1 1 1 1 1 1
1
2
2
4 7
7
5 2 1 3 3 3 5
7
5 4 4 9 3 4 8
3
10 10 6
10
5 9 4 9 8 6 7 2 5 1
7
3 4 4 1 1 1 3
7
4 1 2 6 6 3 2
1
2
6
1 1 1 1 1 1
7
2 2 2 2 1 2 2
8
3 1 3 3 2 4 1 2
4
5 4 5 3
2
8 3
3
1 1 1
5
2 1 1 2 1
2
4 4
6
7 1 2 5 2 8
4
3 3 1 1
6
3 1 3 1 5 4
2
1 9
9
7 8 5 9 3 4 8 7 1
4
4 1 3 5
5
1 3 2 1 3
4
4 3 2 2
10
9 2 4 9 1 3 3 8 6 2
6
4 8 8 8 9 3
8
9 5 9 4 5 8 3 1
7
7 8 7 1 10 4 7
5
1 2 1 1 1
4
2 3 3 3
9
7 3 4 2 2 8 1 5 4
4
3 5 5 4
6
3 10 7 10 4 9
3
4 4 2
7
4 7 9 10 1 6 8
1
1
6
1 1 1 1 1 1
4
1 2 1 1
7
5 5 3 3 1 4 5
1
4
1
7
7
2 4 6 5 6 4 4
1
6
2
3 4
5
1 5 5 1 4
4
3 3 5 4
5
1 1 1 1 1
8
3 5 2 1 6 5 6 1
7
1 5 7 1 7 6 5
10
4 4 3 4 5 6 6 2 3 6
3
2 1 3
1
2
3
5 9 4
8
1 3 3 1 1 1 3 2
2
7 1
9
3 2 2 7 6 6 8 5 1
5
2 3 1 3 3
3
8 5 2
8
2 5 3 3 5 2 6 1
9
2 2 6 6 1 2 1 6 5
10
1 2 3 1 1 4 2 4 2 4
2
6 7
3
1 2 2
8
2 1 2 2 2 1 1 2
8
2 1 1 1 3 2 3 1
3
3 5 5
4
10 4 2 1
6
5 2 7 7 1 3
7
3 7 4 7 2 3 4
5
2 2 1 1 1
4
2 2 2 2
1
2
8
6 2 5 3 5 4 3 7
10
1 1 1 1 1 1 1 1 1 1
4
3 6 2 6
1
3
10
2 2 5 4 2 2 5 3 5 4
5
2 1 5 4 3
4
3 4 1 1
6
2 2 7 7 7 6
2
1 5
9
1 6 4 1 5 6 1 3 3
2
8 3
6
2 3 3 1 3 2
9
3 4 4 1 1 2 2 2 2
4
3 3 3 2
4
5 1 1 2
8
5 2 2 3 1 3 2 4
4
4 3 3 1
5
2 2 3 3 3
8
3 3 2 2 4 3 1 3
4
3 3 3 2
3
2 2 3
5
7 3 6 3 5
1
1
8
10 1 4 1 5 8 4 1
4
1 1 1 1
4
2 2 2 3
3
1 1 3
5
7 2 10 8 7
9
3 3 2 2 3 1 3 2 2
7
2 1 7 5 9 7 6
6
1 1 1 1 2 1
4
10 6 6 2
3
4 3 5
6
6 4 5 2 6 5
10
1 2 2 1 1 3 2 2 4 1
8
1 1 1 1 1 1 1 1
8
3 3 7 3 7 2 8 4
4
1 6 3 4
5
3 5 3 4 2
10
1 2 2 2 3 4 1 1 3 3
8
5 1 6 6 6 6 1 6
6
2 4 2 3 4 6
3
1 5 5
7
1 2 2 1 1 1 1
4
1 1 1 1
6
4 5 1 2 4 2
3
3 2 1
10
5 6 5 3 1 2 1 5 5 2
5
3 4 4 3 1
8
3 4 6 1 7 7 4 6
8
9 3 7 4 2 5 8 4
8
1 1 1 1 1 1 1 1
1
2
8
6 7 5 5 2 5 3 1
10
6 6 6 5 6 7 5 7 4 5
7
8 5 7 6 7 3 3
8
3 4 9 5 5 3 3 4
6
2 2 2 1 2 1
6
4 1 3 6 4 5
10
1 1 1 1 1 1 1 1 1 1
7
1 3 2 1 3 3 4
2
4 2
2
1 4
5
2 7 6 5 5
8
9 3 8 7 4 4 3 9
8
3 1 4 4 4 2 3 2
9
3 4 4 1 5 5 5 4 2
8
6 2 6 2 7 1 6 2
5
3 2 1 2 1
8
3 3 3 2 2 1 2 1
2
1 1
6
4 1 6 3 4 4
2
6 8
1
5
9
3 3 6 1 4 3 2 5 2
9
2 1 1 1 2 1 2 1 2
4
9 7 4 1
9
5 6 5 3 6 7 2 5 8
3
9 7 9
7
5 2 5 4 3 6 2
6
2 2 3 1 1 1
9
2 3 2 3 1 1 2 2 2
2
4 6
5
1 5 6 5 6
4
1 1 1 1
5
2 3 3 1 1
5
3 5 4 3 4
4
3 2 7 7
7
3 1 1 4 2 1 1
7
3 6 6 6 7 5 6
3
1 1 1
4
6 2 5 6
6
4 2 4 5 4 6
3
1 2 2
2
2 2
1
4
2
3 5
9
2 5 10 7 8 5 4 3 7
8
1 2 2 4 3 5 3 4
4
1 1 1 3
2
1 1
3
6 6 4
4
1 2 2 1
3
9 4 9
2
7 1
4
2 2 4 6
10
1 2 2 2 3 3 1 1 1 1
8
2 1 2 2 1 1 1 1
10
3 3 5 5 4 2 4 2 5 2
5
7 4 4 2 2
7
1 1 2 4 3 4 4
7
2 1 5 4 3 1 3
2
3 6
6
2 2 6 5 7 7
5
3 4 7 2 7
10
1 2 1 1 6 3 4 5 2 4
8
1 1 2 2 3 5 2 4
1
2
10
1 1 7 1 8 4 1 5 6 1
6
2 2 2 1 1 1
8
1 6 4 6 6 1 6 5
7
4 2 4 3 3 4 1
2
1 1
2
9 8
7
5 1 4 4 6 2 2
1
6
9
3 5 2 5 1 2 1 4 3
4
2 3 2 5
7
3 3 3 2 1 2 3
9
2 8 1 2 6 4 8 3 3
1
2
2
2 6
10
2 1 2 2 2 2 2 1 1 2
4
3 2 1 2
10
4 6 3 3 1 4 2 4 1 5
6
1 1 1 1 1 1
10
6 5 2 5 6 3 4 3 6 5
9
3 7 7 2 6 5 1 8 2
4
2 1 5 2
6
1 1 1 1 1 1
1
1
9
9 4 2 4 3 4 6 1 2
4
1 1 1 1
2
7 6
6
5 3 4 1 3 1
9
7 6 2 7 1 3 4 6 3
6
7 6 1 8 3 6
1
1
4
1 1 1 1
2
4 6
8
7 6 7 3 5 7 1 2
1
6
10
1 1 1 1 1 1 1 1 1 1
4
1 2 1 2
9
3 1 4 2 1 1 2 2 1
4
2 4 4 5
7
1 1 1 1 1 1 1
5
5 4 6 5 1
3
5 4 3
6
1 3 1 2 3 3
8
3 3 2 3 3 3 2 2
6
6 6 4 4 5 5
5
1 1 1 1 1
4
3 2 1 4
10
2 1 2 2 1 2 1 2 1 2
5
1 1 1 1 1
6
2 2 3 1 1 2
2
4 1
7
5 3 8 1 7 1 8
3
4 5 1
8
3 6 2 6 7 2 8 5
5
1 2 4 2 3
1
1
2
5 4
4
2 6 4 4
8
1 1 3 10 1 8 5 1
10
1 10 3 1 1 8 7 4 7 6
1
1
10
2 1 4 2 3 4 3 3 3 1
4
4 6 4 7
8
3 5 2 8 4 5 7 3
6
8 7 5 5 1 1
7
8 7 3 4 5 9 1
8
9 1 8 3 7 1 4 4
9
1 1 1 1 1 1 1 1 1
4
2 1 2 1
9
2 5 2 3 5 1 1 5 5
3
2 8 3
2
3 4
1
5
4
6 3 6 5
7
6 9 1 2 5 6 7
10
7 5 4 1 8 8 8 8 7 10
6
5 9 2 3 3 4
6
1 1 1 1 1 1
7
7 4 4 1 3 3 6
7
6 5 6 2 5 1 1
9
4 4 7 6 6 5 7 5 7
4
5 3 4 6
6
1 3 3 1 1 3
6
9 8 6 2 1 6
1
3
2
6 3
2
1 1
5
4 7 3 9 4
1
8
1
8
3
4 6 5
6
5 1 6 8 3 5
2
7 6
1
3
5
1 2 1 2 1
2
1 4
1
4
4
5 2 4 4
2
1 7
3
6 5 2
8
2 3 3 4 4 8 8 2
6
3 3 4 4 3 2
5
1 2 2 1 2
3
4 5 2
5
1 9 2 6 3
9
8 6 7 7 4 4 7 4 6
9
1 2 1 2 1 2 3 2 1
10
1 6 7 8 7 2 2 6 8 8
3
5 4 3
5
3 2 2 1 2
6
2 1 2 1 1 1
9
1 1 2 2 1 1 1 1 1
10
4 4 5 6 4 3 5 5 1 5
9
2 2 1 1 1 1 1 2 2
4
1 10 1 2
8
6 6 3 5 2 3 2 4
5
2 1 1 2 1
8
8 5 8 7 8 10 7 8
9
4 4 1 3 2 4 3 3 3
8
7 7 8 6 5 8 5 8
3
4 4 4
7
2 2 2 1 2 2 2
10
6 1 3 3 5 3 6 2 6 2
9
4 5 4 5 3 1 1 4 1
9
2 4 2 1 5 1 5 2 1
4
6 4 1 4
3
2 1 6
2
7 6
3
6 3 5
8
5 1 9 3 4 8 1 1
6
2 1 1 2 2 1
10
5 5 5 4 5 6 4 5 6 2
4
5 4 3 1
9
3 2 4 3 2 4 1 2 1
1
6
9
4 7 1 2 6 4 6 6 2
3
1 2 2
5
7 1 2 5 10
8
3 6 5 2 1 5 4 9
7
4 3 1 7 2 6 8
10
1 1 2 1 2 1 2 2 1 1
2
6 4
10
2 1 3 4 4 4 5 4 4 5
6
4 8 2 4 1 4
6
9 9 3 10 2 8
9
1 6 7 5 8 2 7 3 1
4
1 9 1 1
2
5 5
5
4 5 4 4 5
7
6 2 1 3 2 6 2
8
1 1 1 1 1 1 1 1
7
9 9 4 3 4 6 5
10
2 2 2 2 2 2 2 1 2 1
2
3 4
6
1 8 4 4 2 1
5
5 7 3 6 2
2
2 2
8
1 1 1 1 1 1 1 1
1
1
9
3 1 2 3 2 3 3 3 3
2
8 3
6
2 4 5 5 4 1
4
4 2 2 2
6
1 1 1 1 1 1
10
2 1 2 1 1 1 2 2 1 1
1
1
10
1 1 2 2 2 1 1 2 1 1
4
2 3 3 2
3
6 1 8
7
9 4 3 2 8 5 5
10
2 8 9 10 9 8 3 2 9 3
5
4 2 4 4 4
10
3 8 7 5 4 9 7 2 7 6
10
2 8 7 2 6 7 2 7 3 7
5
2 1 2 2 2
7
1 3 6 4 2 4 6
5
1 1 2 1 2
4
3 8 3 8
8
2 3 3 3 2 4 1 3
8
3 1 1 4 4 3 4 1
6
1 1 2 4 4 1
8
1 1 1 1 1 1 1 1
6
2 2 2 1 1 1
9
2 6 2 7 6 1 2 2 6
8
5 2 6 7 7 4 4 3
6
1 1 1 1 1 1
6
1 7 6 5 7 2
3
1 3 2
5
7 6 7 5 4
3
9 4 9
2
1 1
9
2 1 2 2 1 2 2 2 2
3
2 1 2
4
3 1 4 2
5
2 1 1 2 2
1
1
8
1 1 1 1 1 1 1 1
10
3 2 4 2 1 3 4 1 2 2
5
3 6 1 7 7
5
1 1 1 1 1
6
4 7 7 6 1 6
8
2 4 1 1 4 4 2 3
10
1 2 2 3 2 2 3 2 1 3
5
3 4 3 4 1
1
5
9
3 7 2 4 2 3 5 1 7
7
2 1 1 1 2 2 1
1
1
10
3 2 1 1 3 3 2 1 1 3
5
2 1 1 8 8
6
1 1 1 1 1 1
5
7 5 3 3 6
8
1 2 1 2 2 1 2 1
4
1 7 6 4
10
2 3 2 1 2 3 3 3 2 2
8
10 9 6 9 6 10 9 3
8
4 3 1 3 3 3 5 5
4
1 5 2 3
7
3 2 1 1 4 2 4
1
3
3
3 10 6
2
2 4
4
6 4 7 6
6
4 2 4 5 3 2
9
1 2 2 1 1 2 2 2 1
9
5 2 3 3 7 4 3 2 2
10
4 2 5 4 5 6 6 3 7 6
3
7 5 9
7
3 1 3 4 4 4 2
1
2
2
1 6
4
1 1 1 1
1
1
4
4 4 6 4
7
4 2 4 3 1 4 1
10
1 1 1 1 1 1 1 1 1 1
10
4 5 1 3 2 2 2 4 1 4
10
1 1 1 1 1 1 1 1 1 1
6
7 1 4 7 5 6
6
8 1 3 4 6 2
2
1 1
5
7 7 3 7 8
4
2 5 1 4
3
1 3 6
3
5 2 5
10
8 4 9 4 10 3 7 8 10 2
5
1 1 3 1 3
9
6 1 7 7 7 5 1 4 4
6
2 1 1 2 1 1
8
3 4 2 7 1 2 1 3
1
2
3
3 3 1
8
2 8 9 2 9 7 9 4
8
4 2 4 5 3 4 5 1
4
1 2 1 2
3
2 2 1
4
3 5 4 6
7
2 1 1 1 2 1 2
2
4 4
2
3 2
1
1
2
3 2
3
5 2 6
8
4 6 1 6 6 2 2 3
10
2 3 3 2 1 1 3 3 1 2
7
5 8 9 7 7 2 2
2
5 8
6
2 8 2 2 8 5
4
2 1 3 4
2
8 1
10
2 1 2 2 1 2 1 2 1 1
8
8 5 4 5 1 9 7 3
2
2 5
2
1 1
10
3 10 1 9 1 10 1 7 10 8
7
3 2 1 1 1 1 2
10
1 1 1 1 1 1 1 1 1 1
3
1 1 1
8
7 9 6 1 9 9 6 3
3
2 6 3
1
1
4
1 4 2 3
1
8
6
1 7 2 4 1 5
10
1 1 1 1 1 1 1 1 1 1
1
4
7
3 2 5 3 2 5 2
7
1 1 1 1 1 1 1
3
1 1 1
10
7 1 4 5 6 5 8 1 8 6
9
3 6 4 8 4 10 9 3 3
6
5 3 6 2 6 5
8
4 1 1 3 1 4 4 1
1
8
1
3
7
4 1 4 3 5 3 5
1
1
6
6 3 5 5 6 9
2
7 3
9
3 9 3 5 7 1 4 1 4
6
2 3 1 2 3 1
5
2 1 2 2 1
6
10 8 4 3 4 8
10
1 3 4 1 4 1 2 2 4 3
10
9 5 3 2 2 7 3 3 2 3
7
1 3 4 4 4 2 2
1
2
7
3 6 6 5 5 5 3
7
5 5 4 3 6 6 5
9
8 7 4 8 2 3 4 5 7
7
1 1 4 5 6 4 4
1
3
2
3 2
2
4 2
9
4 4 4 2 4 5 5 4 4
5
2 2 1 1 2
6
1 1 1 1 2 2
4
1 5 1 1
9
9 4 4 8 5 6 2 3 9
3
3 3 2
2
3 2
10
1 4 8 1 4 4 6 7 4 3
4
3 2 3 7
9
7 6 10 5 2 2 2 5 8
8
1 1 2 1 2 2 2 1
6
1 1 1 1 1 1
6
2 2 2 1 1 1
3
2 9 1
5
6 5 7 3 3
7
1 6 2 5 6 5 7
4
2 7 2 7
3
7 8 5
9
1 1 1 4 4 5 2 1 5
8
4 4 4 1 4 2 2 2
2
2 2
10
4 3 3 2 4 3 1 1 4 2
2
3 3
4
5 1 1 1
10
2 1 4 3 4 3 2 3 1 3
3
2 5 6
7
7 2 4 2 5 2 7
8
9 2 1 7 9 4 9 5
2
1 1
9
1 2 3 2 2 3 1 3 1
3
7 3 5
3
2 3 7
10
3 3 1 2 1 3 2 1 4 1
9
1 8 3 8 7 3 8 7 2
9
1 4 6 5 3 3 7 5 8
10
1 1 1 1 1 1 1 1 1 1
5
1 1 1 1 1
2
1 1
10
2 4 3 7 7 2 4 5 6 5
2
4 7
3
1 5 3
8
1 4 2 3 2 2 4 4
5
2 3 2 1 1
5
1 1 1 1 1
5
8 4 5 9 3
10
4 6 8 7 4 8 1 9 5 9
8
1 1 1 1 1 1 1 1
1
7
2
7 8
3
1 1 1
5
1 1 1 1 1
9
7 8 3 4 4 3 8 8 3
2
5 4
6
9 6 9 6 8 5
8
2 1 1 1 2 1 2 2
4
5 1 2 5
7
3 1 3 2 5 4 3
7
4 1 3 1 2 3 1
4
1 1 1 1
2
6 9
5
8 8 9 6 4
7
1 1 1 1 2 2 1
4
4 1 2 2
6
1 3 2 1 4 1
3
4 1 3
5
4 4 5 4 2
6
1 1 1 1 2 1
5
1 2 4 4 4
8
4 4 2 2 4 3 3 1
5
3 3 2 4 5
10
3 3 2 3 2 4 4 4 1 1
10
1 1 1 1 1 1 1 1 1 1
4
9 10 2 4
10
3 2 3 2 2 2 3 2 1 3
2
2 2
8
1 1 1 1 1 1 1 1
3
1 1 2
5
1 1 1 1 1
2
2 4
9
4 3 2 7 6 8 6 2 6
2
8 6
9
4 1 5 8 7 1 7 1 5
1
1
8
4 2 6 9 8 9 7 2
4
1 3 2 1
7
7 4 1 3 1 5 2
7
1 2 1 1 1 1 1
6
1 5 2 4 2 4
4
1 3 3 1
2
6 7
7
1 1 3 2 1 3 1
7
4 3 3 2 1 2 3
3
7 5 7
9
8 9 3 2 7 7 8 1 1
4
2 5 3 5
2
9 6
1
6
8
1 1 2 2 2 2 1 2
3
5 6 1
2
4 4
1
1
1
7
10
2 2 5 2 1 3 1 2 4 1
4
1 1 1 1
5
1 1 7 3 9
7
2 2 2 1 3 2 4
7
1 1 1 1 1 1 1
8
3 2 2 3 3 1 2 1
9
6 5 2 2 3 6 6 1 2
1
3
4
3 1 1 1
7
1 2 1 1 2 1 2
4
5 3 1 1
8
1 1 1 1 1 1 1 1
6
1 1 5 1 3 5
6
1 3 4 2 2 1
2
7 5
4
1 2 1 2
9
2 7 6 8 2 9 5 9 4
17
12 5 1 7 9 12 4 3 12 5 6 10 7 2 7 7 7
11
16 3 12 2 3 19 16 8 6 9 8
23
2 10 4 6 14 12 12 4 7 7 6 6 12 8 5 5 5 7 1 15 10 7 17
7
20 17 10 16 7 16 9
25
3 13 12 3 2 13 4 9 14 11 1 19 15 15 11 18 10 4 14 11 3 18 17 18 19
2
2 2
25
2 1 12 9 3 12 11 7 7 11 6 7 5 8 1 2 13 5 4 10 8 6 3 9 1
16
1 8 4 1 6 11 2 6 10 1 9 10 7 11 7 7
24
5 8 6 1 2 4 3 7 5 6 5 4 2 4 4 5 3 6 2 6 6 6 6 2
5
2 1 2 1 1
11
2 1 1 2 2 2 1 1 2 2 2
2
1 5
2
10 16
27
13 19 8 3 17 1 18 9 14 10 2 7 16 16 7 7 1 11 6 9 16 15 5 2 4 3 9
20
1 1 1 1 1 1 1 1 1 1 1 1 1 1 1 1 1 1 1 1
11
12 11 7 8 9 6 1 16 15 16 5
29
6 2 1 12 15 1 6 13 1 3 14 14 11 7 7 3 15 1 9 10 3 9 3 7 7 9 11 3 6
25
5 2 5 6 6 3 8 5 2 1 3 3 7 4 1 7 1 6 5 3 2 6 7 7 1
18
1 2 2 2 1 1 1 2 1 1 1 2 1 1 2 1 1 1
2
1 4
27
3 5 6 3 6 4 2 5 3 6 1 2 5 4 4 1 5 4 2 3 5 4 1 5 2 4 6
19
5 7 12 13 3 13 1 5 8 12 9 10 7 5 9 8 1 8 7
26
3 3 1 1 3 1 3 1 2 1 1 3 3 3 3 1 1 2 1 1 2 2 3 3 3 1
16
5 4 4 1 3 4 7 7 9 6 10 11 7 11 11 2
18
7 6 8 5 1 6 8 4 3 1 8 5 9 1 6 4 7 7
10
10 9 9 8 7 9 1 5 9 6
28
6 7 17 1 10 6 7 4 11 17 11 1 15 8 7 17 8 14 12 12 9 15 10 14 1 14 4 14
1
2
16
1 1 1 1 1 1 1 1 1 1 1 1 1 1 1 1
22
1 3 2 4 2 6 6 7 4 5 6 6 6 3 7 2 6 4 4 6 6 6
1
11
10
2 1 2 3 4 1 1 3 3 3
30
17 2 12 11 9 3 16 16 1 15 12 14 19 13 11 2 16 16 3 16 5 13 16 14 13 10 4 12 3 3
1
8
11
16 10 11 8 9 2 10 5 17 12 8
6
14 1 5 15 9 6
16
1 1 3 1 4 4 1 2 4 4 4 2 2 4 2 1
14
6 19 10 5 3 7 9 11 11 9 15 11 9 3
26
8 6 6 3 7 1 9 5 4 6 9 7 5 8 2 9 9 8 3 5 6 9 7 3 9 10
29
1 1 1 1 1 1 1 1 1 1 1 1 1 1 1 1 1 1 1 1 1 1 1 1 1 1 1 1 1
25
2 13 14 7 7 5 14 9 13 5 13 12 10 2 5 6 2 6 11 7 8 1 7 5 6
20
1 13 12 14 3 3 12 8 14 1 8 14 4 12 13 1 2 4 5 13
7
9 1 10 9 8 11 7
18
6 9 6 6 4 10 7 6 5 8 10 2 2 7 11 3 6 3
2
2 12
24
5 5 2 1 4 1 4 1 6 6 6 1 6 4 2 2 1 6 4 6 3 4 2 3
22
11 11 5 9 9 2 4 8 3 2 11 9 4 8 3 1 11 10 3 10 8 7
31
8 3 1 1 14 14 4 8 14 9 9 8 6 9 3 4 5 11 1 9 11 14 11 13 2 8 5 2 14 12 1
3
2 1 1
28
1 1 1 1 1 1 1 1 1 1 1 1 1 1 1 1 1 1 1 1 1 1 1 1 1 1 1 1
28
2 6 1 6 6 6 9 5 8 4 4 6 10 3 4 1 2 4 6 1 1 3 2 1 5 4 10 8
29
1 9 3 3 2 2 7 5 5 6 6 1 3 8 4 3 3 2 7 8 4 8 7 1 4 2 3 8 9
31
1 1 3 2 1 2 4 2 1 4 3 4 1 2 2 5 4 5 4 3 1 1 5 3 3 1 3 1 2 4 2
5
18 6 17 1 14
7
3 1 1 1 1 1 2
13
8 3 1 12 12 9 1 8 9 12 1 8 4
30
1 4 7 1 7 3 5 1 2 5 7 5 7 6 6 6 2 3 7 7 2 3 7 4 4 6 6 2 7 4
32
7 16 15 15 11 8 6 10 8 11 8 7 11 6 9 8 11 15 6 4 15 8 12 12 9 8 2 16 16 14 15 7
5
1 1 1 1 1
18
7 6 2 7 8 8 4 4 7 3 7 2 3 6 4 2 6 1
13
5 8 4 8 2 4 3 6 4 4 5 1 5
5
6 3 3 8 2
15
1 1 2 1 2 1 2 2 1 1 2 2 1 2 2
18
4 4 2 3 2 4 7 1 3 7 7 3 2 2 7 1 4 2
26
1 1 1 1 1 1 1 1 1 1 1 1 1 1 1 1 1 1 1 1 1 1 1 1 1 1
24
1 5 18 11 7 8 20 12 15 9 3 15 20 1 6 11 1 5 9 5 15 15 6 13
5
1 1 1 1 1
7
14 4 2 15 8 3 6
18
18 18 4 1 2 10 1 2 5 4 16 1 12 17 17 18 1 1
10
11 1 1 11 2 4 10 4 5 1
21
3 3 6 1 2 1 2 7 9 5 3 7 2 4 8 7 6 7 7 9 7
21
4 5 4 3 3 5 1 1 2 1 3 3 1 3 4 4 5 2 2 4 3
19
4 11 5 8 4 10 12 12 7 9 3 8 3 10 1 9 8 4 11
5
2 4 2 5 5
5
13 15 3 18 18
5
8 7 1 1 1
12
13 5 6 4 8 3 5 4 10 12 6 12
15
5 4 3 7 4 3 9 7 10 2 5 8 2 4 3
4
7 5 8 2
11
5 7 4 4 6 2 5 2 3 4 3
1
4
19
6 7 11 1 2 10 7 10 5 8 7 11 11 9 8 4 8 7 7
20
2 3 1 2 2 3 1 1 3 1 1 2 2 3 2 3 3 2 2 1
3
4 4 8
32
15 17 7 13 12 9 8 14 1 3 4 11 5 13 15 13 14 17 17 4 1 3 11 7 3 5 8 8 9 14 1 6
30
3 1 2 2 2 3 1 3 1 1 3 2 3 2 1 1 3 3 2 1 3 1 1 2 1 2 2 3 2 1
15
4 9 4 3 12 13 8 3 4 5 12 6 7 6 8
16
16 14 14 5 2 13 10 12 6 4 18 17 9 11 3 6
23
13 3 5 12 10 5 5 12 10 12 11 8 7 13 12 10 13 12 1 12 9 10 9
30
7 4 4 3 10 16 2 7 14 3 14 8 12 5 5 1 12 14 2 15 10 8 8 4 13 6 16 7 6 11
30
8 15 7 7 16 14 4 2 11 11 13 15 15 14 11 12 15 9 6 6 16 9 2 5 8 8 10 3 12 5
19
16 3 3 6 12 10 18 5 2 2 4 8 7 14 16 18 18 16 4
1
4
23
4 3 10 4 9 4 4 1 1 9 8 10 2 1 6 7 10 1 6 8 7 8 6
12
1 1 1 1 1 1 1 1 1 1 1 1
17
5 4 6 3 3 3 2 1 6 2 5 4 3 2 2 6 3
1
6
15
4 7 2 4 8 4 5 6 1 2 8 5 8 4 5
16
1 1 1 2 3 1 3 1 2 2 1 1 3 1 3 3
23
1 2 1 2 4 5 3 1 5 3 5 3 2 2 1 4 3 4 3 2 2 4 1
32
5 18 12 20 10 8 10 3 10 20 9 3 14 6 15 20 9 1 18 17 7 15 13 6 1 12 4 7 11 16 4 7
32
7 18 15 15 7 17 4 6 5 18 11 2 4 2 10 4 19 19 2 6 11 19 6 2 3 12 4 18 15 2 3 2
32
17 8 17 5 3 14 9 12 16 10 7 18 12 10 8 2 3 13 4 1 18 5 15 1 1 5 16 14 7 9 13 15
32
1 19 10 15 7 1 10 8 7 19 11 8 7 4 2 11 7 2 1 4 9 1 16 13 8 9 19 8 13 13 15 14
32
4 20 9 16 1 8 14 20 11 1 18 14 2 20 13 16 20 16 4 1 11 8 8 19 18 16 12 2 2 17 4 6
32
4 13 16 3 7 7 13 19 4 19 13 4 11 20 3 18 15 15 20 2 3 10 19 10 13 20 11 9 15 8 16 18
32
12 20 19 18 13 17 14 3 9 9 5 20 11 2 14 18 13 15 20 2 5 1 15 16 11 15 10 19 11 7 11 14
32
9 3 11 5 8 13 6 16 17 5 19 10 11 16 2 5 15 15 2 15 1 17 17 16 7 15 18 13 17 3 11 5
32
1 2 13 5 19 20 13 15 18 14 5 13 7 2 19 2 3 5 14 11 2 9 17 8 18 2 5 20 4 1 17 17
32
1 13 20 20 6 7 18 11 11 2 18 4 1 11 6 5 4 9 6 5 5 6 2 18 10 14 2 10 2 10 4 14
