33
5 3 5 6 3 8
5 6 4 5 4 12
21 15 17 16 32 28 22 26 30 34 29 31 20 24 18 33 35 25 27 23 19 21
8 922 7912 7299 6369 9734 5226 9503 2307
12 6667 1903 2516 6149 4515 3388 2497 9125 7007 7727 2658 1221
3 9858 1730 8553
9 2429 7761 9133 5532 8835 7629 5560 2815 8383
4 8930 4868 7901 8361
15 2398 7179 9487 1341 3908 1409 3950 3425 3285 7604 5050 4655 2948 5631 4497
1 3004
6 1152 4202 6900 7787 7781 1304
19 2348 570 7391 4605 7447 6080 7300 4085 2663 1199 6660 7793 1592 5903 2596 9605 549 2460 5293
6 3621 1935 6193 7685 7667 4041
19 5572 9197 9289 548 4352 6114 8438 8979 6191 275 6236 6088 2683 8693 5593 1038 9322 8436 6890
11 2105 4772 5682 3913 6243 5723 8140 1612 4961 8733 950
13 1457 9675 5006 5380 8300 2350 7458 9904 9506 1615 7247 5721 378
9 1501 4438 5642 768 4557 9965 6436 2153 6346
6 7334 9086 2091 7902 1763 8260
15 6661 8917 6217 6263 6425 1326 7556 3919 4018 925 6596 2766 184 2796 109
6 9198 5735 9766 3001 6280 3412
10 1377 4167 8621 7110 3714 8166 2907 286 5875 7242
9 9409 5385 3023 4344 1829 9544 3940 6215 5864
15 5854 1539 7304 8819 9725 1833 1521 6112 231 6676 5500 4949 8498 5884 2045
8 2794 8226 3533 7948 1615 1084 2011 6809
11 7248 9426 3472 1628 9068 9160 8682 4934 9762 7403 8447
10 1084 5492 1412 412 5635 7611 2899 8333 334 7526
15 1968 7770 937 8204 1832 7517 4027 6689 5410 375 7331 9643 4671 3372 2589
17 9223 5455 2542 9927 3045 3702 8316 6169 6624 8596 6300 3523 1871 9390 9929 5118 2940
4 3331 4931 1118 5530
10 6009 2067 5949 4159 4928 2820 792 9968 7497 2715
15 5636 5953 6050 5332 997 3518 759 6733 5579 7993 7606 5900 5915 1511 4878
3 3748 9191 6227
1 4350