2
30 367
0 1
0 2
0 3
0 4
0 7
0 9
0 10
0 11
0 13
0 14
0 15
0 17
0 18
0 19
0 20
0 21
0 22
0 23
0 24
0 26
0 27
0 28
0 29
1 2
1 3
1 4
1 5
1 6
1 7
1 8
1 9
1 10
1 11
1 12
1 13
1 14
1 15
1 16
1 17
1 18
1 20
1 21
1 22
1 23
1 25
1 26
1 27
1 28
1 29
2 4
2 5
2 7
2 8
2 9
2 10
2 11
2 12
2 13
2 15
2 16
2 17
2 18
2 19
2 21
2 22
2 24
2 25
2 26
2 28
2 29
3 4
3 5
3 6
3 7
3 8
3 9
3 10
3 11
3 12
3 13
3 14
3 15
3 16
3 17
3 18
3 19
3 20
3 21
3 22
3 23
3 24
3 25
3 28
3 29
4 5
4 6
4 7
4 8
4 9
4 10
4 11
4 12
4 14
4 15
4 16
4 18
4 19
4 20
4 21
4 22
4 23
4 24
4 25
4 26
4 27
4 28
4 29
5 6
5 7
5 8
5 9
5 10
5 11
5 12
5 13
5 14
5 15
5 16
5 17
5 18
5 19
5 20
5 21
5 22
5 23
5 24
5 25
5 26
5 29
6 7
6 8
6 9
6 10
6 11
6 13
6 14
6 15
6 16
6 19
6 20
6 22
6 23
6 24
6 25
6 26
6 27
6 28
7 8
7 10
7 12
7 13
7 14
7 15
7 16
7 17
7 20
7 21
7 22
7 23
7 24
7 25
7 26
7 27
7 28
8 9
8 10
8 12
8 13
8 14
8 15
8 17
8 18
8 19
8 20
8 22
8 23
8 24
8 26
8 27
8 28
8 29
9 10
9 11
9 12
9 13
9 14
9 15
9 16
9 17
9 18
9 19
9 20
9 22
9 23
9 24
9 26
9 27
9 28
9 29
10 11
10 12
10 13
10 14
10 15
10 16
10 17
10 18
10 19
10 20
10 21
10 22
10 23
10 24
10 25
10 27
10 28
10 29
11 12
11 13
11 14
11 17
11 18
11 19
11 20
11 21
11 22
11 24
11 26
11 27
11 28
12 13
12 15
12 16
12 17
12 18
12 19
12 20
12 21
12 25
12 26
12 27
12 29
13 14
13 16
13 17
13 18
13 19
13 20
13 21
13 22
13 23
13 24
13 25
13 26
13 27
13 28
13 29
14 15
14 16
14 17
14 19
14 20
14 22
14 23
14 24
14 25
14 26
14 27
14 28
14 29
15 16
15 18
15 19
15 20
15 22
15 23
15 24
15 25
15 26
15 28
15 29
16 17
16 18
16 19
16 20
16 22
16 23
16 24
16 25
16 26
16 27
16 28
16 29
17 18
17 19
17 20
17 21
17 22
17 23
17 24
17 26
17 27
17 28
17 29
18 19
18 20
18 21
18 22
18 23
18 24
18 25
18 28
18 29
19 20
19 21
19 22
19 23
19 24
19 25
19 26
19 27
19 28
19 29
20 21
20 23
20 24
20 25
20 26
20 28
20 29
21 22
21 23
21 25
21 27
21 28
21 29
22 23
22 24
22 25
22 26
22 27
22 29
23 24
23 25
23 26
23 27
24 26
24 27
24 28
25 26
25 27
25 29
26 27
26 28
26 29
27 29
28 29
60 801
0 1
0 5
0 6
0 9
0 13
0 14
0 15
0 17
0 18
0 19
0 21
0 22
0 25
0 27
0 29
0 30
0 31
0 33
0 35
0 38
0 41
0 45
0 46
0 48
0 49
0 50
0 55
0 56
0 57
0 59
1 5
1 6
1 7
1 10
1 12
1 18
1 20
1 26
1 29
1 31
1 32
1 34
1 38
1 39
1 40
1 45
1 46
1 49
1 53
1 54
1 55
1 56
1 59
2 3
2 7
2 9
2 10
2 11
2 14
2 15
2 16
2 18
2 21
2 23
2 27
2 35
2 36
2 42
2 45
2 48
2 52
2 53
2 54
2 55
2 58
3 4
3 6
3 10
3 11
3 13
3 14
3 16
3 17
3 22
3 26
3 34
3 35
3 38
3 44
3 45
3 47
3 48
3 52
3 55
4 6
4 7
4 8
4 9
4 11
4 12
4 13
4 14
4 15
4 16
4 17
4 25
4 28
4 29
4 31
4 32
4 33
4 34
4 38
4 41
4 45
4 49
4 53
4 54
4 58
4 59
5 8
5 10
5 12
5 13
5 16
5 17
5 19
5 20
5 21
5 23
5 24
5 30
5 33
5 38
5 39
5 40
5 42
5 44
5 48
5 49
5 51
5 52
5 53
5 55
5 56
5 59
6 7
6 10
6 11
6 19
6 22
6 26
6 30
6 31
6 32
6 33
6 36
6 37
6 40
6 45
6 46
6 47
6 48
6 49
6 50
6 54
6 55
6 58
6 59
7 10
7 11
7 13
7 15
7 22
7 24
7 28
7 30
7 31
7 32
7 33
7 34
7 37
7 38
7 39
7 42
7 43
7 53
7 57
7 58
7 59
8 9
8 13
8 14
8 15
8 19
8 20
8 22
8 32
8 35
8 36
8 37
8 39
8 41
8 45
8 48
8 49
8 56
8 57
9 10
9 11
9 13
9 16
9 17
9 18
9 19
9 20
9 21
9 27
9 28
9 32
9 33
9 36
9 39
9 41
9 43
9 45
9 46
9 47
9 49
9 52
9 53
9 54
9 58
10 14
10 15
10 16
10 19
10 21
10 23
10 24
10 26
10 27
10 28
10 29
10 31
10 34
10 36
10 38
10 39
10 41
10 42
10 44
10 45
10 46
10 50
10 58
10 59
11 12
11 14
11 15
11 16
11 18
11 20
11 22
11 23
11 24
11 25
11 27
11 32
11 41
11 43
11 46
11 52
11 59
12 14
12 21
12 22
12 23
12 26
12 27
12 28
12 29
12 30
12 32
12 35
12 37
12 40
12 41
12 42
12 49
12 53
12 59
13 14
13 16
13 17
13 20
13 22
13 23
13 24
13 26
13 27
13 28
13 30
13 34
13 35
13 36
13 39
13 40
13 42
13 46
13 49
13 50
13 51
13 52
13 53
13 55
13 56
13 57
14 15
14 16
14 20
14 21
14 23
14 25
14 27
14 28
14 30
14 31
14 34
14 35
14 36
14 38
14 39
14 40
14 44
14 49
14 51
14 52
14 53
14 55
14 57
14 58
15 17
15 19
15 22
15 25
15 26
15 27
15 28
15 31
15 32
15 33
15 34
15 36
15 37
15 39
15 41
15 43
15 46
15 49
15 50
15 51
15 53
15 55
15 57
15 58
15 59
16 19
16 23
16 24
16 26
16 32
16 33
16 39
16 41
16 42
16 46
16 49
16 50
16 51
16 54
16 57
16 58
16 59
17 21
17 22
17 23
17 30
17 32
17 33
17 34
17 37
17 38
17 40
17 41
17 42
17 45
17 46
17 49
17 50
17 51
17 53
17 55
17 59
18 20
18 21
18 22
18 23
18 24
18 25
18 27
18 30
18 34
18 35
18 36
18 40
18 46
18 47
18 48
18 49
18 55
18 56
18 58
19 24
19 25
19 33
19 36
19 37
19 40
19 41
19 45
19 46
19 48
19 55
19 57
19 58
20 21
20 22
20 23
20 25
20 27
20 29
20 30
20 37
20 40
20 41
20 45
20 47
20 49
20 53
20 57
21 25
21 30
21 31
21 32
21 34
21 39
21 42
21 43
21 44
21 45
21 47
21 48
21 50
21 51
21 53
21 58
22 23
22 26
22 29
22 30
22 31
22 33
22 34
22 35
22 37
22 38
22 39
22 41
22 42
22 43
22 44
22 45
22 46
22 49
22 50
22 52
22 53
22 54
22 55
22 56
22 57
23 24
23 26
23 29
23 30
23 34
23 38
23 41
23 42
23 43
23 44
23 54
23 56
23 57
23 59
24 25
24 28
24 29
24 32
24 33
24 36
24 37
24 39
24 40
24 41
24 43
24 44
24 46
24 48
24 49
24 52
24 53
24 54
24 55
24 56
24 58
25 29
25 38
25 39
25 40
25 44
25 51
25 55
25 57
25 58
25 59
26 27
26 28
26 31
26 33
26 34
26 35
26 37
26 38
26 41
26 43
26 46
26 47
26 49
26 52
26 53
26 54
26 55
26 56
26 57
27 32
27 33
27 35
27 37
27 39
27 40
27 42
27 47
27 50
27 54
27 56
27 57
28 29
28 30
28 32
28 34
28 37
28 39
28 41
28 44
28 45
28 46
28 48
28 49
28 50
28 52
28 56
29 30
29 31
29 32
29 33
29 34
29 42
29 43
29 45
29 46
29 47
29 51
29 54
29 55
30 33
30 35
30 40
30 41
30 42
30 43
30 45
30 46
30 47
30 53
30 56
31 32
31 36
31 38
31 39
31 40
31 44
31 48
31 49
31 52
31 53
31 54
31 55
31 57
31 58
32 33
32 36
32 37
32 40
32 43
32 44
32 45
32 46
32 50
32 52
32 55
32 56
33 34
33 35
33 38
33 39
33 40
33 44
33 47
33 49
33 50
33 51
33 56
33 57
34 35
34 38
34 40
34 48
34 50
35 37
35 38
35 39
35 41
35 42
35 47
35 52
35 54
35 56
35 58
35 59
36 41
36 42
36 46
36 48
36 52
36 53
36 54
36 55
36 56
37 39
37 41
37 43
37 44
37 45
37 48
37 49
37 50
37 55
37 56
37 57
37 58
37 59
38 40
38 44
38 48
38 52
38 53
38 56
38 59
39 40
39 41
39 45
39 46
39 47
39 48
39 50
39 52
39 54
39 56
39 59
40 41
40 42
40 45
40 46
40 47
40 48
40 50
40 52
40 53
40 54
40 55
41 42
41 43
41 49
41 53
41 55
41 56
41 57
41 58
41 59
42 43
42 45
42 46
42 47
42 48
42 49
42 50
42 51
42 54
42 55
42 57
42 58
42 59
43 48
43 51
43 54
43 56
43 57
44 46
44 47
44 49
44 50
44 52
44 53
44 54
44 59
45 46
45 49
45 50
45 52
45 55
45 56
45 57
45 58
45 59
46 49
46 50
46 51
46 52
46 53
46 58
47 48
47 50
47 51
47 53
47 54
47 55
47 56
47 57
47 58
47 59
48 49
48 50
48 52
48 55
48 56
48 58
49 53
49 55
49 57
50 52
50 57
51 53
51 58
52 53
52 54
52 56
52 57
52 58
53 55
53 56
53 57
53 58
53 59
54 55
54 59
55 57
56 58
56 59
57 58
