3
34 10
130 110 100
8
33 1
19 4 1 5 1 1 1 1
5
98 37
2873 123 217 327 86
14
1 68
17 22 3 7 3 2 3 4 1 2 1 1 1 1
7
57 46
1411 844 111 243 2 2 9
2
27 8
58 158
5
99 30
1570 679 259 313 149
1
16 77
1232
13
86 3
13 64 94 28 23 24 3 3 1 1 1 1 2
6
97 97
7731 1644 19 2 1 12
1
43 11
473
1
60 31
1860
2
53 24
182 1090
12
49 29
114 252 898 61 38 23 26 3 2 1 2 1
14
52 73
91 2579 69 75 828 53 78 6 12 1 1 1 1 1
1
21 66
1386
1
97 13
1261
15
2 56
82 12 3 2 1 1 1 3 1 1 1 1 1 1 1
3
65 41
662 1538 465
13
87 74
3424 2616 138 18 114 31 34 4 11 16 11 20 1
7
4 11
11 12 14 1 2 2 2
14
20 33
593 49 6 1 2 1 1 1 1 1 1 1 1 1
3
93 18
268 413 993
6
82 59
3268 128 1439 1 1 1
14
90 64
3843 1898 1 4 3 3 1 1 1 1 1 1 1 1
9
38 11
292 31 26 55 10 1 1 1 1
6
82 36
959 1154 153 210 423 53
11
33 8
176 3 60 10 1 2 4 2 2 3 1
11
81 33
2500 156 9 1 1 1 1 1 1 1 1
1
97 80
7760
2
29 86
753 1741
8
35 83
2510 239 68 55 12 12 3 6
5
39 2
66 1 1 4 6
6
75 24
122 1375 188 89 16 10
2
62 76
694 4018
1
49 95
4655
12
11 35
150 64 55 25 24 46 2 8 1 8 1 1
13
56 35
1403 191 47 222 9 24 41 3 5 11 1 1 2
9
16 13
1 90 14 93 4 1 1 1 3
14
78 85
2476 281 1441 1341 425 118 157 358 20 4 5 1 1 2
9
35 3
31 16 28 16 7 4 1 1 1
11
12 3
6 14 4 1 5 1 1 1 1 1 1
3
14 85
590 258 342
6
99 10
950 36 1 1 1 1
6
47 78
803 483 1766 3 57 554
5
53 55
222 565 504 1267 357
5
64 57
3307 305 29 3 4
13
1 91
40 39 2 1 1 1 1 1 1 1 1 1 1
12
87 1
50 16 11 1 2 1 1 1 1 1 1 1
1
91 47
4277
0
