100
4 3
4 5 6 4
4 2
4 5 6 4
3 3
1 1 1
13 3
58 37 83 61 58 56 38 20 22 70 32 58 67
18 4
81 17 7 63 49 71 41 93 1 67 75 17 41 40 69 38 53 35
3 4
26 18 50
20 2
17 75 32 51 79 54 89 77 42 16 79 18 40 17 52 33 82 56 28 32
22 3
47 1 57 4 16 29 65 77 71 37 25 2 94 50 77 14 2 41 77 35 5 32
26 4
11 19 69 67 19 58 27 33 49 15 25 23 63 59 10 35 10 83 87 89 51 17 77 15 19 67
15 4
43 55 25 47 31 29 76 71 77 97 13 25 46 83 5
16 4
84 33 85 23 60 77 91 59 49 39 24 9 76 57 83 27
21 4
27 49 81 63 15 29 65 39 23 93 90 85 79 37 69 31 19 91 75 39 11
19 4
59 66 58 74 53 18 31 30 61 75 89 79 55 17 34 27 81 43 13
24 4
70 19 25 47 77 41 93 2 86 63 23 55 15 73 77 93 95 89 53 93 95 25 21 70
100 3
32 32 47 37 26 80 2 38 31 41 7 98 56 92 62 59 86 8 83 83 76 23 53 80 85 77 78 64 3 88 70 47 41 32 74 27 86 47 11 19 34 8 7 29 59 6 65 86 4 62 32 52 62 98 24 7 83 16 18 89 50 32 50 53 20 95 44 74 34 79 5 98 43 61 37 47 70 32 32 10 82 39 44 43 23 46 77 14 35 47 68 14 20 63 26 41 5 24 86 4
100 3
68 28 8 76 20 77 43 78 43 39 10 20 58 10 94 55 76 65 1 19 16 25 70 17 95 43 23 33 40 70 44 19 87 19 62 61 58 14 65 5 33 88 94 38 13 87 51 58 59 73 93 46 16 61 83 29 56 97 76 67 71 82 34 10 21 52 2 46 85 7 65 34 73 97 37 19 43 82 34 59 46 22 76 52 62 26 40 34 1 91 9 96 48 52 13 20 31 86 52 76
35 4
5 20 39 20 37 18 51 34 71 81 37 30 27 31 91 95 66 39 56 55 7 11 3 37 35 39 64 55 44 75 87 31 14 25 10
2 4
30 2
2 3
5 2
1 3
29
100 3
22 38 79 49 25 87 31 67 21 17 49 74 40 77 11 91 71 71 31 88 11 1 10 82 88 88 57 58 92 97 25 67 89 64 88 4 29 23 10 80 82 70 13 49 26 95 61 34 76 67 86 49 51 8 73 55 69 59 41 69 1 4 74 95 83 34 40 73 25 4 52 45 17 13 91 88 25 5 51 28 86 26 19 88 47 29 73 57 55 61 22 49 96 31 44 7 41 46 59 88
20 4
53 45 49 65 17 49 37 25 39 7 1 77 45 95 87 75 51 11 7 53
100 3
23 23 11 58 2 8 98 47 77 11 44 31 38 31 4 89 29 61 4 13 35 77 62 82 82 62 7 49 74 30 41 51 10 67 32 41 61 32 92 52 80 59 71 16 52 47 92 70 92 77 56 66 53 4 50 92 22 11 17 74 25 80 75 7 14 20 23 3 14 22 70 53 37 8 65 61 80 61 34 83 47 89 62 53 89 35 20 68 7 77 47 71 25 53 74 80 8 17 71 1
100 3
80 15 29 31 62 20 65 35 88 23 23 23 98 47 14 28 49 25 32 8 19 23 46 65 86 71 89 79 96 22 81 62 39 77 11 35 78 98 22 73 74 87 71 47 54 10 47 80 50 33 14 44 59 2 50 2 20 92 20 59 65 2 55 17 10 2 2 56 48 31 20 29 5 47 41 19 56 77 65 76 83 18 20 87 49 50 61 31 66 53 34 29 52 36 5 56 32 63 74 43
31 4
69 88 41 63 81 81 61 41 59 49 44 29 13 97 63 81 15 41 57 40 89 77 27 63 43 41 5 1 84 45 85
100 4
95 62 57 93 33 61 9 5 49 69 57 95 13 54 79 24 93 6 72 63 13 7 67 76 35 94 25 85 49 49 65 73 84 93 35 8 65 89 65 66 1 13 9 61 73 89 87 74 8 85 29 37 4 17 82 53 53 49 65 61 65 47 14 89 69 5 13 11 82 39 50 3 61 85 19 87 49 64 57 34 23 22 62 42 71 45 83 69 86 41 57 69 70 97 87 69 58 15 54 65
1 4
93
100 3
94 1 47 68 37 62 97 38 7 89 88 8 53 44 89 71 87 61 29 53 44 44 27 43 93 65 2 14 38 76 20 13 26 5 20 69 83 91 63 17 95 16 62 58 35 92 8 41 58 23 88 52 84 88 50 69 80 47 47 71 70 41 85 86 37 2 12 65 86 91 43 94 5 84 23 35 55 83 29 17 24 71 45 38 86 7 95 44 59 43 86 97 92 91 29 56 82 68 1 46
2 4
15 51
14 3
35 93 83 80 35 13 74 43 68 97 79 70 22 52
100 4
61 6 65 61 90 14 65 14 78 93 70 89 7 55 61 22 27 70 53 27 95 57 49 3 62 51 25 15 81 10 89 94 66 13 57 43 46 66 6 25 35 57 61 35 18 42 86 11 63 51 31 19 67 38 33 17 83 35 65 79 73 75 66 51 89 58 1 65 27 14 37 9 57 87 38 54 26 66 62 18 26 69 94 27 87 3 33 67 11 73 83 63 38 26 26 61 25 91 35 81
23 3
67 84 41 37 86 40 1 47 72 29 40 89 46 47 71 60 74 65 44 47 33 53 98
1 2
69
20 4
79 49 39 97 29 34 65 17 10 73 37 67 72 71 90 97 45 85 3 23
2 4
9 85
100 3
93 40 66 67 85 1 47 91 65 13 97 35 38 82 95 82 97 16 7 92 50 64 37 34 34 51 22 22 37 10 31 46 25 37 94 28 57 22 91 94 70 17 47 65 56 4 37 23 43 31 17 64 29 22 18 73 7 70 14 22 50 19 13 19 77 88 37 97 64 86 55 77 64 61 74 76 89 43 35 19 38 59 19 19 10 68 8 79 25 84 34 61 58 22 87 21 2 30 92 96
21 3
67 83 79 5 32 83 28 94 46 38 19 52 92 25 37 56 14 97 45 97 61
22 4
73 5 29 95 67 68 25 27 91 83 7 7 73 17 57 71 47 31 97 91 19 3
19 4
13 61 94 58 85 3 14 3 95 45 87 70 91 91 73 58 35 17 20
14 4
11 23 27 16 45 1 19 13 9 69 67 83 61 67
14 4
71 79 57 83 53 73 71 11 43 82 81 39 13 73
15 4
19 45 47 86 91 92 27 50 81 5 54 21 87 1 6
17 4
51 55 85 5 17 41 35 33 35 13 7 81 35 81 69 92 25
13 3
86 94 14 68 16 71 16 70 1 7 2 55 59
17 3
4 52 61 4 35 59 41 5 98 29 65 49 12 46 62 16 4
4 4
71 19 19 63
100 4
77 84 38 73 66 90 6 73 5 97 73 13 33 57 13 90 10 37 93 41 5 13 87 93 90 34 45 14 82 78 26 13 42 82 29 41 77 41 6 38 22 30 41 17 9 93 93 46 89 58 5 53 12 1 71 89 87 9 46 96 21 18 18 45 49 25 14 54 94 6 26 90 64 14 45 82 62 8 69 69 13 25 17 25 74 23 54 93 29 9 85 54 45 13 69 78 59 57 29 97
20 4
42 51 17 97 85 23 12 87 27 60 85 5 50 28 86 72 92 51 75 54
100 4
19 44 47 79 35 31 71 63 72 86 7 6 42 7 63 62 43 23 15 85 62 51 27 67 66 47 52 57 75 74 85 3 35 7 31 91 71 79 67 90 23 15 19 11 3 79 62 30 32 39 2 93 83 89 23 19 26 59 43 51 78 46 95 94 81 47 47 94 50 31 63 79 77 14 1 7 79 79 40 15 59 36 46 73 75 63 25 68 59 15 77 34 31 90 59 71 9 3 25 59
100 4
59 63 90 67 15 64 32 77 78 83 87 58 62 13 91 78 11 74 82 7 27 7 64 85 52 55 47 19 55 63 47 59 55 4 30 64 34 67 79 38 69 79 7 78 18 58 18 31 79 73 39 51 11 71 17 59 50 75 78 35 71 79 18 79 73 66 37 55 55 23 49 71 27 47 18 29 43 2 91 51 86 55 83 86 15 67 80 50 55 27 78 79 75 87 51 71 47 67 82 79
100 3
67 7 68 32 43 94 2 7 46 77 95 50 94 86 59 80 14 40 88 55 5 98 44 82 62 28 65 94 16 65 98 10 89 79 46 46 44 80 91 62 32 88 55 32 37 62 5 71 73 26 1 28 34 4 50 13 80 44 76 16 88 4 74 59 47 31 14 8 68 49 71 58 74 50 77 29 47 77 71 73 98 5 31 13 28 62 67 14 91 74 44 97 11 2 70 58 68 14 37 83
1 3
3
11 4
61 47 23 15 49 17 27 63 56 93 25
100 4
35 2 7 31 66 34 15 75 94 38 31 79 45 30 22 29 31 27 70 43 21 19 3 6 2 43 57 17 59 17 31 89 63 5 97 62 13 50 87 17 29 21 21 59 31 22 3 86 6 31 62 91 96 46 29 62 89 53 58 6 42 1 65 22 89 53 26 9 5 1 86 9 71 29 27 10 49 83 39 38 95 63 93 30 90 54 81 31 75 35 1 58 78 54 10 15 51 37 57 81
100 3
25 26 11 22 89 10 65 17 41 58 35 50 67 76 8 53 71 40 82 53 71 49 56 62 5 94 71 20 21 10 8 76 62 61 97 32 22 6 47 65 50 50 18 17 13 44 94 16 23 58 49 13 56 24 50 32 25 14 77 5 97 92 16 77 81 80 76 62 30 84 77 65 4 8 3 10 86 47 26 50 86 80 23 74 92 40 14 74 14 89 26 38 86 44 13 6 33 88 98 35
100 3
24 63 19 73 50 80 76 15 50 51 96 10 40 63 37 95 52 88 89 64 7 50 86 54 17 85 49 48 46 86 7 3 41 92 51 53 75 44 69 28 61 13 37 25 67 58 90 69 73 95 93 62 96 59 8 48 50 31 37 88 11 47 28 66 94 69 46 93 57 33 42 38 19 45 47 56 15 34 68 47 5 66 11 48 28 26 85 66 55 44 71 74 42 41 68 54 84 87 75 73
100 3
31 59 90 69 7 28 56 46 75 20 35 85 65 40 56 92 98 25 31 4 19 40 91 73 67 43 92 42 44 1 73 85 13 64 53 95 94 89 33 49 19 61 82 1 70 85 17 61 64 31 87 31 70 43 82 47 71 41 13 73 45 40 73 22 37 7 49 1 7 43 23 6 97 64 97 43 31 70 31 78 83 25 13 11 97 85 55 43 34 23 37 29 22 4 65 59 32 40 35 73
3 4
39 27 91
30 4
91 97 69 59 63 59 51 91 85 85 85 21 96 20 60 69 77 69 49 77 85 36 13 42 25 73 73 72 73 81
14 3
22 4 32 79 5 64 43 65 86 98 16 32 97 47
100 3
11 2 10 37 25 4 65 59 35 44 77 48 34 38 10 40 22 32 2 5 94 80 76 92 13 19 23 49 86 79 62 77 64 67 56 83 40 83 80 31 32 44 59 80 61 38 63 29 82 36 28 67 76 15 83 83 7 61 44 35 61 20 55 88 34 5 29 43 14 71 41 22 20 50 56 7 2 32 48 59 89 77 54 20 77 14 53 70 60 33 5 31 88 25 50 65 69 12 44 47
1 4
22
100 4
88 45 2 21 79 52 6 76 6 15 9 52 55 47 25 35 85 39 91 55 95 20 56 48 61 90 58 84 91 38 81 12 96 95 10 51 91 1 92 70 26 85 56 71 9 88 62 78 7 42 32 7 5 52 65 57 18 24 73 63 88 37 51 85 67 74 32 60 77 85 86 42 70 78 64 3 63 74 61 2 36 73 70 62 70 5 26 28 8 3 85 49 63 94 5 67 33 31 28 16
17 3
50 65 40 19 34 23 54 52 78 35 86 87 69 2 22 16 58
100 2
57 48 76 1 79 53 20 66 76 2 30 95 8 41 59 37 76 55 30 7 47 63 61 90 87 87 35 7 56 47 50 19 23 12 82 50 12 60 45 74 37 80 8 2 98 70 43 57 62 65 2 12 52 70 13 82 18 11 75 7 75 95 78 22 19 47 38 88 2 60 10 67 51 44 95 60 39 15 37 71 52 11 37 19 18 61 26 6 93 44 22 13 53 7 12 46 33 82 2 91
32 4
83 71 47 37 47 8 69 40 83 83 35 19 25 31 23 51 88 87 60 85 19 7 85 39 31 15 97 19 58 95 27 5
12 4
61 53 55 91 85 79 9 35 79 17 51 81
100 3
77 80 98 19 43 36 92 55 69 5 2 62 1 65 41 78 26 48 39 24 65 50 73 7 47 89 50 44 50 90 26 94 2 2 36 94 59 49 68 31 29 35 41 36 32 11 13 11 14 23 10 53 67 92 49 56 58 25 60 62 32 76 45 40 35 35 5 17 31 38 89 56 7 87 72 76 3 29 29 79 89 78 49 50 97 18 44 19 23 35 17 15 97 25 50 36 3 8 8 89
2 2
59 81
1 3
55
16 4
35 76 92 49 68 7 35 21 25 84 61 25 15 9 44 63
28 4
89 73 9 8 53 91 55 29 58 21 33 39 74 66 21 66 49 39 10 5 33 54 83 9 19 85 55 59
16 3
49 73 11 62 52 74 10 67 1 79 14 85 89 52 53 70
17 4
54 95 33 97 16 64 11 35 1 91 49 73 72 32 25 7 23
17 4
76 87 29 65 64 69 71 40 35 10 33 72 31 91 73 16 23
3 3
98 62 41
1 2
52
2 3
7 82
12 4
43 28 2 33 69 85 57 9 63 43 11 95
36 4
31 41 16 81 33 26 57 80 67 39 57 71 90 77 1 17 7 97 17 57 61 44 15 37 75 1 40 62 89 6 29 74 37 33 89 57
19 4
84 89 66 75 74 12 47 75 85 57 75 17 19 97 68 23 12 17 74
100 3
11 16 29 70 94 92 47 95 7 47 44 62 50 68 35 31 97 40 91 41 49 1 20 29 59 43 47 65 16 17 52 2 16 31 68 43 34 64 17 37 68 76 83 37 4 38 17 13 35 62 85 17 79 41 29 5 41 88 20 4 43 31 98 43 95 94 80 41 43 14 85 58 44 41 8 43 16 41 44 49 16 16 76 88 22 1 34 20 92 46 98 76 17 70 77 58 55 16 2 38
24 4
91 81 63 37 54 85 39 75 11 11 35 61 87 47 67 15 13 19 9 55 15 23 61 75
100 3
50 59 51 83 74 23 73 50 3 91 86 17 57 86 52 94 92 40 65 72 77 66 38 56 37 94 92 6 47 50 68 92 80 17 63 64 73 17 56 13 5 65 90 16 53 32 22 56 74 44 35 77 63 49 30 32 92 98 50 59 81 32 11 37 17 26 8 35 30 71 52 86 34 61 76 5 55 67 33 74 4 62 65 97 23 76 43 77 98 94 91 44 41 74 5 83 16 56 82 88
23 4
89 85 49 55 9 29 85 9 91 3 51 73 5 3 37 41 49 89 81 71 3 33 89
100 3
4 58 11 74 28 88 61 40 40 64 47 87 38 76 34 58 86 56 24 28 67 52 86 76 50 58 83 52 85 37 31 58 83 28 44 19 79 91 94 94 85 76 28 27 52 52 52 35 47 32 98 58 24 97 4 95 35 38 36 31 31 83 27 46 6 94 98 94 58 55 55 47 73 5 94 76 76 64 54 52 66 61 88 95 37 42 8 97 25 65 88 19 10 76 71 79 17 67 92 66
18 3
83 39 84 74 58 78 14 44 94 40 22 29 53 10 91 55 42 47
1 4
88
100 3
16 95 25 9 77 14 89 86 24 78 40 14 92 56 71 17 18 46 56 29 8 65 63 14 2 89 51 1 41 74 64 14 59 59 20 98 14 78 23 92 71 14 38 25 2 20 64 29 98 50 71 11 44 26 25 50 35 1 21 11 71 47 83 14 69 53 21 12 53 52 70 59 38 11 11 20 91 89 11 61 14 53 53 35 59 95 95 17 35 57 5 77 56 34 91 15 80 45 54 23
17 4
74 9 91 5 63 69 2 14 37 82 71 54 21 27 55 15 85
100 3
68 16 80 65 8 85 85 22 10 82 9 28 7 45 52 14 22 95 67 32 13 86 65 89 64 56 28 4 22 83 7 43 20 40 8 97 88 58 10 47 13 77 38 43 11 8 76 1 73 7 25 91 61 93 73 8 18 61 76 94 9 62 46 69 78 88 87 62 58 53 88 22 67 74 42 52 40 25 67 31 2 10 60 63 29 94 52 17 64 58 46 29 52 42 55 40 47 82 82 55
1 4
11
100 4
60 14 9 94 21 93 57 97 13 2 39 2 17 53 11 3 26 45 67 61 22 22 66 93 48 34 19 31 90 6 66 38 25 17 41 38 93 86 65 47 37 66 33 46 37 78 1 21 61 75 56 61 46 77 85 45 89 26 53 97 41 22 70 61 53 41 59 59 10 49 81 34 29 26 73 18 9 59 93 1 15 95 12 47 41 65 53 78 22 28 93 29 61 43 46 82 34 9 62 71
13 4
93 33 43 55 97 93 13 31 15 69 7 91 91
29 4
1 5 24 89 31 59 3 7 79 25 27 83 23 52 39 92 43 77 59 59 56 55 77 19 63 35 67 64 35
17 2
75 92 2 52 31 42 46 81 44 47 46 72 36 52 56 67 37
13 4
19 34 57 79 79 27 13 25 45 57 1 87 35
23 4
53 67 19 15 33 95 19 49 25 71 93 65 5 54 21 37 33 17 39 24 71 69 73
15 3
77 12 23 73 76 37 93 22 53 8 43 61 1 22 32
100 3
49 31 62 54 19 17 10 88 38 65 58 49 25 47 23 88 43 11 28 94 19 42 76 61 47 6 97 64 7 25 31 57 54 21 80 91 10 68 14 57 40 25 10 25 49 7 22 4 12 38 77 39 2 61 7 18 28 34 84 36 13 1 41 1 82 46 61 19 44 67 47 82 28 98 58 75 29 43 67 16 14 18 32 65 79 26 43 87 10 2 31 2 76 88 71 92 72 4 49 37