10
7 5
1 4
2 3
1 1
2 1
3 1
4 1
5 1
5 200
43 76
36 31
84 55
84 93
46 97
20 500000
876 512
5 84
7 914
284 553
384 186
780 632
439 82
933 662
344 513
351 640
624 583
636 794
228 841
372 940
517 200
373 184
929 169
562 741
284 344
83 937
36 30000
298 491
950 659
173 267
113 215
251 239
281 605
100 629
260 132
275 204
580 635
734 281
187 436
730 114
91 967
160 600
543 148
617 452
639 790
618 292
423 588
745 304
878 497
698 395
399 522
462 20
604 247
112 99
612 620
953 694
122 821
13 375
925 227
94 442
689 806
888 421
142 451
50 15000
229 722
331 368
135 285
821 688
560 914
366 877
87 656
646 254
616 311
879 826
512 92
858 903
866 889
934 488
616 795
326 225
501 809
344 970
81 904
398 270
326 865
897 296
482 588
401 40
214 738
629 802
269 963
197 289
114 65
168 845
317 814
811 639
630 319
139 827
26 132
116 11
160 504
628 526
998 467
578 359
597 661
716 744
265 85
68 729
593 183
66 266
85 946
737 618
381 949
579 130
60 90000
841 871
190 588
619 352
77 98
799 690
374 713
60 546
478 660
451 471
417 179
477 273
364 571
526 68
588 355
855 188
677 845
649 370
157 679
854 887
865 105
793 562
674 63
791 816
447 380
289 189
314 593
188 996
636 227
405 41
278 556
874 565
21 153
482 844
261 771
661 119
317 358
639 764
984 241
571 882
176 790
35 731
780 103
635 676
61 504
692 564
253 908
248 710
177 346
889 916
995 199
91 180
475 939
109 34
361 413
610 678
709 988
557 322
314 84
65 421
561 896
75 6000
54 984
56 171
52 909
253 582
67 920
669 874
551 304
600 557
960 613
933 443
2 355
782 766
904 761
537 366
56 444
317 882
639 973
52 110
99 681
686 946
570 233
231 604
621 772
658 2
915 670
861 523
657 195
176 537
929 639
188 386
280 692
814 736
176 125
896 471
165 70
785 557
877 444
653 538
209 316
519 602
310 267
218 366
220 28
803 820
279 958
111 101
662 151
481 6
644 216
848 425
468 33
717 122
909 34
730 521
910 789
824 429
882 971
208 866
540 976
648 427
385 741
795 832
180 588
525 615
39 101
556 92
989 359
790 55
105 65
147 849
587 370
852 758
385 427
425 874
232 988
90 4500
127 658
47 644
86 797
173 977
29 638
723 88
502 315
157 964
700 777
843 308
173 759
96 655
132 724
84 837
446 331
336 461
721 210
835 316
32 114
935 894
203 721
582 437
720 653
576 176
650 491
860 706
162 852
57 643
531 804
768 4
708 186
328 972
837 610
43 971
316 217
105 221
265 452
702 199
515 435
35 675
465 705
239 239
434 396
433 509
352 131
392 416
900 190
572 264
479 744
467 464
583 205
544 133
472 985
228 967
221 215
680 61
530 217
348 613
893 777
529 656
981 522
421 268
365 936
407 915
912 822
543 852
493 251
502 761
845 302
443 34
690 127
545 391
495 153
192 737
455 459
41 441
575 624
460 457
962 596
65 957
670 386
348 395
722 610
621 186
171 213
773 400
291 879
558 172
277 968
419 721
100 954500
267 285
230 940
60 109
838 296
906 1
295 53
400 832
220 307
802 493
763 89
458 439
557 86
103 629
580 856
644 884
143 722
286 973
498 747
123 964
798 480
527 653
399 377
973 90
722 90
138 539
186 23
396 370
915 847
63 733
233 880
2 7
158 520
444 371
398 132
148 5
563 82
238 739
602 828
346 194
675 242
906 701
964 582
723 562
144 798
159 437
505 73
558 904
958 796
770 500
410 365
870 776
238 509
447 175
855 41
69 770
593 219
769 165
396 140
682 100
45 822
181 572
918 921
122 493
504 234
58 208
153 423
537 402
819 621
828 205
751 853
710 527
386 433
154 943
922 773
30 648
310 256
186 295
637 113
517 770
148 471
870 174
389 983
915 587
196 731
320 399
524 305
850 249
349 247
255 878
124 262
40 446
523 889
497 92
464 544
582 808
634 97
530 901
19 426
286 610
145 604
90 36
1 1
1 2
1 3
1 4
1 5
1 6
1 7
1 8
1 9
2 1
2 2
2 3
2 4
2 5
2 6
2 7
2 8
2 9
3 1
3 2
3 3
3 4
3 5
3 6
3 7
3 8
3 9
4 1
4 2
4 3
4 4
4 5
4 6
4 7
4 8
4 9
5 1
5 2
5 3
5 4
5 5
5 6
5 7
5 8
5 9
6 1
6 2
6 3
6 4
6 5
6 6
6 7
6 8
6 9
7 1
7 2
7 3
7 4
7 5
7 6
7 7
7 8
7 9
8 1
8 2
8 3
8 4
8 5
8 6
8 7
8 8
8 9
9 1
9 2
9 3
9 4
9 5
9 6
9 7
9 8
9 9
10 10
11 11
12 12
13 13
14 14
15 15
16 16
17 17
18 18
