4
3 5 2 1
3 12 5 2
2 1 2
3 2 1 5
2
3 3 2 1
3 2 3 1
1
2 2 72
2
3 49 2 47
1 49
3
2 51 30
2 10 30
1 10
4
3 53 4 1
2 4 53
3 4 1 53
2 1 4
5
1 37
3 37 23 3
3 37 3 23
1 37
2 3 23
2
3 66 1 101
1 1
3
3 148 76 54
2 117 148
3 148 54 76
4
1 45
2 45 53
2 137 53
1 53
5
1 98
3 102 44 98
2 1 44
1 98
1 1
6
1 82
3 108 58 82
2 94 58
3 82 10 94
3 108 10 82
3 10 108 58
6
2 7 190
1 34
3 164 201 15
2 201 80
2 80 7
3 128 190 15
6
3 422 176 243
3 262 336 306
3 255 12 213
3 5 174 243
2 306 498
3 209 5 262
7
2 57 117
2 96 117
2 281 57
3 9 281 205
1 96
3 205 281 177
1 9
7
3 392 292 468
1 107
2 47 446
2 101 392
3 468 432 407
2 133 352
2 9 242
8
2 4 184
1 55
2 165 72
1 72
2 55 276
2 199 165
3 184 276 5
2 228 276
8
3 159 245 91
1 247
1 385
2 241 245
3 56 182 122
1 91
2 376 159
1 241
9
2 86 75
2 3 88
2 75 3
3 3 86 134
2 26 89
3 48 75 88
3 165 75 48
2 134 89
2 26 134
9
3 419 69 110
1 366
3 211 197 257
3 419 312 257
1 110
3 110 69 149
1 314
1 456
1 51
9
1 463
2 159 499
2 55 577
3 269 10 180
3 221 388 499
2 10 509
2 10 577
1 463
3 388 171 269
9
3 10 30 37
1 37
3 37 10 30
1 37
3 30 37 10
2 30 37
1 10
2 37 10
2 30 10
9
2 28 94
3 66 94 3
1 94
3 28 3 94
1 66
2 94 28
3 3 94 28
3 28 94 3
2 3 94
9
3 56 9 184
1 96
3 96 9 184
3 56 9 144
1 144
2 9 144
3 96 144 184
3 184 56 144
2 184 56
10
2 176 10
2 78 10
1 25
3 25 123 125
3 10 221 176
1 25
2 123 176
2 16 25
2 16 123
3 221 175 48
20
3 316 300 196
2 76 96
2 245 401
2 106 245
1 363
3 147 76 316
1 100
1 401
1 233
3 147 49 76
2 246 100
1 94
3 363 301 49
2 366 233
1 267
2 94 401
1 366
2 96 6
1 147
1 196
30
1 231
2 231 72
1 192
3 35 223 231
1 99
1 192
1 272
3 9 231 35
3 99 35 9
3 272 223 35
1 142
1 231
2 272 192
2 231 142
2 223 231
1 231
2 99 272
3 276 35 72
3 99 142 35
3 35 142 9
2 35 223
2 142 276
2 35 72
3 72 223 276
1 276
1 272
1 272
1 192
3 35 142 223
2 192 35
40
3 123 108 105
3 105 3 66
2 190 3
2 105 112
3 190 108 105
3 105 108 123
2 190 157
2 52 3
2 157 123
2 108 105
3 190 105 108
1 157
2 123 112
2 34 112
3 108 157 66
2 112 52
2 112 108
1 3
3 123 34 52
3 66 112 123
1 190
2 34 52
1 123
1 105
1 66
3 105 3 52
1 3
3 190 105 108
1 157
1 123
2 108 190
2 157 105
3 52 34 105
2 3 157
3 34 190 123
2 66 190
1 190
2 123 112
3 52 105 3
2 52 105
50
3 242 6 97
3 240 13 97
1 52
2 258 240
1 139
3 285 242 171
2 240 35
3 258 35 111
1 52
1 17
1 242
2 242 258
2 17 111
1 258
1 258
1 285
2 61 258
3 171 242 61
1 52
3 240 258 35
3 111 285 139
3 35 17 240
1 35
1 240
1 97
2 111 242
1 61
3 61 139 17
2 221 52
3 35 6 258
3 6 258 17
1 13
3 13 97 6
1 242
2 52 285
1 221
3 221 139 97
1 171
2 285 171
3 61 97 139
3 61 52 17
2 240 97
1 285
1 221
3 111 6 52
2 61 13
2 258 240
3 139 258 6
2 111 97
1 171
60
3 356 150 190
2 50 443
3 414 218 443
2 602 443
1 317
3 482 569 150
3 443 285 356
1 92
3 569 356 406
3 482 50 414
1 50
3 482 241 443
1 356
1 190
2 317 190
3 406 241 443
3 285 602 150
3 482 572 3
2 218 190
3 150 190 173
1 519
3 122 218 317
2 443 122
1 569
2 356 241
1 241
1 356
3 572 569 602
3 173 482 122
1 190
1 3
1 190
2 92 602
3 3 173 122
1 150
3 572 218 406
2 519 569
3 356 285 3
1 150
3 443 414 482
3 218 602 150
1 241
2 150 50
2 285 173
2 92 519
3 122 414 572
2 50 569
2 317 150
1 241
3 569 190 122
1 241
3 317 218 173
3 50 443 190
1 241
3 3 285 443
2 50 443
1 50
1 356
2 602 150
1 190
70
2 383 39
3 2 526 428
2 747 794
2 383 444
3 439 66 116
1 794
3 750 468 196
1 334
1 704
3 283 622 304
2 766 723
3 704 258 66
2 242 2
2 115 452
3 428 794 283
1 147
3 304 66 483
2 304 622
3 729 242 147
3 723 622 750
1 258
1 766
3 747 304 526
3 428 66 283
3 283 766 439
2 622 576
1 666
1 196
1 116
2 304 116
2 666 444
1 576
2 439 334
2 428 439
3 428 383 66
1 526
3 723 116 468
1 115
1 444
2 576 766
3 39 439 304
1 115
2 729 147
1 747
1 334
3 283 622 723
2 622 444
2 258 334
2 729 439
1 750
3 794 452 334
3 304 147 794
3 66 468 304
2 766 439
1 304
2 766 622
2 428 666
3 794 39 576
1 2
3 483 704 526
1 258
2 116 576
3 766 428 383
1 526
2 66 2
3 66 242 723
2 526 334
3 116 304 439
2 452 794
3 666 39 526
70
1 56
3 56 51 241
3 217 51 148
1 175
3 283 241 183
1 148
3 2 56 183
2 148 2
3 175 217 56
3 56 148 175
3 51 98 183
3 175 148 56
1 217
1 51
1 283
2 51 241
2 2 98
2 217 51
3 2 51 56
1 283
1 148
2 175 51
1 217
3 241 51 2
2 2 56
1 283
3 148 217 241
3 98 217 241
3 56 98 2
2 148 2
2 241 283
2 148 56
3 217 183 2
2 51 241
2 98 175
2 217 98
3 241 148 175
1 98
3 148 183 241
2 98 175
1 183
3 2 175 217
3 51 175 148
2 217 2
2 51 2
3 241 217 283
2 2 98
3 283 2 56
3 98 241 217
3 2 175 56
1 175
2 217 241
2 217 183
2 241 175
2 98 175
2 175 51
3 51 2 283
3 2 51 183
2 98 183
2 56 2
1 56
1 183
3 56 175 2
1 241
3 56 98 2
1 98
1 175
2 98 2
1 51
2 217 56
70
3 230 390 509
3 141 230 453
1 425
1 178
3 340 293 149
2 5 390
2 406 178
3 141 509 230
1 425
2 509 340
3 103 254 452
2 103 57
2 149 406
1 230
3 503 425 406
3 103 452 178
2 503 230
1 425
2 425 340
1 425
3 293 340 189
1 141
3 229 149 453
2 189 103
2 149 141
3 406 230 452
2 5 503
2 503 452
1 453
1 254
1 293
2 229 503
3 230 453 103
3 340 5 293
3 340 229 452
3 37 452 141
1 230
1 503
3 425 37 229
1 340
1 178
1 390
1 37
1 452
3 503 406 509
3 340 229 509
1 340
3 103 340 293
1 453
3 37 149 254
3 390 509 149
3 5 189 103
2 254 178
1 230
3 452 453 509
3 5 230 406
3 178 229 509
1 425
1 293
3 425 149 230
1 230
3 509 254 37
3 503 57 229
3 503 141 453
1 37
2 390 406
1 230
3 189 230 57
2 141 390
2 37 229
80
2 54 38
2 7 38
2 7 38
2 38 7
1 62
3 38 44 7
2 62 38
2 7 44
3 7 54 38
2 7 62
1 54
3 38 44 54
1 54
3 54 7 38
3 62 38 54
1 38
3 62 44 38
3 38 54 7
2 54 38
3 62 38 54
3 38 54 62
2 38 7
3 54 62 7
2 62 7
1 54
3 44 38 62
3 44 54 62
2 54 38
1 7
2 44 7
1 54
2 38 44
1 38
2 38 62
3 38 44 7
1 7
1 44
3 62 7 38
2 7 44
3 44 38 62
1 38
1 54
2 62 44
2 44 38
2 54 62
3 38 7 62
2 44 62
2 7 44
3 62 7 44
2 54 62
3 54 38 7
1 7
1 38
3 38 44 7
3 54 7 38
2 38 54
3 54 62 38
3 38 54 44
3 54 62 7
3 38 44 62
3 62 54 44
1 54
2 62 54
1 38
3 44 7 38
3 38 54 62
3 54 44 62
1 44
3 44 54 62
2 44 38
3 38 62 54
3 7 44 54
1 44
2 62 44
2 7 38
3 54 62 7
2 7 44
2 38 44
2 44 7
2 62 54
80
3 10 106 140
1 210
1 167
1 10
2 215 167
1 88
2 10 96
2 106 215
1 96
3 106 42 88
1 167
3 96 10 88
1 42
1 210
2 54 96
1 88
1 140
1 215
2 10 88
1 54
1 54
3 88 106 210
1 106
2 54 106
3 215 140 10
3 167 10 106
1 10
2 210 106
3 54 215 42
3 140 10 42
3 10 54 215
2 42 96
2 167 215
1 88
3 215 106 96
1 106
1 42
3 96 54 210
3 42 54 140
2 210 167
2 215 210
1 10
2 215 42
3 88 54 10
3 10 167 96
2 42 210
1 10
2 167 88
2 106 42
1 10
3 167 215 10
1 96
1 167
2 106 167
3 167 106 210
2 140 96
2 10 167
2 140 106
1 10
2 167 10
3 140 54 88
2 167 88
2 54 42
2 54 106
1 210
1 10
3 215 106 140
1 215
3 210 42 10
3 167 10 106
1 167
2 106 140
2 10 210
3 210 42 140
1 215
2 10 96
2 96 10
2 140 54
1 140
3 167 210 106
80
1 215
3 5 13 181
2 85 13
3 250 143 85
3 5 13 134
3 310 215 47
1 250
3 5 215 419
1 341
3 181 419 215
1 181
3 419 174 386
1 262
2 134 85
1 310
3 47 419 5
2 47 13
2 341 386
1 85
3 215 13 386
1 134
2 341 143
2 386 215
2 134 250
3 215 262 386
3 174 13 134
2 134 174
3 174 134 47
3 419 181 47
2 174 310
1 174
2 134 250
1 419
2 5 143
1 262
2 386 85
3 310 143 13
3 174 5 341
3 341 215 181
1 250
3 47 262 134
3 262 5 134
2 134 143
2 419 262
3 47 341 174
1 174
3 13 174 262
3 262 143 85
2 181 310
2 143 310
1 47
3 13 134 310
1 250
1 250
1 341
1 386
2 143 310
2 13 85
2 134 386
1 250
1 174
2 386 143
3 134 143 47
3 419 174 386
1 85
3 5 341 386
1 386
3 310 341 215
2 262 85
3 174 85 215
2 310 47
3 341 215 419
2 386 310
2 85 262
3 174 215 5
3 174 341 47
3 13 310 386
1 250
3 262 85 47
1 386
83
2 2 91
1 72
3 9 116 163
3 48 237 120
2 254 198
3 149 127 198
2 120 9
3 254 48 2
2 48 91
3 259 9 203
2 2 237
1 198
2 2 116
1 48
1 203
3 203 77 72
3 127 77 198
2 127 203
1 254
1 163
3 254 72 127
3 2 77 203
1 72
2 259 149
2 120 9
3 163 116 198
3 254 116 77
1 198
1 127
2 198 48
3 9 48 91
1 198
3 259 127 237
3 72 9 91
1 91
1 2
1 9
3 203 127 259
2 163 116
3 116 254 259
3 149 163 203
1 254
1 127
1 77
3 2 237 77
3 72 120 77
1 77
2 116 198
3 77 198 48
3 127 2 91
1 237
3 2 149 91
3 127 77 203
1 203
1 149
2 9 203
1 120
2 9 2
1 203
1 48
1 127
2 254 149
2 77 163
2 77 254
1 198
3 163 9 77
2 77 2
3 9 203 198
2 9 127
2 127 9
1 77
2 259 2
2 163 120
3 127 116 259
3 198 254 91
3 149 9 259
2 203 198
2 9 198
1 163
1 9
1 198
1 9
3 254 72 237
89
2 64 495
3 64 251 360
1 64
2 474 120
3 495 160 82
1 474
1 360
3 405 209 335
3 360 251 82
3 335 209 505
1 34
2 505 447
1 527
2 447 62
2 251 120
3 495 261 251
3 495 447 251
1 447
1 527
1 405
1 527
2 160 43
2 82 335
3 120 251 261
3 474 160 405
3 495 447 62
1 2
3 209 160 34
3 160 261 209
3 33 251 505
3 292 474 2
1 82
3 505 405 120
2 495 527
3 43 292 505
1 82
1 505
2 360 2
1 33
1 33
2 405 160
3 360 209 405
2 33 43
3 527 474 335
3 120 64 33
1 160
1 335
1 64
2 447 405
3 33 209 447
3 292 495 405
2 474 261
3 64 335 160
2 209 120
1 474
1 251
1 64
1 505
1 292
1 360
2 62 405
1 495
1 495
1 405
1 261
3 209 251 64
1 251
1 360
3 64 495 34
1 251
2 209 335
3 34 447 474
3 34 495 251
2 251 64
2 43 505
1 209
3 43 34 120
3 82 292 405
1 360
1 62
1 527
1 2
3 62 360 505
2 495 209
1 2
1 64
2 160 82
3 43 405 505
2 405 527
99
3 1350 544 1894
3 2161 643 1773
2 2291 674
2 489 763
2 1974 52
3 184 254 728
3 1894 2278 1383
2 763 1458
1 768
1 1819
1 1474
3 95 47 485
1 729
1 1271
3 468 1848 835
3 135 421 835
1 202
2 2193 224
2 1764 468
3 651 1773 1271
2 606 9
1 651
1 1500
2 1350 1937
2 651 1245
2 835 278
3 1202 1940 2309
2 1202 908
2 135 1110
3 184 1994 95
2 815 1089
3 729 1383 1158
2 1637 544
3 89 768 2195
2 473 89
2 991 9
2 914 1350
2 991 872
2 2146 224
2 948 2009
1 47
1 1677
3 399 167 2278
3 2066 135 970
3 89 1110 1773
3 729 643 517
1 517
2 89 1529
2 815 485
2 1894 89
2 1039 47
2 184 468
2 970 302
1 2291
2 1638 1994
2 1606 2106
3 835 1911 1563
1 526
1 95
2 1465 1848
1 1110
1 1318
1 1474
2 421 1722
1 1474
3 1637 2135 768
2 991 489
3 1158 278 167
1 202
3 485 2101 1677
1 2238
3 651 1474 517
1 1606
3 202 1677 2135
2 2066 872
2 135 1465
2 991 399
3 167 1383 526
1 1971
2 1894 908
2 1039 1894
3 95 2016 1994
2 1994 2135
3 526 651 1039
3 948 728 1869
3 544 392 1350
3 2135 574 908
3 970 674 254
1 47
1 135
2 47 835
1 95
1 1500
1 2193
2 2195 643
2 1437 468
3 89 1474 574
3 1563 1764 2291
3 421 47 1677
100
1 589
1 1228
2 101 1631
3 970 1734 1700
1 2455
2 2378 1484
1 1898
3 333 788 1529
1 1238
1 2005
1 72
3 1825 2378 2121
3 683 216 2455
3 1484 923 2293
2 1009 1561
2 2417 1618
2 519 619
1 1009
2 749 2490
3 2024 430 2246
3 2049 1804 1700
1 378
2 1560 1631
1 2378
3 1158 1864 2378
2 294 341
3 192 612 2298
1 341
3 1700 221 387
3 1636 101 209
2 1238 216
3 257 683 1529
2 2154 1589
2 635 2363
2 1636 1348
2 48 2246
2 716 352
1 48
1 923
2 1179 1276
3 72 788 2024
1 1179
3 1804 683 1106
1 716
3 890 1529 1125
3 216 2490 719
1 749
2 2152 749
1 2334
3 2363 1898 1238
1 48
3 1238 1276 1395
3 2154 519 294
1 1005
2 2154 224
2 923 716
1 849
3 1631 387 1057
2 2490 1126
1 1780
2 101 227
1 1009
3 1057 597 227
2 72 1179
1 597
1 2298
2 1589 209
3 1448 209 378
2 749 635
2 519 1179
2 1958 2506
1 2049
1 2005
3 2024 1106 1312
1 1589
3 2506 1057 1179
2 1631 2079
3 341 378 1608
1 2363
2 227 72
2 430 1312
2 1700 2049
3 9 1106 48
2 72 2490
2 716 1608
2 2363 2079
3 387 1395 209
3 2490 1636 2121
2 1618 788
3 1108 209 683
2 713 2363
3 2024 2049 9
1 1409
1 2446
1 890
1 2154
1 387
2 1448 387
2 1348 1529
1 1958
100
1 176
2 59 105
1 185
3 193 17 105
1 3
1 176
2 45 105
3 3 17 176
2 193 176
2 59 231
2 59 193
2 3 17
2 105 3
3 231 17 193
3 3 231 147
2 231 3
1 176
1 3
1 231
3 231 193 45
3 185 193 176
1 59
3 45 59 147
2 147 193
1 231
1 176
2 59 193
1 147
2 3 185
3 185 231 105
1 45
2 59 185
3 45 3 59
3 231 176 45
1 176
1 176
2 185 45
2 59 231
1 17
3 3 59 185
3 231 147 3
1 185
1 105
2 231 105
3 193 45 147
3 17 193 231
3 59 231 185
1 231
2 3 105
3 185 147 3
2 105 59
1 3
3 105 147 59
1 193
1 59
1 3
2 185 176
3 3 59 17
2 3 59
2 147 105
1 231
3 147 45 3
1 193
2 185 231
1 45
3 176 185 231
2 45 105
2 231 59
1 105
1 193
2 17 193
1 193
1 59
2 185 105
2 231 185
1 231
3 193 59 3
3 105 176 59
2 147 176
2 147 17
3 105 231 3
2 17 59
2 105 185
2 45 185
1 231
3 105 45 231
1 147
3 105 3 231
3 3 17 185
3 147 231 45
2 147 17
1 193
3 59 147 17
2 45 185
3 105 231 17
1 17
3 185 147 45
2 45 147
1 176
3 3 17 59
100
3 395 259 57
2 37 259
2 361 6
2 212 288
3 395 259 426
1 121
2 265 157
3 288 320 259
1 426
3 265 37 439
3 259 361 121
1 361
2 165 239
2 439 257
2 121 37
1 288
1 259
1 6
3 257 426 165
2 57 439
3 157 259 239
1 57
2 259 288
3 239 265 165
1 426
2 288 259
3 81 239 439
1 439
2 288 361
1 157
2 288 290
3 6 439 259
1 57
3 212 239 439
3 395 288 239
1 121
1 265
3 439 157 57
3 57 6 121
2 259 157
1 165
2 165 157
3 395 239 426
1 157
3 288 290 37
3 121 288 37
3 239 6 257
3 81 239 257
1 57
3 37 6 157
1 439
2 290 320
2 51 426
1 439
2 157 51
1 426
1 121
1 288
3 121 212 426
2 320 288
3 259 439 37
2 288 395
2 395 37
2 395 320
2 121 290
3 239 288 212
1 37
2 361 239
3 288 37 81
2 57 37
1 320
2 259 290
1 81
2 121 157
1 121
3 395 257 37
2 57 165
1 395
3 395 51 6
3 361 290 51
1 165
2 426 290
3 259 57 165
2 290 51
3 257 212 51
3 265 37 361
3 290 257 395
1 257
2 259 57
3 157 320 37
1 51
3 157 81 165
1 259
2 288 57
3 361 288 395
1 290
3 51 361 57
3 81 395 37
3 51 259 290
3 290 6 288
6
2 10512 21899
1 50
1 24299
1 18674
3 4573 21853 17232
1 3362
3
3 1508 39 3950
3 1924 3100 688
3 1200 1891 2747
5
1 11878
3 4327 12873 4999
2 8848 696
3 4436 7729 10966
3 9161 5521 12523
0
