1
1 2 3
2
11 10 30 12 20
2
1 11 12 13 14
2
11 12 13 14 50
3
1 47 48 49 50 51 52 53 100
1
38 7 85
2
17 5 70 36 95
3
49 20 96 79 29 114 3 120 160
4
152 263 299 86 290 2 283 29 216 343 16 40 215 50 179 107 384
5
627 5 690 365 173 503 53 726 654 247 287 552 401 23 772 373 69 710 128 295 22 39 428 214 469 657 78 585 317 87 581 331 796
6
1094 40 197 771 424 525 201 564 3 879 987 1514 495 1217 1057 582 1686 938 1383 371 1558 346 1431 1001 242 246 321 1636 695 892 839 88 463 796 1206 128 1324 1260 1118 384 656 223 732 588 142 1468 1373 607 1067 1166 1676 1018 1506 296 1349 1600 941 122 173 1249 1381 1003 1275 439 1701
7
2023 1732 1462 3053 2894 2236 1146 1008 2441 1249 1233 291 408 808 350 1556 2325 3084 2383 237 1898 1182 2133 1344 2275 140 840 173 2328 10 2962 2870 453 1067 103 615 1560 2824 1409 1610 2942 2398 1654 1213 866 671 900 2410 441 265 1858 1326 208 1299 58 308 1942 1454 2594 1661 1763 2682 2752 1929 1699 747 2607 647 2395 3026 87 1143 1389 2208 282 2481 2832 1317 275 949 2675 1934 1933 2342 1666 2819 2548 916 2856 2521 1056 2178 714 1290 365 565 1748 2086 1672 2016 1101 2120 1613 2935 1973 1412 896 1850 985 1509 2047 496 2077 786 2810 2250 2726 2289 802 1504 373 732 527 1800 2978 2638 2922 2763 3104
8
2194 6423 2976 1340 4408 6154 5250 2238 4828 1544 1490 5992 5074 2834 3437 1019 838 774 5114 87 3500 2290 2769 3233 3117 429 1849 6390 6222 3545 2328 4124 5411 4382 1450 1915 6532 3806 5331 5216 342 4225 4314 5038 1309 28 5158 1974 4335 6046 3454 657 4447 6596 1132 1584 1418 4666 275 2585 900 1932 3912 5582 3830 2819 3374 2835 3153 2506 901 711 4410 3567 4821 3234 4073 6353 4035 5289 3133 5952 6137 3584 2351 1211 5385 4989 1613 5166 6153 46 6090 2484 211 5912 5504 1611 5804 4553 3738 4623 1233 3939 3268 1291 3285 2126 1456 4919 4300 889 5671 4095 5450 5083 36 1371 1049 3041 4512 744 849 5192 6506 3954 4861 3406 1898 391 2206 3627 6251 4240 2397 2159 4483 1278 714 4649 5710 236 5549 2345 2712 6184 4693 3084 5247 5440 2956 475 3764 3057 5455 6544 5814 2539 1712 2656 3663 6319 970 2001 5586 161 6 4254 1810 4954 4782 4165 5372 413 2735 2629 6465 2863 2447 4098 601 2537 5704 1503 5774 4724 6558 2286 5635 1382 707 6517 867 4761 5750 619 4631 101 43 6123 2911 6275 2197 5862 3163 3711 1042 537 1091 294 4893 5989 3548 3209 5695 3989 3576 1718 3021 4195 3303 1179 4068 6178 919 968 3869 3339 4017 824 1867 2679 127 4099 3559 3123 1662 3983 2050 2360 4112 6564 6004 4576 3447 2383 495 2093 1324 2623 3616 4069 1764 572 1200 5645 6645
9
520 4393 1013 41 6784 739 8257 8438 3937 9293 2591 7816 5990 7415 5934 7700 3396 1414 5221 11959 8804 558 10252 5679 11270 5061 1840 2198 4844 3267 8520 7964 9519 663 12565 10831 2733 8268 891 7799 7905 5850 11686 12045 1124 159 972 2984 8312 8174 8405 696 3495 1319 11121 9584 4521 2645 4442 12606 2178 8153 5137 12132 2304 10440 9810 7517 1524 11301 8059 5578 10513 7250 8872 6609 9377 9976 11206 12354 11162 7558 3865 4624 10854 9118 681 1712 10585 4990 6910 10913 2504 5101 4415 360 10802 8237 1808 6018 1402 9824 2555 2342 10351 1572 4283 8101 6335 937 8106 6447 10355 9142 5995 3980 11879 11687 8244 10061 3556 3806 9602 4242 8009 3334 11371 3066 3145 12214 7309 4860 7644 7348 6163 2460 4282 3721 3629 2857 3191 2985 10318 3524 10490 2924 9699 3574 9992 5361 3904 3038 6122 9255 7999 7734 10158 7784 4715 4591 8631 2564 2033 12267 10788 11629 3971 6578 6537 2392 9458 5769 10566 2517 8274 9499 2961 10392 11783 3928 384 3000 246 1390 3360 11847 8961 6676 9655 12177 10679 211 4897 81 6437 4028 3527 4352 5268 10674 11661 9181 2102 10197 4118 10620 10178 291 7877 6785 12727 7845 1869 5699 12842 6931 1427 7183 763 10750 2264 11745 8913 4049 5741 5409 12404 6753 10001 10708 7926 7598 1437 7137 6509 11045 7871 1238 71 804 8722 1949 11824 1918 6314 4303 9300 4341 8589 2691 12260 139 9322 2789 4977 8234 7958 6454 12556 6519 3622 12801 2516 1084 11563 1997 7834 7067 3299 1280 10285 4252 10131 7117 7306 8473 9125 4422 303 2907 8766 4790 4099 2882 1769 577 8839 2104 6263 12768 12407 4333 5733 3756 6398 5731 1660 649 10254 9760 12223 6060 12844 10039 10518 2809 3473 9371 1804 3105 4943 2084 329 1170 73 2492 8559 3716 9605 2719 584 5581 11082 6832 2413 3686 8128 4105 9203 10774 10677 10084 675 5609 10868 12701 426 12020 11953 9405 12503 12446 4838 802 5540 7874 9891 10003 10624 7365 4467 9726 2637 9991 117 4818 12312 1601 10220 4620 8779 6957 11405 10089 6295 3830 478 12515 3376 6220 2276 8208 2426 6875 9932 10989 1188 5294 7099 7487 449 6653 819 8 9545 4761 4192 2526 2070 9621 11531 9032 9897 11166 11358 8701 7194 10806 5646 12030 3554 9274 12007 4278 3658 11033 1743 1405 7030 8992 2242 2765 3141 6272 4244 6724 12651 3226 1481 7479 1039 12369 9251 195 4561 4780 8346 5807 3428 3413 5038 3238 11722 11488 7654 9076 7617 7434 9861 625 12653 8358 2441 12560 1626 11453 5970 5198 5338 11183 11584 11225 8674 4666 2726 6184 863 1303 11330 3411 5456 7207 11919 10500 5560 508 9190 6983 10982 1610 6391 8321 6586 5904 4866 8490 2149 12083 5870 861 6084 5614 4041 11471 4364 26 6000 9803 10963 443 5499 12798 9446 4262 12411 928 12457 7538 11628 10249 1037 4165 7572 6466 2370 5159 6351 7280 1675 4511 1348 1595 12878
10
23780 21290 9078 22404 21846 185 10141 15846 21026 14632 20925 281 22307 825 18452 21635 22310 426 3179 3629 17498 11065 5448 5886 9126 17660 484 673 4688 21490 17784 798 19421 833 18970 17249 889 22216 1929 9884 22490 8364 19917 24449 17431 23902 20510 1091 5412 1320 19850 13369 16082 2141 18766 12974 1294 24177 23465 6798 13813 4353 11553 4476 1521 1560 23098 16258 5359 23663 20463 1667 8647 18323 14855 3762 19596 23894 18372 12038 24921 11903 17562 23491 10272 15027 8812 17555 1437 22799 25307 14976 14536 18256 2894 3889 19186 2152 20992 5092 13594 18720 4266 2288 2315 2361 2105 11784 18122 20234 24996 19247 13725 2547 2577 19474 9783 9043 13554 10554 2788 2278 4188 8052 10244 2913 22285 19210 1680 13289 20848 3077 20882 6556 22525 8076 20966 3221 8649 21453 18673 16115 16600 15536 18881 24394 13264 3965 10067 3555 3556 3598 5089 6593 106 3670 22859 23270 9538 5351 6010 6687 4770 8249 17231 3715 3952 8336 7090 4028 4055 4061 13179 5387 13543 4158 4169 16148 22406 10719 23519 7566 3276 17349 3795 25172 7384 21018 917 4436 4446 14468 11515 1171 7719 19773 52 4645 5260 13276 11102 13071 11250 22546 9258 22632 4875 21171 4917 20009 19320 25141 9460 19899 12790 2442 2054 8695 21332 1446 5185 14783 13424 23077 4008 12298 5312 11328 3345 13972 191 18355 6689 2890 1048 553 15103 25247 15420 23773 14955 7527 15348 12603 17915 5586 3850 15711 13462 15133 8338 14882 5805 5817 17507 18945 12810 13178 5946 16551 5983 24763 447 7500 7139 5767 19828 18098 12352 6257 6772 7178 6328 7085 6357 22061 1854 6413 12831 16979 14916 4585 8176 14010 19713 20860 23937 3867 16760 9938 6240 23586 19140 9980 3019 14734 20431 10240 9428 3365 7075 7022 24639 16048 6727 1473 5413 1027 17459 5524 21709 14188 5672 1005 20889 4234 7233 5952 2717 7522 12723 861 7581 13687 13924 2409 7666 22576 14650 334 22232 11316 22097 17354 11292 6628 21234 3011 8003 12522 11601 8256 8084 4114 6717 16836 9005 4821 1602 21861 3665 11604 3933 12676 24666 8389 12954 8709 17577 5705 1651 14926 5256 16168 17602 22005 23585 10029 20300 16641 8464 18631 8763 21661 8819 24151 10695 15048 4421 20789 8182 14263 5147 19658 13411 8928 11593 2474 5328 14251 17008 7826 5581 9679 9306 3701 21935 19502 17173 17104 2794 23620 24013 23244 22684 1912 21826 6506 11278 14779 6618 2528 6266 9836 15909 6196 8075 62 2169 6094 10030 24212 12930 20946 23178 6476 7695 11021 1989 11744 10309 10800 12117 5765 9602 2841 6435 20717 10483 14036 2243 4313 21434 15485 924 2488 10774 10817 9483 24565 15217 10932 10958 10977 6938 20587 22887 621 10743 1996 18902 3483 19584 11281 15458 9804 18907 935 20656 11374 19711 21895 16953 11474 4511 11539 15546 4078 18300 4649 12271 11672 16716 16215 9083 14831 21929 11812 3651 24049 7854 23549 5627 12371 13466 13140 1663 24165 22701 18791 6180 14770 23142 20289 507 6133 10408 3511 12434 17698 4432 9231 9715 9199 2021 3823 8634 6957 6342 12736 15018 21396 298 22101 5374 12855 17324 23144 8432 23959 12988 23017 143 18326 18998 10201 12754 14184 8151 3303 24130 4818 21324 6504 13386 5550 9533 8977 17191 8528 2622 8736 17902 5025 25089 9000 7626 25142 4414 19099 15743 16669 15782 12039 13932 12565 7308 5262 8499 14058 14664 14130 2693 23778 11695 5353 14833 20000 4708 14312 14332 11422 3386 25216 16222 13218 21367 10425 2110 18239 7699 13458 14713 4565 636 25258 5210 22426 23741 3508 14420 24493 15346 24323 18189 263 364 585 11349 10155 4403 469 15154 15176 17828 4072 6304 15309 21108 15670 19064 13105 20093 22685 15493 17353 18548 10456 3236 1955 23318 21701 12079 15351 14496 16488 15827 13775 15878 4170 5915 15965 15995 7752 20331 24696 8589 20542 10799 5458 16106 23396 10889 18351 8631 22262 20247 19338 6675 16288 16338 21058 12204 7457 16471 9740 15182 21597 18299 17969 23005 5116 18547 22825 14289 1725 15958 729 16906 1753 16961 22188 13031 1131 17057 13488 17139 18105 1163 24084 25111 1015 22920 22611 18674 17387 14378 18266 18510 1022 7227 7061 6888 21834 1911 7274 21353 769 20217 9641 13529 24166 2199 25134 8214 19122 11922 7786 10533 17863 2959 7003 17925 23658 18015 7882 10355 1847 2996 18150 11735 5450 5718 24136 5012 1951 17025 11029 3162 18324 2653 8840 12159 22464 22710 9322 13978 18490 15999 12895 12067 16158 16069 20056 16402 4622 17328 14558 22942 12006 6407 9866 23892 18895 20699 11703 4915 14203 17298 19043 4971 18607 12475 24608 7009 8305 23344 16054 18316 1643 7921 17789 10395 1364 9409 13316 24219 6067 22354 15137 19700 21574 21157 19726 9166 9568 13637 16787 16262 22107 2132 19929 19964 10104 17756 18611 11203 5484 24296 20178 17636 16422 7408 7963 8674 20297 17727 1803 5113 192 3309 20461 1685 14163 19278 838 18208 953 22127 2084 20755 20127 380 3027 11853 24966 23830 11300 24933 9006 3208 12385 21588 19544 16363 21092 20828 17844 11649 19456 1232 25032 21269 13892 13331 20926 8886 23363 24664 973 22424 10600 4721 21510 1795 10649 10193 19380 12313 15098 7399 12481 7242 23101 20275 16537 15587 15780 18398 2400 21911 1433 11138 24585 23441 22033 22043 9920 22795 6590 9189 10843 22169 10922 9366 22219 208 16605 7351 12793 15265 21789 18799 4174 11401 5520 22907 2541 21631 20360 220 18848 22990 22628 6847 22670 23420 8120 24529 7661 3678 6035 23006 15350 5307 1861 1031 21748 11437 17609 9270 5501 20385 23048 6450 1594 1253 3109 7 4402 17788 6409 18439 23309 15624 427 8655 9628 1217 24897 19793 12649 21541 11962 17753 3436 16011 23646 24258 12246 23706 14594 9541 5836 20634 9290 9212 21197 1775 8531 23197 8345 4864 20159 12734 7898 322 5905 2219 5325 22466 1129 18055 13850 21506 2766 7665 24363 16588 24432 24446 17283 1691 4523 708 3140 16870 23984 21961 23877 16041 24727 14357 24788 24815 24858 18583 11172 5138 4962 5064 25018 21244 25039 14088 8564 13777 19644 12070 19888 15393 1392 22754 12606 25345
1
376367013 989464296 385599125
2
782916802 358140081 898415172 78377939 847912645
3
33420741 854199663 559301752 53313254 34763160 742261681 285906747 171274023 531682046
4
722032663 424623254 774364611 179926968 978145894 510211893 264125858 203393748 788912528 950305054 233191093 916901718 11568772 551120745 703211380 201620672 183695874
5
594944846 449216313 72845248 896193555 935551894 461913290 336823977 457419763 610051112 623621497 398962408 200135597 170226832 336111143 270027322 580128589 413753116 814230807 665955402 461283594 914689320 229453232 820099707 242882326 106005697 336628938 571744279 47584891 146980001 595440628 794946660 700680580 872449795
6
153825155 797762645 373538167 235616181 241049305 415700819 114673012 124934800 593951356 687524372 26367219 423898568 703929380 615448498 33571095 101517012 821553752 584692754 650264651 407784436 867529847 429754201 119659344 713893904 495529501 986091986 967838129 742048328 857046257 490268123 962159451 264986656 104576384 201651952 171705200 29132945 742132465 861289137 148834388 611298565 934934393 194879400 921345778 848179310 208442731 43028921 49240670 283940453 716391170 496887795 724013973 854671993 539221796 580897004 536559387 671941879 533881497 938253090 913929115 890185621 33074362 436533893 215638557 107231383 510082669
7
325638706 290909875 161761362 27991386 760861128 136965653 109201247 924281896 236718261 775646665 835271913 546438198 231763417 448506790 364891955 815801990 704230463 350019659 593567897 247523804 130417027 195627123 270232496 27224818 450607086 206048742 826908205 493884984 381642254 657759750 166785390 492790037 730616445 95150614 525314581 207395094 411570332 975183194 72117196 799729837 389945783 254902618 254369620 287081735 665220596 455287439 230378220 694451805 453351956 272142730 304789700 621787173 722856083 693794724 630091199 554301016 68500676 863822541 942262996 809735489 324009105 966717974 769015825 518992640 775272675 2956104 180283836 590905800 206323720 314600857 661601547 877427287 128983418 963059181 900242391 837223693 854857722 180561340 41708836 775694199 680776511 371059562 281800895 53327664 573099016 329338105 385671138 633577222 541456591 437418007 494157202 816810487 926249731 638499761 802543939 744356708 601620639 600549209 63050887 397456619 365819976 33348207 891596485 321934556 874368266 737056709 304493748 114393833 951594331 491546511 552513681 208257211 118295400 360956002 390649838 274247764 404144971 325258657 450867910 214975745 725415851 854215208 932601850 448053802 474190563 501800481 947200132 908007702 853779203
8
236870631 573526582 574903543 74352254 50937723 938511126 42641821 720575904 717250731 144292342 505447546 995443468 455729742 323325984 505540299 972424541 329358160 858652695 724150194 131055717 61751755 21514002 813237745 885026185 673304395 997696251 99544179 270594457 190262139 718386055 36935933 195179319 406981400 691101365 231323382 684744377 173521324 461102059 225991965 7861851 328293018 490548414 287518692 997995567 813853554 5997301 352023511 645737543 809806263 817179076 757409436 559345086 371606221 885660974 860788067 366419152 931453304 933469744 68961075 692207189 725410246 349796559 70679281 741439736 458483279 438942871 397866741 641623173 798183747 121829271 267159992 657482663 726090049 472085662 799116124 651570644 761494079 965980198 307233546 447479381 333710211 255424959 730546954 744798636 769190650 788939660 335730593 656550616 673090935 806774643 170988888 571953173 555455482 285644471 791447165 408545358 91364110 767768535 224514180 644202247 879051630 567981346 818341247 375879028 205950790 87599939 22567009 229615914 774317997 879636140 909836729 645364354 304006312 841765208 67302507 605817838 330136934 859843807 790947941 697427642 923561709 946702218 578206204 425781724 818947139 604080476 570614783 143128769 826527063 971087659 697361443 666347861 288031578 313299696 571905101 790218199 918544642 975603063 202337171 976795022 24025442 362583104 864840647 867383964 715119890 181793868 798564008 153323988 737965937 421521170 165193527 957202064 674292072 557018657 312513163 353318535 753282658 567195152 275734058 630672363 836063556 517206904 896541654 38599080 517207346 996167337 996796393 984433544 290140761 896410661 685868028 206438337 715450765 892601444 12544723 287224916 148656645 986972257 878838377 380735441 760495210 218801442 354984646 614737389 725507558 18972201 174689303 630653309 405863272 493874297 370006428 55961416 58542517 939037339 44219868 822345959 463096430 274407414 360241469 634401048 713476741 609032649 683967778 873343159 509437524 22259560 390129857 250253345 23907368 31033668 438419365 773960165 498520040 573064946 168399035 91033902 26130390 28297451 432350934 256959778 716591794 621297446 707267840 447556251 121828631 157292213 401223794 866443247 173075436 196169336 125526534 469515405 902525635 203750043 829956134 593502856 231911917 861387465 367662214 566274829 31219141 129819897 173579808 786312289 351830110 220410229 603746106 439733079 537930909 728865795 622274418 435583318 766224700 206986577 553816212 351931037 52871579
9
482363412 125541911 244540255 5193831 757539002 338218156 653094904 281104325 312671475 355860168 677272962 449272503 331751462 541743928 253031103 86378521 452469897 75745584 828552203 554354942 722484588 216300936 123549903 253282227 845839251 378771021 448591851 634907459 711850725 726017081 368685015 823677185 549293987 648595479 367758183 917735007 857647561 921422115 629395115 633002818 55072052 95138046 428128700 108184619 689336765 141581570 391586218 290226878 868759774 116919023 204724951 475516329 563745733 236869442 186975907 591533422 732663076 594949973 835801212 680602398 665355489 691892405 477385292 101948305 15151296 249389684 577107899 879419900 200592261 131705916 950901095 875729293 162811616 16588035 699505124 865371954 796225068 534247792 654947384 688522031 302669594 464702983 119352027 92077956 764742199 571120519 18479816 510224817 686863891 823667359 361311789 1023395 490646609 795376072 912559204 944256160 483269989 820289199 67530738 720210364 878916974 245788936 12596936 919563259 423891792 96203779 686470803 404250456 176594531 63955434 484669813 268959923 333880576 150297242 40360042 632924806 935405633 320040958 372602746 638364617 862562210 807988994 133319438 973181891 274278855 379696360 753169043 680920082 567338378 310171169 479247528 523817742 772401373 918047076 145663184 801733294 530597765 130543388 942619829 696968414 275304814 391932139 896308445 2936378 375408040 827838249 450585842 686810504 127525197 584177811 209638546 319838963 685375799 154104985 487834808 539299373 779571267 378030828 319468665 318495674 994583535 937333327 827280374 726450531 121039547 699551222 484786129 912810595 103098245 837110212 244249609 979289736 593763106 591385701 250786507 473820192 283555123 913106599 408780652 177112615 714272625 774457071 435755540 476355253 25763418 626601535 355876100 163566188 489708822 110914856 880073734 228385716 795288577 713849656 711203623 156054125 81770636 651047046 293670755 80036690 419933978 730776063 698872076 741562230 940095461 118433812 805030444 570047728 68993506 601699760 561020436 162848266 321043661 976715525 474177930 168458337 720762750 622389534 975215909 454901005 751613545 630328235 95827579 54129000 199523779 674100208 713798431 934831991 142182378 523701173 759777716 795351309 573711905 581313980 478453391 636826162 150022915 801167743 939679739 947228929 755572773 692708321 405456622 980764935 187661257 789197307 155908762 849585092 197649119 227134700 908192039 684264443 496518788 987368180 577896174 609930446 739032984 932284624 64594956 473424787 826559800 359944223 288981814 337175382 412159582 895413612 684729163 80362907 922084726 365263986 649324717 996039979 608040681 130196450 171526892 402421118 159448990 950055348 766963454 586430766 758247319 53620399 925583047 489232812 214418639 207793852 993752125 857387595 299395853 208786596 749445130 777085209 866308961 211508860 22547113 767196297 819161640 78031211 366640295 36679640 901113669 217950758 932503393 505291259 285703817 798040010 21495403 16324780 582521850 416842262 709683374 88352040 791510092 375994515 279698355 666883212 308623475 215548634 955105747 903136470 65630683 735339746 115050248 555332460 680657068 894302532 628449177 958519600 671149261 492499560 367853854 797633354 999356187 418796665 217239855 42019657 20560014 899427604 580111283 669907553 711190526 800051837 832519511 599172512 582482835 385703362 842284403 540833829 737848560 445180331 447412917 729730840 123013605 552697233 419119251 365814690 621124694 866667957 341874919 570687558 581179655 641726362 322458456 110903811 756025119 846106214 693809829 925783027 632827964 806250656 105365169 861822316 348235703 280142222 723700929 797149951 332624670 518443835 140207141 427028905 867590412 801492701 50076969 789733436 198032402 953171522 140861885 55385002 284341653 844959665 474865206 889348789 816893459 453614887 155221406 681668336 496691520 74641017 973960462 972562328 223392588 106294380 349092879 361572197 848525437 692249387 206284753 492678280 717573323 31062105 943628761 301164692 408334687 138540428 468165439 548027079 480427964 173668568 183001936 885763027 287934996 64355766 68451566 141170268 305504767 590540770 226925639 844660033 483511211 173764181 349554347 82061451 192817243 738553511 454586803 200768199 366234324 395275275 292494196 443447637 964379795 458277108 629615057 284703867 913719458 543225366 321409961 277963564 850955505 368031652 16497431 495136410 599263112 313220088 337649225 326910384 757919356 169485444 83272448 465753731 182693133 638537758 84242491 523624104 607705168 685148199 200478522 988241155 882775021 433911067 167455776 31294800 694686489 795505141 480436601 398130920 59041512 546482690 986706476 129332317 406893975 652700012 251633576 787546882 323556899 588089825 784529507 140749207 674004483 49095137 207571130 426245375 381806673 255745039 707159692 466756299 589517165 747782459 594029815 200776756 846402832 362942027 946989935 672613966 318554865 964235605 22904996 927351361 382159206 212478792 272545017 742158860 790887574
10
325011370 846442131 852280413 360527930 467896326 50034980 821081629 944667051 934793137 398132962 268053284 994258432 549281388 845844165 199658538 214491476 212163401 201523995 83497463 591675526 642525567 132608151 294546879 879468603 267005994 366281851 103571020 225518991 712501121 918108714 140207706 44454519 473723767 46859425 885713212 234103205 292914287 843716087 911265183 452093532 389656077 96810095 629214042 880171874 43309983 265463805 735710973 274637857 309840104 567640128 764997746 323047454 690756759 103174185 840897571 480384073 293722025 492048186 679388060 617831338 486647476 236502005 776653097 257715714 372015176 842974905 321456786 898135720 185581497 462320833 389442041 915869222 932335359 761980256 868716204 955969279 949182992 665111421 387963106 418827580 335085770 723165209 69002861 390574691 569901818 678852743 182271771 246662782 297414660 740436247 701967438 102814261 808621893 129813239 91761257 647977952 959830472 478565247 225878098 277178199 649463783 76205165 499990261 71304686 432601787 783611930 157700467 497216163 336781767 186364557 279632263 659520933 419507682 467080124 637645887 331767448 572589520 758653646 172712089 663005106 341256854 173205602 763979261 333806760 470958158 55487661 377666336 805330333 868840310 811925832 961139667 990359808 565566046 447572362 545270106 809239117 409771195 355684983 163302738 292177312 154450420 323508567 985938407 541940078 416837801 592415955 82595643 242849713 433109893 660735751 786113975 907405985 173758093 251716677 427439364 486503735 81398025 735780696 225814768 328438381 588761104 998815952 245200782 76708577 429888254 126768118 587347113 40395456 240424911 237679655 309438505 449201297 718828878 776585536 642560814 548969089 813817403 700389675 68489552 383925373 392716708 123026960 113739532 55403834 328301813 174656461 214469986 398492815 872755464 190791550 709391365 285468790 257597900 952761753 522863720 681924587 966231323 7776895 862091161 433171160 228648018 140548802 615845985 775350323 601394535 621708797 293422739 368965845 834672812 495226329 574269176 134229185 746789582 739001710 299462770 537176773 123937436 725463376 210456749 733796599 212138691 829822459 76204091 194073348 157775113 290995876 957562684 188081472 723186813 789791348 735652051 471835583 672344430 523447847 250531714 931884579 727459177 206519129 28460610 20962836 465876927 31191732 990229790 980909392 738691228 583939355 50652936 963023587 587132048 10453572 184789246 47505298 318668635 793307633 659992986 641925517 555211531 485130694 164804586 861608985 799219886 804745498 890508766 314405652 348250984 843835880 203304494 71711828 186317636 574710031 381362150 393727729 305812114 470173623 816023496 76977562 609615141 463849033 474653094 68252479 881004542 424768623 445483114 390189508 936516197 713341061 872873195 230192186 482813738 304601101 712050839 555903551 846842057 173402211 272735097 99912560 63572865 5439892 858486633 676383965 654047985 81797379 956748385 4162560 758126729 440377529 492542367 121000283 22961544 99490162 25269995 729929253 547599820 900814259 80144215 346732405 152776830 998041689 965958630 99246788 544942001 68222832 499390970 919355501 526060126 378182183 488598846 804775313 23567404 263439200 448598369 487547388 209112099 692573054 951465158 108625713 669595772 262436359 310863330 873292532 423945816 697961455 694015077 557140172 771941530 141805823 879526562 413167574 21123322 581437911 867696757 968122208 41768427 98140558 191050867 682563401 476305275 475823328 574332254 865668008 408956073 642939173 82444435 288195580 511042444 752398437 547757758 922652287 252800759 545225606 446270966 32167761 382306352 531190933 412483440 366481458 340370584 70446373 897253607 857491177 467753811 692149885 431816682 956720099 133215134 19136585 30494456 944901750 514979548 751035301 687475769 317822971 77426822 104433242 620160119 632131144 130386866 658390456 478501729 289775989 900644770 316890295 542032663 131309937 334864530 101188038 121015246 141383067 794101283 138928355 843508063 366997604 906042811 751589835 300400675 561660280 171033752 452761632 450859861 843292544 232607240 330729228 666222759 879056513 420491017 926382823 701676858 42357773 615289657 36907709 107757178 585156600 676836276 994226309 851202604 967296960 14250662 998411006 633184096 129693005 894552310 593154185 169732963 16244193 871343235 690123295 150924856 110413981 135105663 11523611 634505455 758970071 828321724 429335596 182919156 389516632 751893649 107904968 818619240 104664427 825759186 36676300 263963784 915870252 175160658 67671443 49215665 911492145 685462739 614534465 814529563 146795781 553892610 630328182 334984662 210795231 772166096 844357354 607887607 725941686 60632515 904712321 125626127 697214916 431844398 817050842 698085358 786499045 823603135 874261960 897912868 540791341 556704574 553867624 642303824 311421118 887739723 866753676 178571017 801076740 488375911 84138673 134935603 378933029 10094232 575599739 523344184 92236018 499161228 352564633 306289841 796075239 228774753 879338757 642940100 466016273 607809646 779101636 379258324 35215766 601637446 185801218 246871704 794676170 264639945 973449492 629083116 597472083 521718694 608558459 645442057 118258737 139193674 799772237 442444649 500247981 913235838 18030526 395595210 920737812 247778160 693659259 477886725 459409205 919982983 548987609 364379365 527737486 213782543 629663744 706618195 969847882 884536137 818755714 905828775 253508296 808437122 560262436 273601756 614388226 119468273 41779006 322467414 780356518 97332165 29266694 346335539 507449588 813721145 596590615 849522721 756576337 839287866 339531818 797634999 85499016 697228409 251455944 552659579 491005618 253814398 869051104 676561095 151089188 930041828 728515043 491154850 73288237 882343065 525405735 869988097 92858220 474236861 388286434 613661353 688184555 26482762 42880231 937698504 298991678 903082628 280510557 640294478 666547647 585708075 667832278 834087690 868115370 677510610 100084818 545572660 50761324 819597871 774546361 316772316 556129667 714469152 118214068 471902617 388280183 67469700 855101864 218886104 746764552 548296222 896365016 476457249 19120437 907063356 644693023 649571011 438630452 979778448 956733658 610808497 72643601 56386670 552578497 641712374 95307104 722061942 865945985 317552830 210934417 830422694 268122386 616005839 176344827 256757659 362866224 569862920 628858577 213878879 184521819 423614425 521559448 880880528 377652683 343508173 58710037 477731759 364485051 387616231 50709326 79649444 668280050 165569229 805648824 506755038 214970684 255343387 569294708 260233125 564770318 520247049 584153522 406951151 609196535 298502507 358247426 745764418 710947607 312594060 823739779 828273970 134884121 447913214 78888123 361679494 444840392 316662959 872842180 730750687 962176810 275356398 466623898 280876655 730639422 290725692 717657670 900920282 822037275 832959355 174030130 120921400 737016465 332909778 738682763 760248104 110218064 861900267 703302476 317904679 222366636 789824172 208631960 812492120 401332 305564854 751322215 736654055 646428096 40425347 925089534 959232041 231914065 967351601 565345245 930558280 26210687 856150393 417653666 260139792 507627748 738604578 392881478 89920257 851139599 547847858 538830409 534063027 221851777 854168625 142030506 339982606 409015829 635729580 204682101 413951198 396042905 164515450 544360213 786767791 640272672 530182215 394125695 604326820 479841565 402362414 802457932 178345599 401814713 930940500 542365462 870733734 466607706 140128247 342802846 44356777 228357427 367674619 79196920 885478531 145650621 188677952 755667285 11898764 326918611 704721834 332530232 591824981 640350446 682965248 780721667 492743983 565622006 75590227 894419059 649283910 138707078 276289409 810118149 61738352 132820311 926230560 252020290 546237464 105372305 429229535 577419860 324314156 299133612 94109663 672498866 880570409 590669860 456790943 692532109 809642666 863307234 568482351 758205927 482153640 351113255 200051835 856094864 395089529 221957816 369433984 973479836 290378900 482660074 598179091 61238482 570456648 352480177 591846935 887192836 160581911 348389533 294329629 746899121 412554569 434222495 457646268 467621568 240733703 910874516 47803684 462640528 842379615 894583169 839013879 150570746 626018820 10890157 529434208 631296404 869324449 35204404 864415772 750924642 941419322 655241021 338996565 406681594 248807464 356605448 654665765 529127603 265566398 579154267 473627162 798467512 42202246 699433652 4550839 693808562 207549468 192548885 618519449 69426163 642573870 960900668 115426194 428129649 683329693 385898571 777338249 270211581 668554688 909660655 763096997 746903893 269688402 695731594 65251807 768546779 582506028 441700848 860566990 298285354 137271384 907443149 496165101 824510303 405600126 969968707 830714784 833373597 810179352 680040654 441467639 761270296 166060259 376393061 511707672 517157430 855219904 215019757 229007414 599301277 574767486 591475910 984716031 42388458 423541606 677653981 339606627 532457874 698479894 394761897 949088135 482245320 740133790 458313149 156888085 553179467 85388772 772601566 631341194 84277899 434282798 657808240 557925072 296615101 199859523 428628542 668895540 777433782 185626139 503645026 405517095 310371603 449425579 921671987 818294624 37457490 249128754 20899197 502248119 417562941 686245923 186920571 334710791 479216894 823526186 933745994 288621813 49322685 310380017 505943375 849502265 183431603 803580376 30862835 289435723 573019154 379487452 904372759 733244365 742426322 157451155 408256186 875878830 242285654 875058866 338077990 442873731 984066985 29094307 733495185 969308762 883786902 944765074 194681682 456204070 709424135 430380732 628668532 926345356 17132515 896845916 293068963 941175187 918093190 457433648 756004973 462630019 452287288 816007732 789958033 596159465 407183449 234669296 46522233 881666892 360741279 49201558 521794010 655004240 178035698 32734155 389299817 781912430 379268368 78417649 364079770 862060637 660863480 99945523 908885940 843527899 811232622 581542096
10
457574238 601403037 173908371 297116088 516545083 555773967 847624957 531732146 403507765 743119391 289200650 127515361 595924764 503769578 553187415 702819907 497923031 206308124 349495654 672957927 537353865 226160111 157806094 551073793 758864177 297635020 623631519 602540129 716656959 947132032 559650111 720253291 553744582 691067208 160814018 239747672 930205878 47328431 855566769 951152288 825190170 541426545 350905588 350270171 237260271 183172513 722292823 200472420 531252085 596078779 756488516 626596195 600111171 491389917 658454097 122032183 194681549 720699835 442087712 181803315 307291162 995266214 356036365 410909462 429748050 10961477 198601942 26049340 752650522 990806414 801538767 302369159 709461000 954539733 913663852 255011469 259748453 447592633 535940045 763058994 550582286 649182923 701871557 803016255 939415299 448456891 369882647 550092603 635949031 597682556 645678118 943910315 831645478 674604023 653746036 206761323 71023971 327107162 482507418 818207598 469589274 811679015 810606938 463815863 914442267 13600308 701199557 345526365 824664440 285699102 227538070 545292667 839550947 498461695 383881918 184417632 303921758 852558382 874925339 214320356 892947670 767533265 416174667 127589564 926986908 107748952 646361019 263154593 466601784 7559899 647374957 775544465 829623937 229565967 459188900 945545627 764638888 714050275 263973192 275858886 75760098 549719444 375807425 705406346 187902395 890735275 690139782 140666569 691911454 133086330 192686719 447651505 237375015 852735977 434773508 235809578 316600072 2733055 984481529 968068026 426454231 112061951 568415433 422751832 413273047 476115280 683446436 332371663 675818418 197411324 11261576 754257493 240345986 498499638 286179672 199608285 521432383 485709433 137072732 569067201 94652084 84366709 904810642 369805784 614296408 202789886 36926946 970385971 822844352 959121897 725503735 254594617 407153152 205395396 748562636 54187258 243947109 235565686 588657649 840623318 906342851 640950419 893783726 317109457 681782812 839844973 521174973 403286708 103480097 972594078 456883412 111168571 142399134 948937453 916267851 58978982 361817526 912342374 826275368 559207334 859557181 737091437 287812881 41553613 810445468 880045955 449738788 984684124 770092147 529631489 953065507 239967326 592489063 341758220 562684652 892732115 516342210 253421043 44369209 989239364 768281349 936022744 558739777 850879816 932500692 342055657 339200590 444653163 563951796 642615486 629415932 467952954 824282457 138823127 243112846 602429860 831278474 758785228 803081249 366554540 530143706 142076259 819790020 271025913 773752974 23866375 857621219 880849390 381386641 210886690 808135443 219527459 809142262 765193282 675353486 819842668 491629414 394135583 887005323 783637428 280622536 124032779 907882114 740027232 655510322 428391403 367513107 829278497 602728306 115561018 671555266 128051759 542176623 79753703 960137330 271698132 852198882 747606309 295528668 272078692 219095901 472297383 132549158 891416216 241187266 6161753 183023645 84695266 718456072 400220937 386466857 298049164 388583392 543531424 520712579 632412201 898271787 602475943 47331208 140211444 867132807 945897417 820688012 330363653 614981952 632153363 132144774 102860609 389519410 641437738 767672500 55723072 886960789 193635059 958559748 657432407 681542301 520490537 527687736 423278097 294946624 162818239 364099599 176049678 433146626 598239179 934929793 191363876 244228779 273643059 788921408 14083445 720626474 775882749 73486193 153870703 828099626 857606883 693734397 810119066 827059532 880243685 71501701 724197076 932581646 355704052 415222056 859092065 246845662 767164630 9702399 68695607 934751588 321617843 343803206 626438197 369829517 395715696 164797634 951948039 686951465 755578677 962427250 723895615 61942781 439974898 49667715 930728329 156285457 753763096 69744872 626434417 525104801 666203396 307813334 997214246 149586222 118804121 296695950 21019378 213021554 991112710 893112701 437588749 472020577 77640376 681239303 294391338 829067201 556104008 289228443 97451554 401562244 473594841 642226811 396478359 530005771 881694152 336989212 835504651 649597629 868426361 348119700 715674461 703090473 466124285 251580715 425080942 429015486 307557750 765867056 982124277 253648565 162895968 588656461 471832404 228782057 328821681 793028438 233414591 136317040 619126246 775513600 539479222 774931923 835140141 345123796 727972066 699817106 683489615 580205622 944114204 871271352 729455619 515280167 272965572 288936125 379294565 418322552 301229700 466157506 104211533 765907033 154954707 707059528 722704367 943303898 611459768 989652798 792994531 14457206 74520051 569832181 253044588 159215186 624200022 618198019 356292135 88161456 687240680 210331536 836845709 961164942 787580412 462361680 472762625 932068454 700502182 932737889 454345065 764842097 100241098 496186794 771948956 280868583 543798934 281770293 107882896 132779942 816894332 166299406 836818396 378229016 341732343 996507533 730875149 304341418 577776050 564351788 95539119 569265637 84825719 237006088 559773431 257671733 850959727 957888271 297985477 791722352 189483064 186707089 859471819 294913922 390911328 144808905 673466385 367194757 55826853 316445383 745020538 473693591 914519843 766415167 33069651 103728416 9460049 791897296 841149625 489115820 818015376 763899225 822497013 316454347 722473885 370527790 667075198 399013115 922673506 960394838 963600344 12220970 316836936 868023026 515505102 206965531 802045524 670600280 515378413 629993878 875935174 305071597 216647283 12225711 981267848 406200398 489025516 39044323 507522898 723922033 703308381 489504259 888179155 576659623 636834846 168108922 20283715 532988911 863369125 673929967 364657785 891065666 596905681 629670585 773976536 516399593 461036106 13970113 750916997 172991174 842764180 850122420 661120869 251510471 238981121 846750037 344817552 764902309 319554684 968882106 192119831 407502253 254015169 868158863 194277948 205058043 667890951 761563640 30552052 656937958 863544924 71314119 527273837 95181931 810245717 627829336 111800678 464785350 646310623 671933503 367965241 948731305 582826561 928999677 928843799 342394176 181026649 931946672 65128095 395768203 957261506 968373700 247381777 585188214 152740043 388707632 159726332 326426036 399929399 886564484 436036819 764999983 765616578 706454438 741629624 858675862 531450192 934136609 988513404 200801820 830815530 77714026 128463564 622679343 731156512 421666245 783471045 677119326 121515735 55092733 384796582 539353557 179996922 386533236 412382117 510142700 990396735 40064655 118511567 97091132 735876910 724167263 844503731 984066761 14424514 87640481 568001686 659136392 281981052 626395667 718286835 581672622 951980216 467887415 995310216 838128696 88372346 301948829 483761448 742352316 648982186 783522943 486421446 228819061 201284262 863126492 560297146 925674058 526288118 194138229 438754635 747044376 862037514 180006351 387727443 785134435 932162903 194313910 166489049 28376144 414959238 284603718 933658328 860281846 621019732 136137441 647452864 77772402 55171299 871587377 517782625 492147115 83750517 744561848 987684064 161687674 243776937 985695673 441478981 960272987 69970625 550358856 774021991 229636640 874491799 15384906 760603669 665090017 95391550 376113770 457774370 461244404 97448242 751317797 842909348 985604813 636417091 638911477 995264256 877867770 899677692 254035941 278065945 931998586 298507038 595539158 127178698 416177057 735897236 230137094 354020786 735720129 413027858 174627975 682086436 728082427 897809179 516680808 116439805 269052536 692738279 75783661 182918034 617949164 105651710 547309207 305240157 12672554 602272156 13454644 589486005 83400218 685388526 178612498 19101485 510087296 720239245 56388803 44663448 706921455 759105757 155712698 871970125 387141652 871050109 356974896 97844688 958198908 743276850 375858076 969860317 887916906 41779406 834026289 218614110 753199337 795679064 215179158 396859313 523966669 258605667 755263130 186944408 836740082 524448922 172030252 28495688 919659620 476285575 435331563 62739242 383313032 235445247 347443067 569482330 492157601 651720221 212657447 185154452 807753371 348993524 820633840 914289534 335978717 36924521 568029230 335243799 226899081 618391604 428865192 579707220 72298100 704906254 713915426 960925928 952224217 170669806 461372908 978838289 631156041 958698946 6208199 793018307 246350908 636388651 715068031 957058460 346984299 926607891 337922285 754866885 156590771 516027668 122385267 209479862 106652320 576849145 406643598 929672078 2624270 376873086 123403147 342723335 864663267 615862164 366359554 773986991 283654150 234676489 245479812 805310592 160290814 491522694 295719072 457513269 517729987 235110221 979522286 945554235 34607017 563409662 919290444 198566341 147388393 198901551 598504145 179554675 384082122 503914179 187138258 275883344 9432241 898219968 965678928 795669069 623128676 681353146 17195441 482011260 234001946 980422923 136184189 863041309 128194018 758348378 343975216 999871504 520240643 889663503 193289763 650961952 765036737 367026889 273399295 640644747 143787848 508763028 619742110 345826191 903095632 459637910 7743294 907817284 687580025 262484779 287406222 627627641 271323963 626743777 514120528 177731931 861668567 509364517 677305593 997298304 758638400 109773356 820472421 654940359 148969399 224282732 511232513 443060106 456761052 187867392 386994369 7105417 534633525 590029052 550845389 990692821 869800301 852421008 973902976 207334394 782889925 843801943 31808603 266352812 490627226 131746619 78621567 846615669 3341612 608645032 805341141 264858246 444686353 288602019 115263847 909400566 909451293 28647601 697777766 821245355 755681854 710740087 857291174 123115424 132404195 207646326 478715965 665430122 860003141 413153195 218072634 485526730 810718955 413971735 682410530 12341643 225330577 358603574 35350986 153443570 105609256 208033319 443115446 502817648 12645785 730122532 827665568 257672031 539541927 860723800 630141929 65532769 806876976 333261873 399827938 191580344 660942716 532222679 86413722 339339464 198104054
2
715258576 232502 999912177 694963362 315887170
3
640718907 999199652 296770076 716046 977728 898065010 260326506 999186779 510690497
5
464592 646420346 585361383 680978158 999407264 999423948 999868539 992005608 571866 430771327 425074 811615634 178043588 630361 698539 73489717 529355233 150004766 999958054 999508040 964088 776601761 151818832 386826046 999689359 150520064 644757 909913559 999985178 999968556 90216831 832909 281835621
8
391100970 999187344 456763473 999387422 999526778 270753666 669382 331288761 999989277 513854608 36315 213946 905726 903616223 999419193 999536149 610119053 999859797 999436827 501833479 323659087 142528000 996504 999472856 889438 999907782 999080709 571899 576732364 826613 720106 998495656 999112807 524092467 904331409 833396512 501095 750088103 776943 69282922 248388968 958298 376449 290583 999937622 999905779 802555486 988375780 559763320 999529486 239243046 999668291 999995202 976209 323786747 255074 999506658 108593667 452471 16850530 999673632 168769063 940370188 583717799 176742 355169325 999301178 651000025 738430 773301226 336323362 758239 681719903 871428093 999436437 288903 354243 520939446 677315739 713395392 999018386 999222628 999896316 177844261 443581327 739052896 719620245 770182 672125276 599962472 504648488 147795363 44278371 152329361 999213796 174888790 953223024 891411890 886978 999481210 999759645 38091 262428089 463453172 61461851 981148 364954660 999399631 203940880 999050024 297690 32655576 169656115 87403023 253762986 233318 162964954 938052875 9071504 320441 303870126 999355537 272210 256390 977601372 256938483 891176 335286 170990916 999721239 610701456 983417 760388230 999102579 999240065 999546386 686756557 332784 163796 840470280 850039062 219153348 99817 999339485 9428 999271603 651190581 999282907 999066481 999993828 978868087 382271577 539007492 74959 733320 714148 761944291 571762854 855038496 568485653 599192292 49880409 999736688 906661614 479824 980616746 475234737 41285 302937896 781703946 999258444 749026964 149544 999540067 408202184 620407946 352864249 225729439 927009508 466295948 323207337 999484608 764350 19560497 920016851 261155 824695 565669740 48642060 487403514 506709 63725 957876319 82591240 999375076 919788 742258 849231416 999178747 71703567 999089659 999215302 999570719 676317 762179262 184480 113567512 756552583 312592444 558152 999936441 999220683 833310428 302892 999233755 557206 551814054 999188768 238190489 138666820 999186720 999091757 999826763 302611 534305516 36710286 999815682 988885179 452376753 159863494 999897290 804976 999317448 999708374 77020 149303538 244885880 267294 623582798 341435569 999061950 364191557 999369979 999213405 969445 248164 923745 999015533 950196866 77363 895100064 818260642 1603855 649028156 999980831 476784984 704402913
10
630046 999300243 189310674 959759273 856925 741570075 999276769 605929333 765352007 321234293 999442656 31071911 999442488 999334144 560728463 221875005 992408 203729575 58832936 682073279 53077 345952709 999093320 999344300 870657728 498986 471872768 536014 999258801 304186871 999980897 114201674 656366343 999071954 593370842 960943754 874930927 999094812 999007643 841597847 523588306 999367947 999580869 873225478 750321313 440629150 986329834 171530586 98907 135712405 311058 462422057 999150575 748684600 837228926 999265581 407807 770744665 844505785 999800341 999695573 463763990 327887794 319645302 599174701 744207905 971458108 7170904 270789 999869229 999717829 999624747 999854415 895090 999081529 135670 231001009 999804148 236981 318619168 53386269 317128987 225140 121098 350308014 42500074 502933878 879794276 999546943 538486 812510074 542855760 775289369 779680 999214184 867669502 964637581 999157488 442117204 999415492 461882174 980176 999559777 999056339 704396893 714022973 999400670 999318858 999370658 393508 999035103 357041703 169778697 391343179 999778145 999320520 559244852 393961 713122 261121 744548 999120075 611986701 402640259 146763365 911387141 152756920 426952667 657684 383577779 94883 287892 999536267 238512727 591708580 999977001 780048720 621934166 444266 599282591 242116 999841555 999625136 216951668 131814008 196429 892945217 853321 440441 391852158 751883542 874546 82065104 888123872 999984433 835738365 937309648 999016573 350893 133400 999619947 749585274 999956287 999730746 54054226 736594 595580 325890002 523099 497410 916176515 999782010 628066046 310410 999627479 999880194 214455175 999964399 54285 69443096 28313526 465474 580809168 999488484 559239 999887977 586171074 499866724 999489158 665182509 644637 581869108 216981577 612709251 999927173 911296571 973183 536628916 463251 450353 462432 999237243 333090194 499822672 998828332 112456329 999282830 474745 108975 519197923 743980819 999441783 336278073 264665 633329426 5796919 882047435 195853 808051237 999467408 973824440 999678862 470198286 557731792 917931671 999406968 533999 999348730 972642 224530966 199367125 999849111 999586782 774085 892824226 999426098 336004355 644634035 320322 247012924 584391632 999922223 453580398 999370914 158313 999379532 999394094 421364156 999044580 776733649 24638822 317662972 999365801 377302405 720764 720799540 999084947 743061445 982590787 999722974 137437988 529863 468905 999207439 156138309 288412135 999760730 159422424 275697396 999420191 999542544 999334799 160758028 473388150 39600 25780 398130118 499676 379086 979965156 999324494 464731 738379849 46650 205216 999893303 713844787 358938 942544462 999733625 432058208 389939989 999632312 771024 999993580 999872702 841144628 802544 615513726 232313 999768280 290408 999095297 244179 23660522 82726 233383843 41209108 999395829 127434610 999429108 270684124 206835229 999024210 611936217 828277604 389354 14319750 601975 67668250 399762329 999480454 793574 999831505 999235207 333237 20897423 733306 999671032 102983646 999366070 721180 999223526 115705585 52250 675600905 729889 49690 36783 999363155 999233183 472496451 999473594 999379049 509038382 856782014 481250 844146038 111650895 24919503 999279172 77084 616735 316208 623842820 999968628 49321 527069837 999564769 975100944 660198073 683210310 776043319 664778422 831802 508265 999425120 589173 452569526 323988 793945999 999435552 709020651 999273624 442421 689845582 975424 999288332 576306077 796764301 999450071 999005700 632717166 518285705 377833896 203459299 108290746 536817310 726953283 392406 999412539 879071584 999677171 982558019 49425087 425644553 650883 461547 534296806 210330515 541561638 999307596 999977222 622020 338554639 421825 999631595 92303 694331 241218589 998338724 427400582 134955 871448104 690110538 69880530 647423018 170663 387292 999866883 38898488 118092769 886854300 144013 144659 540967563 843558538 6613426 999147061 988547782 774308 102668 627512387 684699589 999707213 789294 999877811 312732 453981 768126841 446331001 999079766 930459033 458967 999252854 204202 179874 598978868 264597212 643859422 254273473 577524 616056209 999235671 999526856 940510 999447089 999342172 400986504 999401049 59772947 838113328 803738021 702040575 349190152 498114429 999748182 226531 481999071 473646531 576183011 159403 268925127 176105 389310167 810085 756273317 999657174 391133 43879006 999308214 999861904 547422 332421604 270239103 9233 556641550 999776316 643728 999693634 883939 999955237 629208883 999317584 279591 999696681 501238370 141325 892334994 999400149 908078 999411934 117487307 750556 511924023 381520 250716915 999205783 999739381 999902574 152173098 999445285 944327001 999901441 662691 856043 208910 999602814 999397431 34123348 634580444 213239 999576965 297488497 270320141 999597607 104310 768075079 377362 948705901 963840694 999199536 999023660 406732 613213521 884689506 999088850 999812169 951241025 205958921 999524202 544897782 999677435 45158116 729080995 14948192 605505707 842709655 999421400 28900358 816331196 432179543 143014329 444574051 285630530 999156645 671704118 235367383 999947423 999204354 462953654 270686822 999032927 284946200 418472 310517 838577195 999708252 755345035 875637530 999629212 483206489 250286452 857671881 999460498 234327 773161263 758348809 686318820 607061131 933606 705548612 300253279 468807742 999397479 870178 869078120 112390989 796726836 554037220 154634996 758860 478657253 718901644 763478 411527 999705590 49474010 12318263 499087 165364 871109 999388058 42630 979013726 726997210 92625 178146587 999299988 999346438 367539061 843461 80765 195550 232733 220533 173792587 999945074 999865237 999082400 773550 185617435 227656124 758469502 348037474 498994684 79479 304339 419570790 933235289 999014540 999264590 125715 565825396 158248781 258093023 829472299 808337986 630447015 6116958 854331888 306055 11623848 431722072 239897 150297105 999678946 919766265 982074015 584452970 407626 29499148 813802011 835919 807282 206730626 523527 999988522 999761855 847030 999143682 668954280 121920449 872542307 790818020 746222 736357173 610189525 273985406 999645073 212074820 431663 786676142 431463230 888212978 999538435 727537 963123579 258946 689188889 999825496 933854454 143842408 260817278 456221967 824389 308542155 346583 622284059 675095334 73122901 178314213 743107 130305147 538986438 631252 241893410 480209 25447058 999634758 252665 147033053 999881781 999467433 999263841 999726088 968774965 108924008 231494 486465982 895904263 524149918 999761601 507640 838645712 743798 737782844 305671217 380274295 999976594 688383 41353659 999728350 736584 684218 999587224 618611628 999707114 999280979 922511177 999639085 531462 566426705 450554088 165992052 999228999 493121708 999849887 275486 158205201 999412508 752817959 999949573 901446016 94302718 999160306 59516 376896488 412781 246127 82479699 999925035 753237831 91991 180937665 801478 919726045 999030902 942948534 606516 831474351 509521 17604670 477159230 999590948 12607 999359466 455600725 999229460 383819873 457471844 999374410 705795506 828476 497694 434942 923817849 218072 127304 525836739 248490508 634751 999905278 513881279 669363032 212992307 625317 849226 181385628 259853 211996091 839107 501648640 999696242 999033223 580312 306541820 44350758 125808871 870301827 109211468 999280001 999503958 968655797 999920409 91079468 999582587 700268413 923334933 386627066 493666959 528081 999573230 835731 290668907 607073943 717857 891923 379455 790459262 785710207 999307014 830655006 494126550 530261795 428986758 757366507 678745551 271624456 999737056 547905 999111778 519997 999062948 846259135 999247099 459442206 388458347 919221 106978 565274 102880 387445899 678044 185926499 148586666 308502817 131210232 522711011 999052798 709848 746035 825672206 16989083 995242843 996737867 999040070 999715174 985644021 999812418 575726 999180435 500232745 73900326 436458927 999942847 999200283 772916561 477179 458239 39537648 691272495 254423 999796489 831027093 704669 999447800 341296767 999299513 324195698 747740 999743964 999150159 902481 338298211 965925184 999141869 573795 999724564 999306717 999569289 401861488 676821759 138164 287461758 999242615 630892693 630313 465677414 466382895 661762965 591316072 999189381 34065295 125746041 142778786 555818201 999552898 373705543 973156 116549546 885302 999520115 79908171 999324327 999733758 840856168 556426 202800592 258562 999441396 574527921 999561166 104011457 310876896 999891908 999491385 259553041 312756407 970914724 913445596 411486 362260 403650367 979775060 816480163 252306042 999388154 184510949 999038043 999583033 135426707 999470501 999831075 552638575 838556992 377853192 318629703 999837499 30953 999856882 928995 451519743 970382 484713077 119196 68977023 999700850 665917700 999992565 999983732 496829799 112028 120538 999417589 296104258 999738919 882163376 253228068 48224475 377328919 659777299 365505653 314577 792626968 614463120 696401 559627334 486008677 109479 946009660 815852 106818465 315387723 989179 999217979 999971256 627411316 572707 844980460 357442243 999779151 4537559 730245296 999452222 966025 510392259 26990 208511067 256197042 999063 109459865 216313932 999049149 322206 554738361 546416573 342601 479785 999906175 497102 378431 795553873 887054516 572882 463625643 456313094 16662911 999099447 980675 999037081 398836 783686381 343001259 885460572
10
820801134 316314 597101338 999406558 383910336 43170997 955556 999082952 150231308 999695966 972906690 676668273 848438849 999863274 961343 774573806 531752836 468683 201133968 867239172 503106437 254662 529799201 999254846 999762629 269720 999534695 111981460 355798 999162648 999806718 570708030 999760068 889819623 626164442 999752154 999245868 899334 587788 148758234 33806065 575661 509795656 999133683 999321050 899146390 999358437 906537573 996950533 820752 524973045 999754514 336642 984172560 500612605 974284 124653545 206994 11755012 999989279 999577359 999981227 667039258 419148163 826469 141955737 999917916 550056575 189002552 999361516 916398174 455456221 177203138 728327844 912805306 999604474 999719124 999146486 22925783 999857502 913737590 169881 839082792 729586 577152848 993025 881710692 999290766 999236675 140194089 907886280 38599410 371667566 628817736 864689573 988356 999381669 424710964 999614757 999050119 246005 818168112 998055302 596197619 494581463 507902583 512468 93070904 263256658 999743087 30155 931299571 999710568 545963695 999419732 727086215 789056945 131616 76636 868216 925442179 748576426 999723823 16128973 265029595 35002 178300 96685887 855447570 479938 716708373 999902313 443529 999049742 824741 68616 999696868 863547 999991286 999985130 999705165 242085578 999893623 847444469 999266124 999034191 648369704 26452 31334792 125808 792823485 632277067 108110556 100858 285588713 55155858 81710001 913295550 7120762 187977 363665202 822006358 942965129 662834 619460849 673068709 760241024 701090 584048112 429972587 445102529 360405476 584473784 882422 999518125 878465337 938677 999145447 730305518 999693854 835819431 238194281 999742648 524235 999466467 999952763 125288885 88456 746774 999432158 409948374 481986802 952511766 357425 652257454 493623894 971279 328900423 678788 999356615 80079 797612 70700 899752175 642331 999581344 245062938 50968933 370650917 981130179 960033120 600946518 937837422 999939698 635221158 999628543 372114060 468491654 907387 154377671 831890 186154625 22205977 443773524 999979345 743021066 952319377 639077650 526753450 408682999 472238484 437777 946531158 999830124 377101 361622604 436988640 423535232 999206688 851271014 435716 999271072 512195 17126 769491591 999657744 424477663 999698799 696396 504645366 611930 977187 999214839 67759198 999123531 280972 999865429 14014415 66095 486213585 649364002 133444 159060 999992595 999658881 419365783 256770511 999551105 922142 999873945 999555598 307379486 302253840 999948002 3248071 844671030 266417553 670302968 999156700 955952785 413298 652794606 999856598 999023671 380074 541904134 999348230 810765 922200267 378686 355340801 712582075 551963797 999702837 931027566 702309870 999929777 906691 44205078 828004622 359699508 898775088 999677242 444274008 824657723 265508433 29444425 364497 201282522 239356497 176540433 640044 862975028 999032984 837126 999648907 160872720 16086944 999305090 534746783 999486470 999242707 701611159 999124601 379606456 999423119 533552 285900 331940878 455624 823136236 392216 534973506 999587856 579470783 55401091 496474 265059313 665766246 268519 631072177 141900245 275175005 815319275 741838140 349468935 784136997 905571 606035 54598863 488990287 999431166 243279572 881814 999843023 999985692 700381080 999357295 249637505 262134 213620561 905437380 999235526 440830967 999574311 133433727 953191976 999594504 618649319 617615206 479779045 881949610 115385 999340938 999483834 999053141 732342 441033662 165201 562943240 86318450 999295844 999319442 999637189 807265709 263181692 327021 634293655 431054 90439640 46631901 243240 726621083 24730373 999834547 999619968 999753026 471935 649917 255712 751890791 853763 999195975 629132 669378870 507574 119008601 944830 829937937 846469237 793301232 219948 456566979 106436991 999159492 57765 999046112 999530393 597832258 575917147 999197727 226185175 472008 769323 951182685 999105809 181162 75268438 127558 883453335 999279365 262572278 278320767 999424296 138541 999217085 999178507 249465052 999754693 881829 241769 385277 999020401 841772815 512192813 80103 468871799 961310 999220713 615489849 890786250 999456731 220840 999072132 805831705 999021997 411860831 219022631 420646926 181458201 231759039 999968676 80467 722366 470258 999844832 759372 340611970 214348913 66046728 999082705 453806 670457156 724253170 732547392 512985558 727496 217650 318199078 999111661 940915449 999507333 819724087 316307826 999248231 95952553 190439653 403705884 688866119 999143887 929805393 884238 66097111 999432733 233872259 749886248 974800213 684886 834731359 999440363 612913555 321961897 893559 35401537 185444 72584660 999821424 999820058 358773497 418624059 788111572 659665 999954707 999239756 999980801 715622404 873042600 535538477 999601986 999463061 63206961 989262914 999509411 64544915 823952983 349425 999408730 68360297 759480205 959703783 674574422 301945828 297062 951060974 999150046 424511 893122 784717992 999228878 65605233 965285724 384423 326094 597057 141635752 944082 116794189 797843935 999042042 920024453 93914357 62995707 725483215 999889854 294001145 429329512 589941 443655 999177654 560698793 271763999 337562579 649685506 99394699 113443562 647575 352074100 724374931 999197323 65955948 999592047 868549532 619629869 461925259 531704055 746047194 868283 446527052 744760718 503603 706369 555215887 606908 75574 976840592 654473 495907007 229014 555358494 449114013 573233 946845865 521741 701879304 999528067 30186089 999766417 286304 294122667 941971 631227 117875399 726556326 999715523 10712108 999068871 685030 999558170 26813989 204060887 560845 115382494 615807719 518485493 999934014 520238371 999353230 807387 999696820 886643591 882826933 331995 438228211 839963 347673729 999783317 999929834 684626116 917366 370990817 218664913 999332097 999820958 737133104 476308 854030129 999942965 798858134 999928859 628401811 620799031 191531 999628690 519909218 282953 999338914 414460 34012200 458570 986668343 130205102 999764791 999879811 841847408 999880441 776197 134040 999840559 680406 999635026 658964731 835227973 777219 306761753 594383540 404851041 982849703 414062 670617786 583264 283117694 507082198 183983423 281122 316323709 999140672 341827081 539946903 226247 705589784 999009261 999498936 999636604 589211085 248456 52740347 276249 625760543 470855681 989050994 591959 839400 833024691 679276 565589822 536419106 999964528 999733645 647301623 912766319 778956333 999861639 332183 729059 234716 321897197 885691 646783034 302133575 577706461 135942217 432130 251229198 980467725 764779 158922368 999857654 999426610 999940557 721788801 91247012 548922546 321721 910147600 999900219 765996 999739908 999568730 999584542 415426888 999862133 999374558 999784984 999203353 123461 605569299 519915539 999722144 593581363 999636212 326923638 999609739 999653271 926690579 135471 999656423 757651575 98886 999290825 520805 148103965 360446236 999499428 131799177 696367 791921926 953044 999756696 133864222 610270700 999847574 999935363 999005567 645582 999890234 249695356 999523956 528125674 999633578 746895536 178123 858530 999246602 336491415 584177383 986038 600035717 999132743 317276168 999383002 172640347 639345 586328932 482809364 132864933 214571376 209207 609807 999013257 999215314 535983974 999173332 440335 784653 482935 464907 999907839 296259627 999509520 576362 999097867 999479407 999395474 21539 321023164 999140860 599662527 64259809 999561699 751156 999817019 787911550 999938588 402253388 962937022 462141909 85195057 161196 514322598 333949 769347031 641963 177022133 936728649 999135204 83509814 999915188 671710597 322911 153437653 446899083 89030082 135800575 999705634 999895645 962144586 350331 672057924 999002979 999531220 295154 592128761 215571853 671144758 615795332 656359 501716981 849386416 766363367 501383 824240 999384732 762140956 154226969 496715 559599 712795 999836932 18879711 832040 595583 839807712 999855853 847437 205422313 999629738 324824866 62424287 999955862 583948518 729450242 39111092 494025061 514449442 444472 961412009 131676296 697628792 994110717 276671995 999643790 459614 999921879 999781147 355140250 546521175 513335926 557833633 244888146 966163090 504292 612450 649111 984352126 943584325 140153586 129147 7839081 999711777 284384819 458639309 422202168 999988243 9430 926738 999130989 113867 655151 930416787 999112151 999722808 891741085 267902371 160235692 380055213 614926 999050616 444775 478013540 678109 999303960 530998645 786374716 733570 111973655 978397 118122919 999680215 591361 536225607 639594 240700978 167717976 594643129 984916052 891739562 999799493 921933864 999149930 146043739 999375418 36133 416973054 716384900 999476914 829480549 679767838 750050 738394548 999095201 999924027 3903750 106736523 999015738 774793 415820 721363 348068 999831966 293980 59319 999764980 305271290 959133011 984203 439111 999872503 999711396 999447348 567560 999891604 842493 578417575 352196 624473831 712159969 353689 102072 832451601 999745707 799785510 115508 502772 525517568 999764800 999343748 366931 247111220 766438815 196855700 440096837 592004625 101345 441266306 999847094 999980769 709647425 515574556 999528120 371208615 298613888 999295612 999997463 999501302 999419325 841331571 999209965 273461 114351 794780 787346 110596572 353145102 382212 26067275 957203371 85774 519099 575885491 658291321 247475 603731 885867436 594356378 999200170
8
864 6 258 1047 1126 1345 697 215 154 91 827 348 469 1352 717 861 654 45 1101 788 929 1023 709 665 141 1000 1194 71 524 480 69 1266 933 863 955 1432 611 996 551 176 1072 1384 313 262 60 637 999 994 762 376 379 84 183 41 412 626 1291 530 629 1173 635 356 781 166 368 1333 508 1157 688 913 293 1367 392 460 1284 1108 83 65 29 573 175 238 1241 436 402 1117 1298 1358 152 516 230 811 122 1062 563 1319 1420 906 386 1325 118 926 541 1082 1088 1386 269 1408 217 1049 1168 702 448 1057 23 1131 820 755 879 289 479 1308 1361 1395 438 992 969 393 662 1398 1160 898 1192 227 112 1097 1317 1040 1321 1276 199 1120 1324 977 1033 206 1021 86 534 361 943 146 355 834 801 676 979 725 855 1045 1046 945 1363 826 8 1231 1170 431 650 825 1203 1378 1185 947 889 1256 501 583 828 591 25 601 1198 109 132 493 1005 12 323 742 1024 340 353 1373 733 1247 414 219 988 1410 250 1133 101 888 772 270 423 101431 1282 310 1167 452 1153 752 54 490 1206 1427 1365 1140 1 15 331 161 616 644 1013 1374 189 667 21 279 963 852 1292 177 511 1215 920 245 280 10 684 872 843 560 885 1179 75 1224 1335 301 795 365 35 1150 1003
9
1 2585 2080 1712 1675 2145 1885 2841 1970 1504 1016 953 1332 2592 2387 3023 2898 2266 2652 1151 2371 831 3048 2426 1684 2675 871 2695 1315 874 1231 1894 1700 629 1761 2626 3091 2768 971 1487 1953 3007 514 2946 1506 2079 1144 2543 3177 1705 1945 1733 1804 2316 1065 866 2377 636 558 659 2830 1728 1786 1454 465 2105 2500 635 1523 2845 2857 3100 2554 2236 2163 3028 2324 2720 1035 788 3120 2802 2314 2469 1533 2782 1128 601 716 2418 2482 1145 2128 2711 613 930 2406 2530 2187 1352 2283 2059 803 902 1987 2608 2742 3141 2812 2336 1903 1029 475 2999 2508 1618 1377 1297 2399 1015 2986 2659 1182 2168 2526 3070 1612 938 2839 2927 2562 1642 2264 2305 1769 1094 3147 510 2607 1937 2099 1060 2842 3017 3015 1201 2409 2599 1912 1107 1744 1760 2539 3106 1053 904 3077 2397 1289 3072 2301 3130 1868 3050 2639 1269 2629 579 2043 1102 758 2609 3157 1839 1535 1364 690 638 2525 1214 1578 2053 677 622 1375 574 723 2936 719 2959 1382 2942 797 2792 977 2772 487 1444 2267 1778 1498 2360 1928 666 851 1423 2262 1439 859 497 2373 1540 1295 2181 1244 706 1388 2919 1991 2752 1814 2684 1134 824 2636 2035 1824 1009 1676 1652 2734 885 2030 2497 2923 2444 1846 2038 2645 1974 1797 1196 2211 1587 2119 2326 1922 1432 776 1064 1305 2065 1044 1488 1342 999 1955 1218 1807 1278 1686 438 1853 2203 3000 2976 1413 1636 2197 3066 2374 539 1875 663 1245 1373 593 740 2754 2158 1174 756 1414 1114 1225 1803 702 1543 943 2448 2557 1511 2125 1010 3111 732 1510 2095 2706 1405 1960 649 1789 1984 839 2619 2515 1170 1396 484 1233 714 2412 568 1304 3185 594 2087 1739 535 1787 816 769 1410 2261 2912 1207 3010 1192 512 1369 734 2296 447 1034 2150 962 2101 1324 2537 832 1472 2831 2452 1362 1915 2880 2275 1419 503 1276 2206 1619 2006 2546 2956 1061 3082 749 2009 667 695 1051 459 792 1075 1401 1567 2225 1662 1610 3132 2852 772 853 985 1834 1110 1045 2026 1240 3145 2370 2694 992 887 884 1634 1764 1623 2487 2726 2888 451 2021 1751 2341 1672 2620 924 3164 2291 2246 1127 2762 2350 2071 1863 1152 2575 606 1745 1876 1828 2737 1520 2668 686 520 779 2136 888 2015 526 1248 2270 2821 2968 2965 1084 1399 1600 3093 889 2434 551 2459 1162 2233 3103 1477 2358 1554 2146 1117 1998 729 1867 3170 1692 2217 2586 1575 903 2750 811 1257 2905 2556 2256 916 3166 3176 587 847 3047 3099 1630 2114 2215 2978 1093 2994 1559 2569 2060 767 1043 1942 2870 1897 3032 3038 2176 648 913 586 1282 1209 478 1548 2871 1910 1718 2869 1597 2011 2621 1259 2479 1464 541 1022 3058 1878 2703 718 1018 2859 899 1872 1436 103184
10
2813 3294 3388 7620 7746 2594 2601 7661 5091 5819 5622 6045 3080 7010 2639 6252 7985 2654 6483 7564 6406 2706 4177 7351 7600 2697 5879 6358 5999 2719 7998 6441 3204 5421 5973 5267 2749 2752 6272 4899 6338 5084 2773 3362 7664 6330 5656 7120 7401 3041 4447 4976 6119 3374 3076 5340 7893 7138 2864 5098 4289 7137 4271 2883 4975 4615 7177 7272 7148 6805 2890 5458 4565 7057 5414 2611 5939 4008 2966 2976 5899 3407 3789 3860 4856 4912 6833 7941 5608 3697 4317 5183 2803 2731 4632 4124 3779 5510 7383 4343 5278 3806 3989 3329 3091 7545 3643 3118 3778 6610 3563 4555 6692 4701 3148 4859 7352 3157 3061 8070 5106 4669 5711 4818 4458 5562 3249 7955 7340 2721 4900 3241 6775 7466 3982 6839 7158 3266 5258 6107 6587 4114 5462 3297 6997 7617 2739 5170 5428 6689 7387 3345 4798 4744 5382 3814 2715 6105 4089 3087 6100 2735 6848 2623 6928 3401 5798 5834 7531 7761 7779 6362 5526 3447 3547 3454 5327 7264 3472 5114 4425 2960 6217 3972 3631 3108 4231 7253 3178 6135 3772 5408 3964 3263 5998 5356 4603 6641 3576 6751 3139 3911 6261 5688 3607 4243 6402 6050 4945 3624 5673 7119 7263 2904 3965 3934 6633 3491 4393 3753 6267 6352 2757 5045 7162 3945 6532 5051 4418 5564 7457 3725 2829 6336 6652 3468 5543 4333 5370 5241 6909 3850 4303 4053 7234 6766 3809 4924 2587 7629 3838 6798 6225 3852 3352 6431 7789 6656 3874 4916 6260 6148 7174 3696 3990 6540 3921 4944 7878 7359 2633 5502 4968 7816 6251 3967 6893 4293 7042 3426 5771 3396 5561 3859 3060 4005 5675 2670 4017 6821 5499 4038 4046 2664 7912 6480 5490 4434 2841 6060 5840 5121 4532 7356 5052 6519 3308 3710 6117 4708 4479 4148 4153 4814 3734 2849 7051 5193 4185 5288 4201 4204 4689 4213 4216 5533 4223 3514 6166 4939 7675 7329 7852 7853 7296 7230 2876 3392 7282 3787 5640 4957 3032 4323 7377 6567 3879 8011 4355 7639 4366 6138 6547 4066 6243 5315 6288 4897 3907 4411 6594 6017 5476 4139 7647 5212 4887 3944 6802 6677 4473 7426 7379 7229 7237 3619 5466 3521 4495 4095 6871 7724 3406 6864 5638 3970 2634 4571 4672 4585 2996 8035 7768 3679 4274 6096 7504 7461 7783 4855 4657 6196 7209 4162 6803 4679 5920 5010 7402 2895 6317 2766 4727 3331 7965 5349 4749 4759 6176 2986 5405 4789 5981 5525 6500 6630 6296 8003 4830 6722 3503 7986 5296 4654 8064 5206 2842 4875 4878 5500 7897 2585 5689 7958 4906 6706 6265 4542 7569 4110 4943 7541 6285 6545 4951 3694 4959 5934 4775 5024 3218 4850 2884 7031 3372 5003 7767 4394 6412 6510 3180 6601 2823 7931 3463 7520 5882 4449 5056 5570 3166 7776 5616 7704 3897 5126 7098 4047 4834 5146 3833 6731 5591 5173 3673 3887 3823 2624 6581 6233 3124 8024 7250 6458 3784 6698 7757 7240 4946 7287 3902 5277 5118 4567 3030 3318 3142 5303 3131 3276 5319 2753 5332 5925 4489 5035 2653 6156 3177 5433 4438 3001 4807 7108 7189 6499 5912 5406 3542 6903 7806 3764 5016 5431 4160 2709 2982 6757 4640 6169 3589 7434 6324 7869 3872 5484 6089 5218 6209 2741 6969 5136 6604 7595 7020 7369 4453 5557 5921 4083 3019 3991 3387 3445 4362 5600 5238 3210 4667 6502 6949 4741 5631 6457 4290 8033 4070 4312 5662 5666 3492 5654 6555 4901 6812 5691 4577 4386 3600 4103 5730 7836 7039 5746 4695 5758 7798 5768 3258 5359 2783 5795 4551 5548 3327 3649 3383 5869 4136 6685 3226 5848 6343 7732 7180 3232 4478 7419 5295 6277 5906 7246 2593 3169 6643 3156 2955 3248 3569 3128 5966 3642 3342 7782 3357 3623 6008 6767 6018 3895 6038 6052 3499 6511 4995 7834 6071 7542 3684 3282 5891 4505 2878 3513 7126 7415 3190 5762 4608 7826 4737 6618 5778 3670 6670 6077 4766 6186 7854 4721 5623 6681 5100 7573 6476 6449 7196 7513 6544 3596 7583 3278 2784 3323 6609 4253 3159 6562 6305 6308 6811 7906 6748 7714 2679 3072 8055 4802 7445 4402 7201 3526 4077 6663 6388 6395 5369 5388 4028 4841 6426 5434 2914 2856 5838 4261 6468 2984 5286 7920 6489 4374 4233 2666 3481 2936 3556 3064 5807 6319 7495 7065 6539 6919 7644 7492 4379 3657 4673 6419 6570 6935 3677 5083 2918 2926 5228 5785 3557 6028 6626 7165 4399 6635 3931 2590 6714 2909 6381 4513 4597 4056 3866 4985 6561 7105 6199 6747 6712 3181 4869 8049 3300 5705 5392 3074 3983 3028 7558 7453 6085 6782 7131 7841 3844 3743 1 4158 7537 4831 6126 3593 4468 7924 5951 6856 7122 2675 3121 2747 6891 4345 4544 5066 5257 3530 6825 6941 5450 6959 5256 4783 6978 6988 5460 6998 3957 7305 7018 3044 5858 3533 7036 2616 3974 7449 8040 2929 7414 7727 7078 3475 7323 7978 5447 7106 4168 6787 7070 3090 4521 3640 6227 3430 5463 2834 7842 5192 2758 4823 3011 3046 4559 7089 2874 5176 7208 2820 7219 7861 3339 3564 2687 3285 5516 5991 6792 7004 6525 5803 7279 5576 5736 3612 5196 5885 5029 7314 3719 7949 5682 7651 7342 4625 5401 7607 7422 4934 3765 4284 6700 5398 5419 5160 3051 6578 3250 2810 3440 3417 6282 4127 7437 4526 7448 3665 5868 7142 4206 2627 3798 5733 5756 3701 6881 4711 5081 7526 5615 7079 5251 3012 7404 7552 6534 6065 4219 7572 7330 7575 5700 3613 3585 4195 5443 4313 4466 7622 3394 7392 3762 6517 5814 5372 5139 7665 2927 7993 7694 7695 7700 6770 7028 3949 4105 7886 7741 3997 7749 5946 4023 3635 6087 6371 2877 3723 4648 4060 5720 2793 3448 5959 5155 7482 7112 2825 3098 5828 7307 7859 5584 5627 6883 7684 6964 6353 2659 7041 2945 5646 4012 7968 3199 4342 5071 6093 5347 3715 7311 5306 5042 7994 4587 7474 6163 8020 4384 7590 5138 2644 5236 6339 6739 4234 108069
10
24579 12827 12289 25202 12905 37 13026 11975 1612 1463 1777 25525 12389 76 24980 1254 309 24707 12071 24879 1045 1455 1358 23750 24383 1127 12919 25252 24620 167 174 648 181 24770 25288 194 13410 208 24331 12511 12200 1700 544 12184 24260 1810 11938 41 948 13474 837 24292 24091 532 306 13632 1069 13083 24024 897 25055 269 1077 363 1290 12884 382 472 12779 510 24137 12350 13553 416 12781 427 25590 1192 24832 13181 11971 459 463 387 24161 13067 12104 477 24227 24479 13531 503 13308 12179 25378 522 13665 24822 25272 13695 1513 24895 554 108 566 1501 12580 24488 12406 1168 1229 24120 13430 12265 1755 24206 629 25129 24934 1289 12458 24175 13725 943 13182 680 684 12727 13681 53 13427 12142 24616 576 1143 12021 12250 25334 930 25402 12304 25167 24104 768 25613 24450 1623 13275 23797 24028 637 808 24873 24245 815 1233 24642 13286 827 290 24406 13274 24361 12628 13302 865 25087 12632 24966 891 17 12314 911 912 24989 24179 12691 12535 25194 812 1089 1198 609 12823 13625 966 972 977 985 13483 957 25145 13560 23920 1024 1031 24924 12197 1052 11961 686 1082 1721 12899 12243 13418 1642 13328 496 23976 999 1096 1674 13377 12932 13731 12682 12077 1479 24600 25606 13169 11925 12479 1196 1716 24783 25075 1211 25343 1219 30 1445 1230 12757 1636 283 12939 632 1748 23889 25238 12973 12851 24961 12758 1297 1604 1308 12236 384 24168 12560 1342 25158 24691 12602 1371 24573 24507 12182 24454 1647 11923 25543 12868 1435 1438 24235 12361 1301 13495 952 12771 1492 12186 1365 12033 100 1519 704 24355 24040 1537 1545 25595 13238 1627 156 214 1573 23787 12419 12742 12442 23939 23882 451 24982 25464 12344 24020 1806 1638 1105 12039 1656 12798 12676 588 24668 825 329 12528 936 1159 1426 24699 25332 23955 1738 1741 23991 13516 25185 13108 1771 13657 25607 23751 24661 1797 1800 12160 196 24038 25444 12935 1152 1213 12156 1850 25123 11856 73 11873 12409 654 11889 1707 24547 1520 24885 1791 11935 709 1244 131 25576 13666 12655 12489 25168 13615 25520 12521 140 12011 12016 356 726 24257 50 25499 23857 12040 25454 25266 12210 12061 24352 760 24516 12082 12369 13173 25385 24350 12112 13498 1836 12706 12134 12031 410 12645 24728 13370 25563 24867 1393 24313 869 7 13237 25582 841 24066 24108 13356 24757 1801 24354 440 11884 24633 727 1819 12263 605 24427 12271 12273 12480 13416 419 25189 24101 12467 24082 25503 431 739 12206 12396 132 782 11852 25212 13649 12383 12762 1720 12053 277 24805 12429 12432 12437 13358 25203 13115 24746 13215 24044 13385 572 567 12492 12497 13395 789 11990 24990 24848 12381 12784 13152 12720 12568 11894 63 12859 12593 25549 12612 1157 13451 13528 25566 24466 12639 12574 13197 11953 1325 12673 12674 1226 258 25311 25069 12963 546 12712 25363 24461 1837 24302 25409 23987 641 1579 11945 23781 147 12151 160 13177 24717 13338 13091 231 25044 13401 660 1661 12836 692 12849 25109 23883 1827 12980 299 12880 314 12887 24264 302 12900 1616 25012 13544 25524 24734 24473 13228 25598 12949 672 1692 25213 23825 12305 81 12988 25061 13007 1247 23951 13033 12807 1590 13049 13053 12355 24416 840 13076 24335 13114 25019 13096 12115 24164 1380 25436 24942 13126 13135 24559 24920 25421 24503 378 804 12050 24626 475 741 24808 13285 360 24962 582 24347 1557 1272 25470 24960 25312 23942 12004 12123 1779 1584 13364 24864 13295 750 12788 13315 24868 13327 843 25511 13347 24497 25004 428 13287 25418 263 304 24193 1205 1012 13397 1552 23966 12958 13643 24948 24283 13423 12998 24222 13438 13448 12876 12857 13123 25387 877 321 1682 143 13506 23979 12258 24056 12764 25195 13099 25015 13017 13562 12058 25457 1181 1844 13594 24112 24421 1242 23881 1728 25297 778 13465 13633 23849 12374 486 24483 13658 24814 11966 13671 13699 12169 24550 13684 13687 716 11985 25220 13718 23771 12173 24128 137 941 12452 24214 826 1156 12216 190 23802 25113 748 23822 23957 23826 23834 23838 12700 12624 1059 857 24969 499 1177 24307 1398 23897 1252 1606 25151 1416 116 814 12945 23950 44 24834 883 23959 199 12213 1121 121 23982 12897 1551 23997 24201 1528 12647 1107 12341 13621 25035 25091 12814 13256 12636 24073 797 11879 24089 469 24183 24401 593 12842 13490 12380 467 13572 24151 12018 13421 13599 1405 23975 777 145 12755 338 24007 687 25527 1284 347 1756 1782 13187 25307 256 24262 25323 24273 13207 514 24857 12790 1084 13606 24329 578 25269 24341 13221 24595 25541 25373 24385 994 23925 24189 12926 12067 13039 666 23819 25045 507 24765 701 12508 24437 1508 13626 1189 25482 24736 23911 24475 12132 13709 24487 25319 11904 557 12331 13673 1599 13199 24538 24651 12221 13144 24563 24721 13737 404 24528 713 25138 24610 8 24684 24248 24904 602 25430 24648 12034 25003 24665 24735 24677 12007 853 906 24705 23812 24911 23934 12747 1522 25051 1766 12198 24755 24943 13526 12196 13571 24779 816 25555 11913 13677 534 1488 13166 24815 13360 247 538 24840 447 24396 13578 953 24591 1693 12750 25491 23845 24899 24902 24789 12545 1340 24769 25281 24320 12095 12091 24955 369 24084 23874 24964 12229 1315 1597 25407 12664 25001 12981 23906 24995 922 12506 370 25010 12914 24016 12267 945 1351 13537 12295 1113 13414 25393 25064 1566 25218 25078 23 12476 25028 13064 13063 13585 551 737 1004 237 12589 13459 23867 12321 25176 1384 24522 12616 13638 13373 13092 25206 25615 12969 12551 24238 25229 13321 25244 25251 954 25259 13293 790 24435 13246 24373 13607 25156 24965 12687 25099 25558 1570 24393 24364 1142 25353 229 394 25368 24053 25280 24628 12106 13048 25394 91 23761 1279 12000 24446 1210 175 13266 13745 12736 1667 12462 25478 12185 1039 1136 13394 1263 13194 24144 13160 71 25531 11866 24975 1021 25623 1518 24800 224 25366 24582 1409 12280 619 1677 1469 1141 24793 25621 1332 25629
0
