10
51
-44
(0.25 -74 (0.74 53 (0.95 34 -50)))
(0.13 (0.94 -12 1) (0.11 (0.35 -27 41) (0.00 (0.24 -11 7) -47)))
(0.72 (0.64 (0.14 -81 -29) 3) (0.19 -92 -58))
(0.62 90 (0.20 (0.68 (0.69 19 -22) (0.32 -67 (0.81 (0.22 (0.92 (0.83 32 (0.79 98 -87)) 5) 95) (0.34 (0.70 23 -4) 99)))) (0.81 -28 -45)))
(0.90 13 (0.26 (0.92 -67 10) (0.26 (0.40 (0.55 79 (0.89 (0.77 34 13) -23)) -14) 40)))
(0.95 -38 30)
(0.92 54 -93)
(0.74 (0.49 25 -25) 12)
(0.22 47 (0.99 (0.19 (0.59 -8 (0.16 -38 (0.78 (0.93 (0.04 -36 83) (0.33 (0.41 78 (0.94 -70 (0.87 95 -66))) 20)) -30))) -74) 39))
(0.64 17 -12)
(0.61 (0.53 -67 (0.91 (0.55 26 36) (0.86 (0.63 -73 -2) 64))) -41)
(0.98 0 (0.33 (1.00 55 30) (0.23 (0.73 89 -35) 40)))
(0.89 (0.29 83 (0.90 26 -66)) 67)
(0.62 (0.44 -1 (0.02 (0.04 (0.20 (0.07 94 (0.26 79 -46)) 46) (0.02 -24 54)) (0.21 (0.95 -67 (0.21 (0.39 63 (0.57 (0.91 35 -53) (0.36 67 -96))) 0)) -95))) (0.45 (0.45 30 -14) -33))
(0.09 (0.24 (0.73 (0.30 -46 (0.30 42 (0.63 (0.04 -77 61) (0.95 7 -89)))) -12) 2) 92)
(0.20 (0.53 (0.06 (0.72 (0.11 (0.06 5 -14) -40) 1) -40) (0.09 73 5)) 28)
(0.22 (0.58 (0.40 (0.05 (0.28 (0.61 (0.13 -90 (0.48 7 7)) (0.29 43 16)) (0.90 -85 (0.89 -73 (0.49 22 48)))) -10) 91) 57) (0.97 (0.76 70 (0.15 (0.58 -67 -55) 28)) -53))
(0.92 (0.34 -41 58) (0.17 (0.80 -93 -70) (0.32 (0.09 (0.68 26 92) (0.93 -78 (0.78 2 -27))) 96)))
(0.82 -43 (0.34 76 3))
(0.33 -100 (0.15 -22 (0.97 (0.29 -29 (0.15 (0.19 89 80) 65)) -85)))
(0.26 61 (0.18 (0.87 80 (0.10 82 (0.31 (0.11 (0.84 -43 (0.18 9 -34)) (0.27 -7 -85)) -99))) (0.76 26 18)))
(0.25 (0.58 (0.51 (0.39 (0.41 -12 (0.90 (0.62 63 -20) 13)) (0.87 -46 (0.86 (0.32 -43 77) (0.60 (0.07 (0.10 -53 -41) -31) -30)))) 56) (0.26 53 (0.96 (0.15 (0.64 -46 8) 53) (0.19 (0.97 (0.48 20 -28) 22) -95)))) (0.86 37 -50))
(0.63 (0.38 10 (0.73 -77 (0.46 (0.01 (0.37 (0.61 73 5) (0.25 -45 (0.75 (0.54 -73 (0.01 72 69)) 60))) (0.58 22 64)) -70))) -46)
(0.11 73 (1.00 (0.31 60 88) (0.21 -59 (0.94 -65 (0.60 (0.34 23 (0.91 (0.49 (0.55 (0.07 -22 (0.16 (0.28 (0.92 -69 -33) 35) -56)) 75) (0.94 34 57)) (0.69 (0.48 (0.19 (0.10 4 39) 48) -92) (0.81 -92 (0.02 (0.81 25 (0.11 11 -53)) 2))))) (0.72 15 93))))))
(0.41 (0.91 4 (0.73 -96 23)) 40)
(0.52 (0.02 23 (0.25 97 -3)) 78)
(1.00 -76 (0.69 -94 (0.11 67 -48)))
(0.99 (0.38 61 -28) 67)
(0.24 98 (0.80 32 (0.58 -77 (0.01 (0.39 54 -59) 93))))
(0.53 (1.00 -95 67) (0.47 -57 (0.74 98 -81)))
(1.00 -4 -14)
(0.41 (0.43 -1 38) (0.11 (0.33 (0.38 -52 (0.14 45 (0.68 -14 82))) (0.95 100 (0.75 (0.86 (0.25 27 -89) -58) -90))) (0.45 44 (0.21 37 (0.93 -97 (0.15 69 -24))))))
(0.08 56 (0.04 63 -20))
(0.74 -10 (0.47 100 (0.75 -85 -33)))
(0.64 43 (0.63 -42 (0.50 (0.49 67 (0.62 -55 -73)) 40)))
(0.08 -21 -91)
(0.26 67 (0.61 (0.50 (0.69 -39 90) 55) -57))
(0.90 (0.36 (0.10 (0.66 (0.08 -99 36) 47) -46) (0.73 -78 -58)) (0.85 -54 (0.04 46 (0.46 (0.32 (0.53 80 -35) (0.54 77 43)) (0.45 29 -6)))))
(0.75 (0.94 (0.27 -6 -82) (0.76 4 82)) -18)
(0.58 (0.40 -80 (0.08 -74 (0.04 0 (0.75 61 (1.00 -8 (0.04 (0.52 63 -91) (0.36 9 -1))))))) (0.20 (0.57 (0.41 37 (0.62 94 51)) 67) -78))
(0.23 12 (0.31 -9 -88))
(0.42 (0.80 -11 97) (0.26 (0.50 (0.29 51 (0.18 (0.59 (0.05 -5 -50) -62) (0.23 (0.59 (0.26 38 -45) 76) (0.00 (0.01 (1.00 51 51) 62) 59)))) -36) 52))
(0.84 -7 -35)
(0.32 (0.10 73 -73) (0.30 -65 (0.96 (0.25 (0.39 (0.67 23 (0.20 -73 (0.81 (0.92 -38 -10) -33))) (0.58 (0.35 97 57) (0.13 53 (0.09 49 84)))) 40) -54)))
(0.77 -75 -18)
(0.70 (0.93 (0.01 (0.59 -30 36) (0.78 (0.69 66 (0.77 -36 (0.55 -2 (0.52 (0.17 54 82) 79)))) -59)) (0.33 (0.25 (0.72 86 -71) -3) (0.31 7 (0.06 -41 -47)))) (0.80 55 (0.31 (0.19 52 54) (0.43 -44 -77))))
(0.82 (0.16 (0.57 (0.58 -65 -21) (0.76 31 94)) -70) (0.48 (0.84 60 (0.95 (0.58 (0.26 -98 (0.55 (0.76 80 28) -69)) (0.92 35 -62)) (0.89 -33 (0.25 (0.30 (0.28 (0.44 (0.00 (0.80 (0.91 (0.57 -48 (0.01 47 (0.96 -76 0))) 78) 70) (0.52 (0.49 60 -64) (0.57 (0.73 -51 37) -80))) (0.48 -57 53)) -83) (0.93 (0.46 58 (0.10 32 (0.22 (0.04 -83 23) 6))) 40)) 15)))) (0.38 -89 -39)))
(0.05 (0.20 33 -23) -80)
(0.21 -84 -78)
(0.07 -78 (0.99 (0.12 (0.29 (0.53 -91 (0.79 (0.81 -36 80) 54)) (0.76 (0.85 (0.49 (0.88 -100 (0.06 50 (0.14 88 -91))) -8) 62) (0.44 (0.91 (0.23 (0.26 (0.36 -53 69) (0.79 (0.45 (0.50 -12 44) -86) 14)) -81) (0.03 -36 (0.06 -54 64))) 19))) (0.98 -79 -33)) 26))
(0.93 (0.62 (0.12 -46 95) (0.80 39 (0.61 -42 12))) (0.95 (0.51 (0.24 (0.00 -94 34) (0.15 56 (0.94 (0.59 -100 (0.20 -74 -29)) (0.10 (0.89 (0.27 35 (0.18 60 (0.64 -79 (0.38 85 -2)))) -54) 93)))) (0.88 (0.72 (0.19 (1.00 5 (0.30 66 99)) (0.41 -83 -8)) -38) -82)) (0.52 (0.35 (0.86 (0.52 (0.54 (0.90 61 (0.83 (0.21 (0.93 (0.17 -7 (0.80 43 -5)) -23) 59) 63)) 29) 13) -33) (0.08 60 (0.74 (0.37 (0.19 (0.00 27 -56) 69) -38) -56))) (0.70 (0.28 -39 (0.56 (0.08 -86 -80) -59)) -42))))
(0.88 31 (0.83 -89 58))
(0.41 -98 (0.26 87 (0.61 (0.21 (0.99 (0.14 (0.68 97 -90) (0.72 -13 -40)) 3) (0.57 67 (0.52 (0.97 51 100) (0.77 -98 (0.30 (0.90 85 (0.75 -96 91)) 47))))) (0.20 (0.23 (0.35 -73 -98) (0.22 -83 -20)) (0.51 -15 (0.92 76 51))))))
(0.32 (0.12 34 -35) 1)
(0.69 (0.40 (0.80 49 (0.64 4 -17)) (0.91 (0.11 (0.06 -14 (0.30 45 (0.80 -99 (0.52 4 (0.78 8 -28))))) (0.57 (0.91 50 (0.67 -25 (0.20 (0.85 22 (0.86 (0.27 -16 (0.67 45 81)) 22)) -64))) (0.38 -69 89))) (0.90 -37 -73))) (0.25 (0.40 47 (0.03 (1.00 (0.82 -56 72) 66) (0.91 -76 -62))) 50))
(0.91 -92 -42)
(0.39 (0.57 (0.71 (0.42 (0.00 -35 -63) 7) -42) 90) (0.76 51 -37))
(0.23 (0.12 45 -28) 84)
(0.54 59 (0.36 (0.35 4 -24) (0.63 (0.69 -7 80) -94)))
(0.66 75 7)
(0.06 16 (0.39 65 (0.81 78 (0.44 64 (0.70 -4 (0.10 22 (0.67 35 9)))))))
(0.34 (0.68 (0.49 56 (0.02 (0.43 (0.88 61 -3) (0.44 80 (0.39 (0.76 (0.99 38 54) (0.06 -41 (0.75 95 80))) (0.90 -48 (0.99 18 (0.38 41 -92)))))) (0.82 85 -52))) (0.08 (0.80 (0.45 38 -75) -29) (0.26 (0.12 -41 (0.31 (0.13 -2 -34) 80)) -96))) (0.78 (0.31 86 (0.26 55 (0.52 (0.72 -48 (0.14 31 (0.21 -75 75))) 65))) (0.69 (0.38 4 -30) (0.24 (0.80 -24 (0.77 (0.15 (0.42 (0.73 (0.11 (0.00 74 (0.07 -36 76)) (0.06 -20 (0.13 (0.82 (0.99 (0.04 74 20) -55) (0.65 95 (0.24 -73 (0.01 (0.13 -40 (0.33 -92 (0.32 -36 81))) (0.46 -24 -34))))) -52))) 8) -40) 69) (0.96 -90 (0.09 93 57)))) (0.07 53 (0.01 21 -76))))))
(0.56 98 (0.12 (0.22 (0.36 95 55) (0.06 (0.93 56 (0.26 -46 95)) 36)) (0.45 -73 86)))
(0.60 -100 -70)
(0.61 59 (0.11 (0.19 9 (0.52 (0.18 40 (0.03 (0.68 45 88) (0.26 -49 (0.66 8 11)))) (0.14 (0.18 (0.93 -90 (0.30 44 (0.63 (0.61 -98 (0.44 (0.82 (0.17 (0.83 58 47) (0.48 -85 -78)) 63) (0.02 -68 (0.17 -96 13)))) -63))) (0.95 (0.69 9 -74) -44)) (0.69 -25 (0.31 (0.94 63 14) (0.62 30 9)))))) (0.16 (0.75 (0.92 -62 (0.15 (0.86 -19 -2) 37)) 74) (0.02 (0.27 (1.00 -57 (0.06 -90 96)) (0.62 (0.92 -82 (0.49 -24 100)) -17)) (0.94 -51 (0.37 (0.29 45 (0.95 (0.93 (0.03 66 -10) (0.91 -32 -95)) (0.06 -13 (0.16 77 (0.91 9 -92))))) (0.43 100 88)))))))
(0.78 -38 (0.21 (0.68 73 (0.51 59 40)) 70))
(0.59 (0.69 (0.35 -67 (0.62 -64 (0.42 (0.69 (0.73 (0.72 89 (0.66 (0.18 (0.23 10 16) 6) -62)) (0.57 (0.59 67 (0.43 -27 -5)) -65)) 0) (0.81 (0.68 -88 88) (0.47 -18 0))))) 86) 16)
(0.08 (0.91 (0.29 23 85) (0.89 (0.02 -38 (0.14 (0.41 (0.51 43 -24) -70) (0.82 (0.91 (0.68 (0.83 3 22) 99) (0.03 (0.45 -55 27) 50)) (0.54 -70 37)))) -55)) 43)
(0.18 (0.84 96 (0.81 -13 (0.80 (0.29 (0.77 32 (0.12 (0.31 75 (0.04 -17 -90)) 17)) (0.22 64 -69)) 94))) -92)
(0.83 -11 (0.43 (0.59 (0.42 (0.14 36 (0.52 (0.30 -34 (0.67 -48 (0.84 54 84))) (0.31 59 (0.95 (0.82 57 -66) 73)))) (0.16 (0.11 51 -19) 30)) -79) (0.95 (0.90 -2 (0.27 (0.81 (0.31 90 98) (0.00 4 -20)) (0.24 58 (0.47 -26 -82)))) -16)))
(0.62 (0.82 75 (0.41 (0.29 -81 (0.36 39 33)) -28)) (0.68 -20 (0.19 (0.76 (1.00 -71 96) (0.71 (0.88 15 66) 76)) (0.42 -17 (0.97 (0.96 -53 -28) -9)))))
(0.80 (0.62 -30 (0.93 9 (0.42 2 69))) -72)
(0.95 -1 -11)
(0.09 2 15)
(0.52 -50 -75)
(0.92 -3 (0.82 -9 (0.22 (0.85 -24 (0.95 -74 (0.73 25 (0.30 82 41)))) 60)))
(0.32 -50 (0.47 (0.20 -46 69) -49))
(0.24 (0.26 77 11) (0.16 59 (0.07 (0.72 (1.00 (0.64 75 (0.67 35 -55)) (0.25 93 (0.00 -14 81))) (0.37 (0.67 76 69) (0.98 (0.81 -99 -56) (0.12 (0.60 -74 50) 0)))) 94)))
(0.43 47 -82)
(0.66 (0.30 -2 5) -54)
(0.49 21 (0.83 (0.87 (0.96 (0.57 (0.30 (0.40 -59 75) -75) (0.83 (0.73 (0.10 (0.18 16 (0.68 -60 (0.22 70 (0.13 -80 -82)))) (0.07 94 -20)) -62) -31)) (0.65 (0.52 -91 73) -18)) -20) (0.94 -58 (0.40 73 9))))
(0.86 (0.75 (0.78 (0.77 (0.31 -30 (0.89 (0.82 -8 98) 50)) (0.55 21 (0.48 (0.10 -22 14) 98))) 86) 43) 3)
(0.57 61 30)
(0.13 -15 (0.69 85 -29))
(0.67 (0.94 (0.84 40 (0.87 (0.32 (0.02 1 -41) (0.94 (0.33 (0.29 -29 (0.91 (0.80 -38 24) (0.13 -9 17))) (0.88 (0.26 (0.12 -97 (0.97 (0.41 -8 (0.26 (0.31 (0.80 (0.60 52 -20) -49) -3) -12)) 45)) (0.25 -50 -80)) (0.11 -99 (0.00 -39 -92)))) -65)) -86)) 41) 98)
(0.84 -17 (0.14 27 (0.62 -81 -76)))
(0.54 -41 (0.76 75 (0.33 -37 (0.37 78 -56))))
(0.13 -88 -49)
(0.87 42 (0.76 5 (0.55 (0.89 (0.71 (0.34 (0.58 (0.84 -6 (0.05 -50 13)) (0.65 -54 -90)) (0.13 15 41)) (0.70 21 29)) (0.46 8 -60)) 29)))
(0.70 (0.95 (0.36 -93 (0.61 98 75)) -8) (0.79 -46 16))
(0.39 (0.67 (0.37 50 -97) -62) (0.30 (0.51 (0.41 (0.93 -47 -11) (0.12 13 (0.93 70 -20))) -22) 30))
(0.46 (0.09 45 40) (0.71 1 -73))
(0.57 (0.15 (0.29 13 (0.56 -15 -63)) (0.10 -41 (0.55 (0.03 -80 -79) -7))) 63)
(0.90 -96 (0.06 (0.24 (0.70 (0.23 54 -62) (0.99 (0.50 (0.02 (0.54 -70 -5) 66) (0.37 (0.13 91 2) -64)) 74)) (0.15 (0.36 7 -69) 42)) (0.91 5 -86)))
(0.50 4 81)
(0.82 35 41)
(0.98 (0.81 (0.72 -33 30) 5) (0.35 (0.49 (0.72 5 (0.60 (0.71 99 9) (0.78 41 63))) 54) (0.85 -38 (0.46 -95 -39))))
()
