100
41 12 7 5
2 2 0 0
10 42 9 24
5 16 1 8
48 32 31 22
27 2 9 0
18 25 2 5
30 34 7 8
6 38 5 19
14 9 2 1
14 41 0 6
9 26 5 21
9 26 4 4
43 8 18 3
32 9 5 1
4 13 3 11
19 47 0 11
8 31 1 27
24 40 5 31
17 16 8 8
41 37 40 17
44 44 21 35
20 3 4 2
32 41 15 32
38 2 19 0
8 10 1 6
1 24 0 8
7 37 4 24
25 4 2 0
47 30 39 27
1 28 0 27
36 8 0 2
5 3 3 2
43 10 29 4
1 36 0 30
40 36 36 32
39 21 32 1
18 20 2 1
15 31 3 25
38 17 20 13
2 20 0 15
29 35 23 13
39 1 16 0
5 7 3 0
43 2 41 0
21 38 11 27
20 47 17 35
15 2 6 1
21 26 14 21
13 33 9 12
1 1 0 0
7 14 6 5
15 31 5 3
20 11 18 2
25 28 16 3
29 28 6 4
5 18 1 8
18 32 14 17
48 35 22 32
48 22 22 19
4 4 0 2
31 23 18 21
18 11 5 2
38 37 32 16
22 16 14 6
15 45 3 17
31 14 1 13
35 26 2 17
46 44 9 23
19 8 3 3
18 32 5 22
20 48 4 8
31 11 19 5
7 6 3 5
36 46 6 21
40 14 3 12
10 23 1 21
31 1 2 0
32 16 22 2
31 23 12 9
1 41 0 18
47 37 27 31
3 15 2 6
28 2 17 0
25 29 19 18
45 47 10 0
30 44 28 24
34 26 13 15
18 36 0 7
40 20 0 17
34 40 6 29
41 48 17 16
44 2 30 0
16 29 4 24
24 35 0 9
28 18 18 7
5 35 2 5
7 46 0 43
37 25 4 11
24 39 13 13