100
2525 1
2400 5
300 2
120 60
60 90
888754685 3
338182674 8510
781657421 2291
575724194 3650
832439256 34
162377614 3401
727256130 2022
65893324 1554
662105394 6335
304151100 216
215418760 9853
735949899 2767
229498049 9357
794521815 1315
289281535 1514
387359832 2691
477495025 1548
560118111 3919
490362179 5207
197492001 4533
266722343 1284
462550801 6475
373292497 737
817348643 5627
5890201 6224
274617793 7246
531963418 5921
584694818 1848
494299953 6994
177222806 9139
64864699 1966
230323851 8486
426769539 7305
507525669 940
373035420 1663
193226668 4185
417277730 8260
275488500 7259
63529544 8999
698125781 55
294948060 6217
428293126 7178
672324370 2116
102001213 4489
48825168 1833
655874168 3566
567467463 4545
595963978 9306
170219646 6451
62681888 6799
49832354 704
453551476 8301
642103348 3565
522299182 7627
178188564 2194
66540149 1014
631000427 7090
69821959 6237
502350835 5572
681719876 2185
146885477 7437
347268330 2836
199987959 6188
615495997 1075
298554619 7317
568858507 5565
342493822 2144
355190125 208
95364675 8998
118590350 9644
126096315 7304
313915741 5685
554878777 3754
58324657 6917
438317842 9393
282963151 4623
688348836 2189
37630971 7975
187025566 538
296788980 5306
106451329 9127
313222752 2660
318406978 4396
203670201 3731
539126376 5583
305446627 2439
524855118 2210
694263897 4895
414365140 3945
321337984 4133
544054228 894
208638964 5850
29979867 3623
276265022 6390
121317867 7153
6594 7
602 4642
5237 8215
2493 5260
3893 4138
4497 2314
4632 8359
4141 3484
304519954 21
60624646 3136
41909012 9100
183193575 2584
7277767 1469
98416469 29
188774572 8798
86501269 6231
35431989 3517
67020613 8167
258054342 1717
4971441 2940
239763570 6797
139099168 7723
166669699 6489
175949758 5832
193120220 5580
69280716 708
135144193 1062
124599330 2121
279247012 6171
262986206 9693
2 1
1 10000
283399486 1
200823201 3530
288599048 1000
33402970 6656
15930047 8260
43432810 4959
154273292 824
83249556 5071
80489291 2518
126138944 5911
111403163 2840
192944833 7715
20522915 7065
98940849 1103
270651612 53
37817188 4831
184012614 9236
246768624 6509
285049071 5279
106073945 2506
220157335 9441
275142629 2751
1991386 2100
121494964 1288
67586068 7036
155597180 9656
164010647 4080
251323281 8121
218053516 8906
158528140 1753
191619062 6200
4170882 1516
51744659 546
130562092 937
209208056 6569
134315835 6259
151304577 783
241746453 6221
179931493 1133
244930792 2434
187365611 2788
21440805 7657
197140333 6133
148843141 59
122736557 2057
121057270 7869
189800950 1712
60560445 317
29735951 2056
215870171 2566
76763620 542
17621479 63
174819722 1888
84185586 6053
179401207 6092
153049671 3048
214596691 6919
198586530 3914
144121732 2582
62272758 2868
276601679 804
265854888 4283
29335205 5477
231884713 950
199653500 9087
229902795 9478
281562921 8129
70804464 5865
26978016 3335
92686342 2836
105350346 3284
8218995 7197
150443633 9292
22284855 1028
70801379 5
10355103 3014
102850969 2032
246089060 467
38970691 2530
18058938 5625
251886548 9229
211732925 1591
163503456 5566
151749226 5613
149098553 649
139721288 7061
138860889 2958
253136798 6914
220879336 7769
126449532 1664
104307508 7731
280502735 4174
52239886 5379
136559 6812
64299691 8150
228317923 2481
273601912 9826
164943077 1642
190256871 8826
113779023 1614
167929493 8570
205681835 7798
232976988 8068
7670695 513
87425110 9563
256620617 8737
243594173 834
192671055 8872
247214195 8261
160164406 6957
198625516 1797
272020595 2706
54416771 5054
3269690 493
122945032 895
109413676 8941
259866007 3558
147453847 1487
105775941 1189
34987192 7212
165410034 6867
105097743 305
207105071 4834
285219664 171
269185995 4874
174253035 1574
4543741 9052
36301835 6818
12885306 3974
191958385 8373
225154004 7193
287776807 3827
143378007 2515
114822907 2242
11569406 7188
187364445 5460
202877370 9768
254510331 5225
209009819 5063
46884738 5845
91724671 625
184354598 2356
255434313 1471
64470840 972
83423688 9921
204806478 4475
187246957 3169
49306462 953
242854074 7906
49899049 2795
228358686 7463
200892700 5119
86736762 1654
234086194 5229
49290823 3292
257290493 9117
280818838 4146
252109965 7852
41791627 6202
140276140 4081
285434902 1437
34766851 6813
188939606 7338
18147 8080
245675312 8946
1236961 685
71086561 1775
210149083 9928
235256450 7513
247718332 4195
272937231 8793
44595090 6932
142237190 1148
100085796 3678
202900502 7706
207147853 6507
159576278 7708
8338793 7560
225129587 2195
14542195 3046
253940923 9666
77357669 5267
179536548 9844
136750965 3787
194426139 2342
73510755 6868
262899883 7792
210147375 4848
23372995 1236
193834157 830
233678867 8342
209771070 568
51228402 6903
24644448 6987
271205908 498
257199794 8518
140693681 1458
92492571 4280
1725972 3139
56374469 4044
267949797 1925
113280588 4932
1984818 21
230183028 1659
131753214 7058
250707469 6094
96681296 2033
49794605 8745
61010295 2586
248392223 1491
137203815 366
57106546 8713
123895232 4960
245742375 5295
240615024 4824
207352669 1374
73896511 1660
279487551 5237
168061244 7009
236320636 1189
173260398 9041
159619964 4349
195666086 1262
117536069 4340
202786053 3628
94164474 4004
279092854 6281
243241928 8237
229900814 1396
184714072 4301
247190514 8059
22570106 6830
10700958 5756
114672268 1079
93341652 6745
54844719 1444
228780459 8739
225690375 7007
70115132 3177
21551505 1409
35862880 3880
135597872 9933
244175141 3306
236393516 1686
147318414 4700
125594584 9289
11136664 2963
204639336 9207
42129696 4713
70857464 7902
233956830 8674
178503899 8894
61647341 8769
246854575 2635
31309650 6499
90376704 2680
67486281 7308
93353793 8510
50730792 5116
217284296 3681
129954244 3520
10029267 9700
31533696 6917
169173357 1863
257462522 3346
77134471 1727
65971835 4557
170587318 5371
261764389 5556
6564531 4727
141622860 9736
79141325 752
2521343 69
70431411 5443
51150949 1763
200234486 2639
106796694 2132
137588157 1514
222972643 7299
279381543 201
269476164 4921
224993940 10000
87517894 7840
63951630 4670
65772388 8153
214016362 2655
209749532 1481
61729864 3754
19446704 2516
203485142 1421
104086626 7526
200354490 4796
120177123 1167
26609825 1307
243473638 5668
246239862 4340
107432935 7638
53309122 1525
67981844 4809
223157182 3001
189938732 4184
139317770 9378
9314969 6380
178528768 9369
32619946 3339
102240679 9778
115325764 2302
24697454 7485
166381956 6348
270457089 1305
157052923 6768
158828118 4727
169572678 3578
237991019 9184
112511910 7079
47379470 3782
42177717 8174
142111702 5278
84504797 8788
46157056 1040
203800425 5799
182366002 574
169233007 5954
100313964 8520
109180085 8220
145661186 8381
93297489 633
51032217 4027
272373660 2313
211717520 1218
93762658 6369
130310531 2952
88118416 974
250996070 6112
251852277 2444
88734272 855
95111498 6780
236162725 9322
107959235 3046
7416409 8698
101096026 7847
120142712 5557
121504449 755
39445830 6236
149774883 4757
200838920 8360
267731354 2289
87422508 1920
118579684 6224
35513793 8475
148410953 1138
267210102 3910
186622621 964
71541688 3724
112873639 9068
51776413 5147
195843832 6005
23331097 9123
261382852 760
64708177 7108
160849455 4496
123468160 4933
285667707 371
122782406 9147
121746747 4336
222958327 8529
132295885 2161
130285800 682
105950072 2414
110487759 8256
32548556 5794
177233925 1854
194654481 6044
276047220 2861
46186980 3489
283991159 3167
174501454 5974
178776924 4439
82108932 3111
190336490 4319
231638547 5869
87623786 970
173321234 171
150174565 7859
266077240 3880
222169516 7240
228686469 9849
123659747 866
103362182 9352
190472637 815
56186864 510
29738184 2822
199063964 5036
64438517 7720
31361436 1209
143691341 607
112131083 5894
97907229 7214
102232453 9371
144099387 2321
97995663 6726
128570390 2427
140868937 9738
287327784 9998
81542563 3802
107592577 3348
76983037 4642
176681750 4024
224345819 9221
5029320 2029
211557485 8819
210532803 2365
103571609 7382
133550430 695
170260565 6004
25185191 5815
134975249 6236
113911834 9405
278957963 4221
190912470 5347
255311082 4720
62835371 143
231196961 8617
100860331 7224
141819460 6086
163846780 7428
144243672 5666
285674376 7597
219770702 5677
88127196 9770
50561149 9394
207813289 9007
10815364 5632
133218477 7950
221900877 9304
231917456 4522
141842510 3648
109466475 2825
168352934 3623
138980936 3957
142971936 3834
141808807 7492
33140059 1669
247589434 1898
51106382 5541
190514166 8319
255544687 7987
29012765 3865
42990820 7084
32195221 4100
202039976 2969
20152818 1254
5094688 8563
108701814 4552
125875067 4599
288564751 2395
110813176 7274
77599042 9006
127206871 6163
245362367 5601
8752815 1639
220708027 9229
66398295 255
63968217 2490
136195392 4216
35098465 3328
133532253 828
120235584 2043
31412714 3009
172078765 8478
57827405 5105
271862037 3435
247336685 8188
1011019 114
212867467 1061
118137864 347
220915307 9502
56194396 1182
168358758 7950
86728622 8399
146984699 9043
247752821 8488
113207449 635
241557456 2862
94349989 6457
57529597 6758
220997199 1849
243012310 3316
240339569 6008
287078039 5893
51716681 919
142765640 4812
104216998 6152
191565430 7408
267110859 8911
200650339 63
214324748 4719
267697866 1142
140073224 9369
70464458 4518
85614217 9294
141306893 4501
151160787 8449
15422954 7456
52267058 6473
69397563 399
53541838 9712
70948062 9231
151237721 3573
47986979 9046
171366051 1545
2293076 3509
169975285 9403
98124035 3584
203057113 294
177448590 9728
120202053 3380
88456 7915
117141655 5112
136584987 4162
47496554 8568
159713812 1594
214766451 1257
31919252 4626
99677389 9875
135100404 1152
94968173 3656
69818182 4921
73353132 6570
92852025 1224
53792377 1810
257712835 5145
26679095 5464
141353554 7115
128061924 1501
242343696 4938
190643503 9234
115579298 376
136365943 9521
132167166 1717
119407320 484
13755759 3148
258862070 4463
190162276 8666
116799402 6468
133053408 216
157273599 9875
57219468 4900
243647660 9096
188353231 3897
115139324 3931
281369678 4820
234845160 9278
251704629 8869
45465860 5716
38113071 5804
10326949 7951
73907088 4504
72620091 2151
269547398 3577
165282878 1263
197278982 9707
10486089 6543
166940831 8297
35949015 4040
151329472 4650
17070540 4542
135193917 4504
81258835 5232
84275819 8649
235781831 5840
195575219 1157
278814202 7215
13872775 6314
136724989 6016
206783740 3409
149679021 2372
286382274 9021
206897738 6129
91152384 7760
213694120 5737
184818503 501
44440262 8123
216317158 5609
78356487 9356
200386646 1344
134483795 6951
39369401 4029
285492137 4179
13639334 6188
26499588 7493
98616674 7701
136666738 4812
166326055 61
121191951 512
195965432 6371
110464089 6561
137317704 4416
72813225 4874
74671055 2211
70696548 7615
126342189 9483
196620210 9843
19046097 155
15756939 3358
36037961 7018
198571185 5958
237952274 1083
106826028 5651
254833212 6608
119920140 9659
179935429 5847
35569940 1705
62216176 3884
94280901 8278
252496092 1121
45056481 7468
78862675 2960
250071789 4738
27004289 4272
105718360 6249
189175187 5738
261555009 851
183955009 9358
246120724 7136
149727632 2371
191492775 1440
271090960 4286
49291779 4524
260553684 2876
134123687 827
143854806 6807
45255896 4086
48236264 6114
127288165 8310
266499874 2595
155977760 7790
30540031 5922
256707334 7556
183130688 4139
105162041 4160
100434610 3508
143946656 2121
198922151 1960
70145566 7244
54210543 7348
53755842 9831
55857255 9713
285690120 1604
26970054 7750
29110966 9499
47060844 109
69962476 6402
232354841 5159
23039499 752
186425366 5098
40367637 1807
172168626 5947
192351867 8075
23645537 5245
64451260 9111
217509059 140
96117692 6461
233198262 6880
176442018 6499
269583840 5740
218698186 7929
225731242 156
41224605 9785
154538162 4315
100213536 6524
180132187 418
14909248 97
210373262 3943
13310878 8769
271209743 7352
3440501 3213
135662617 5576
144979267 1606
102129279 3329
255747089 520
234681956 9189
247152218 4269
80926347 3033
46847938 8478
164617070 17
126002893 8406
186731104 938
17836989 9146
109988766 4469
56542843 9892
252261713 6146
7965305 598
46881138 2901
74252938 7986
119929665 4157
87085200 1895
19396110 2860
6355134 583
196392276 1384
174113989 1714
281515893 7166
46079044 2421
75797905 3333
29951831 6878
207929070 6441
89112723 550
65607267 8341
121704355 1781
153440126 7893
264869161 6252
37173666 5869
89868349 5570
220676775 2873
243571002 8445
186476577 4422
193655899 3012
133848693 1835
105963273 8835
115065638 2540
109373565 1085
101610047 5952
201086745 6790
30128479 521
54751801 7123
252591788 3384
94739076 3984
77252833 37
56426129 2218
261620665 2576
156940264 2004
166500393 6208
150001891 7800
188048791 5983
43131692 9204
143503762 4621
27740485 4163
179327136 7849
182646730 1156
73931764 5281
156316830 9122
149741920 5481
3521438 3938
57206348 7729
137923070 9158
248297949 4429
248360909 4088
140584678 3507
27344269 4941
196567843 4349
258628831 7012
187040859 1351
151894958 3140
22770948 3831
154077038 4276
23706997 966
128725402 8017
158898046 4056
76361159 2652
19151571 6250
222561826 4160
31359380 3961
193255126 4488
177907975 1146
178362229 2497
118146169 5286
198524228 2825
115925353 6273
216910993 8397
286717721 2828
171108227 5303
20918006 9039
5062947 2379
138301472 9617
118621261 9814
218615120 7792
151334638 6762
47653326 4144
29741557 5822
154888749 3988
264338208 4386
246068075 6146
61900757 3359
197368429 8630
196487648 3350
136775309 5731
176447760 7385
7351177 2497
261794851 9568
253995379 3089
60030591 9049
143389220 6696
170304307 1685
360368 6475
48764308 7144
162529716 2579
79624406 471
71838501 5476
141286597 5533
217354647 7248
114192774 645
273359572 8049
60913110 255
26183630 8194
142544691 3486
273046256 6221
585459 5830
160809251 8878
75541544 4544
29491892 1288
209072117 3294
80546044 2270
167002435 3310
12020074 8477
141484170 3303
104788001 1627
188957848 3104
97079150 8679
180869972 7759
169369886 9690
271963116 3256
185407114 5188
101510139 445
279882671 2832
216709244 4063
48195591 5480
90633978 5195
113033044 4459
121438531 6555
243326337 4684
164795673 1722
6017900 479
273865001 1848
53298203 6490
65602162 8935
115504022 5583
161050414 9467
74010665 3935
169040346 4332
4809391 3942
180805625 1059
205134470 8684
240829941 9492
230649869 8806
279499374 2271
66168219 6629
54911419 1743
21200353 762
93530087 7095
175559648 3345
29466326 3862
255646265 6498
153552438 5311
231641223 3582
42472814 1211
170783709 1310
200224645 4635
3761339 2805
37814422 8840
158232683 1072
83925246 254
240841801 749
40865428 402
107248826 4670
140339517 1650
59889475 2451
32959025 5118
221501832 8004
19898436 3926
107867577 1137
140801763 5804
249714796 3202
71264386 1300
176032340 2769
190568175 4321
214151214 2292
157267933 2360
60847710 8435
39183682 252
221659917 4870
231595727 3413
155071737 2225
196196420 7647
38968191 1715
49492909 7832
223186095 7008
188493505 3696
58492293 8361
284546107 7961
39092437 9217
61036226 4312
26962777 9969
60751861 9465
36204357 4531
27884103 9630
64257090 2974
208240330 7364
279479465 1738
163205173 6716
10957393 5000
153855474 3313
243348858 3466
123653655 9646
208650911 3177
165935265 6014
29339011 5050
137895876 6539
154651665 8471
137959834 3565
259559383 6195
109981843 6073
75596918 5442
182093660 2002
68055657 1091
180392276 6382
258269784 4271
201116609 199
209862658 4782
239571389 6237
249103228 8116
225773641 6245
2252725 1971
145271687 3773
164162693 9066
4755483 8216
252278644 5778
132717571 8265
72615440 4900
281170725 7320
19142205 8290
265677954 155
156639042 5742
251579489 2240
207105674 1592
52149966 6417
61808756 7124
239250165 6017
60007753 2205
19062323 4228
231086236 3851
229670841 949
36924379 3945
124824303 6968
279577386 2705
165404541 9769
59430806 4442
51334393 5946
164997188 6877
201043642 9052
66541025 8270
10315635 6121
28275980 3861
242290736 5909
195003645 613
50649001 1473
150375040 5023
64946521 8945
118513303 2190
43814367 8174
137379821 3425
40832165 896
237281252 5708
98068538 358
75610177 9375
128391707 7662
249758466 3782
219523152 5205
146330953 9245
147364883 1480
68709027 7662
264478761 4507
30391833 6775
86851216 6733
117712079 3691
81273780 3306
179422498 8437
35030274 115
285450923 7363
74602425 8472
28552232 5752
19727014 7263
10412445 8027
241376450 3995
259206383 2564
61796099 3724
82144272 5389
66662117 4140
204450646 5950
25382397 9849
129332380 5039
216295199 9515
30672414 938
252875747 4776
221870077 3905
11268692 7510
16710099 2317
209428114 4835
226923247 806
151094790 7105
82268118 2025
206956718 7017
155915259 8205
211323979 4765
200000 100
2531 9
5835 2
9124 9
4849 10
2070 6
5317 10
9937 5
7431 5
1055 3
2303 3
4628 3
8869 4
5627 2
814 8
651 3
5000 4
8965 7
9938 1
1420 8
14 5
390 3
5109 3
4194 2
64 9
2066 6
4827 5
587 10
2871 4
8542 6
9411 2
3481 8
5290 6
3199 8
8426 3
3716 5
1567 7
414 6
3888 8
3744 2
3023 3
9550 7
3183 7
111 5
1309 4
9745 3
6968 10
8692 3
9126 10
2643 4
8901 4
8786 10
7028 4
3948 10
3052 5
3571 3
3033 9
8610 7
6036 5
9760 8
8381 7
1614 2
3068 4
9054 2
7305 2
775 7
663 8
5935 4
2225 8
6556 8
8759 7
2703 6
7012 3
4968 10
7277 8
3647 10
4612 4
9088 6
1441 3
4061 9
4737 8
4373 3
5945 3
6841 10
7078 5
8095 5
6066 10
2894 7
119 2
1429 8
9384 3
6076 9
3732 9
270 9
2023 6
4514 4
3974 4
6809 10
3449 10
431 3
1489 6
520228325 16
180228638 5080
260789907 5633
215319536 5396
376387933 7760
41529048 5499
265346059 4065
509831543 9387
425300937 9192
412230133 9268
497528535 8958
225386385 5391
115354487 926
470313375 4716
389708816 3698
153635479 1711
516021825 2839
886967492 57
479741567 7919
666545354 2003
276853905 6483
730466055 3521
399194759 4852
91692777 5038
131227779 8592
28801412 3455
118390824 7285
153529619 5269
817235654 6270
249595785 8813
119531203 8380
217735370 6634
425728427 5729
685115527 3472
820194470 9726
70163027 9086
870433329 4481
373131485 5633
676825685 6057
100968962 5263
646842336 3866
711102159 1809
638103786 7129
57592302 5966
93257792 7672
205275603 1032
90034698 6097
359904423 2000
301142916 1569
873176084 2658
873289294 1817
182885116 4431
485927662 8670
96790906 7874
772760876 5416
855504187 237
444706844 5642
51040517 9281
64861644 7110
36350623 7065
118361000 2237
327766143 869
22306660 1737
785510527 5609
261352947 4330
175677160 3074
874771338 1636
38157657 6052
836833843 7662
75972605 7229
175155591 4283
432674058 894
438617260 3509
882244513 8747
182010248 3194
857757959 65
447568518 7202
850426168 2513
62246306 2378
610135744 9848
342383560 664
28407336 2121
177889264 3453
648292836 8383
504660623 6035
600951683 8221
308991025 7376
9409598 5374
333794573 3943
259866734 3628
43825204 6866
622687827 5855
649009052 1581
262846875 3270
379537335 5771
853935198 6641
507461983 5832
104419933 5575
524300521 6873
495342769 8790
634221611 8665
517984358 2511
516861383 8767
365189717 9340
287362991 3705
179498670 5174
492379256 9613
505887479 3433
844364599 5486
640054613 1052
356230381 8034
788903799 2352
597213675 42
646332453 8928
472781589 5336
211490853 5288
434969166 5983
404878269 7424
9234360 3512
748587206 9368
47879408 2759
2043770 6522
749927333 5369
477870838 484
832751840 7469
670049155 6804
1670167 124
206130018 8902
164351662 3271
10170236 7344
312994705 4898
490629427 7275
624751040 8606
563872174 5733
766103092 4713
16336123 5400
409329097 8212
222421785 5766
527041634 9262
198584157 3137
42941536 4721
218243633 12
112254266 8699
66395186 8811
24760441 6125
195344022 6901
60718664 5373
113636831 7913
40183568 6367
125628796 4026
110342179 6886
38355380 2553
177758989 5574
20566093 364
1000000000 1
999999999 10000
788768770 32
649230021 9121
71866199 8964
766010873 1126
548962522 3173
682473973 2784
133536764 5721
765476447 3799
738210680 5110
572072060 926
168184209 8316
18286790 3594
521929322 6914
252008982 5077
526257071 6480
421335751 4264
778272903 5085
290386478 626
166807577 7682
559916046 936
7796950 8505
552924655 7343
485014838 5094
660636244 8640
466485876 4087
413950520 8604
707944066 5439
342188144 6747
154041751 8268
727823693 4712
687052907 1574
735656632 7795
165955118 1351
185442925 3
4283387 2384
119823141 4812
8888885 642
801182721 20
228629702 91
391291057 718
654866765 3894
157113458 4263
728581345 9476
511280316 5472
795339630 7416
734481765 9066
531808354 1753
203153933 3055
166056690 4300
634511081 8416
285093553 8889
764060731 8556
284667865 1431
207057948 8551
450542009 6947
174181527 5987
645326166 1523
592229258 3441
486596426 17
106899967 715
423605134 8020
386292618 3415
360531623 3876
356723652 3698
198619039 6451
74266891 8319
373904609 4550
63043606 4482
219969081 3938
258068481 9771
42210818 3008
130123891 8205
341393847 6752
72471648 4659
208275087 5428
324787907 4426
685029689 2
272914800 1116
232433820 7163
278614005 18
111284706 871
113870464 1344
2323431 2390
119146028 4469
213755019 6776
39417603 5308
64496035 826
205607940 9672
29827894 5538
12905324 8417
170496071 3963
230711145 5307
17000777 2827
209037904 6932
57571882 7935
157200718 4835
184094719 5258
205318963 6699
1000000000 100
26 76
3 99
50 52
60 42
15 87
53 49
87 15
59 43
44 58
89 13
57 45
65 37
33 69
93 9
41 61
86 16
94 8
80 22
18 84
97 5
10 92
25 77
98 4
67 35
37 65
76 26
61 41
7 95
52 50
32 70
30 72
17 85
42 60
47 55
6 96
35 67
95 7
9 93
77 25
78 24
46 56
43 59
90 12
39 63
82 20
24 78
34 68
4 98
63 39
75 27
20 82
38 64
58 44
56 46
19 83
29 73
12 90
5 97
31 71
99 3
73 29
11 91
36 66
88 14
79 23
64 38
51 51
48 54
27 75
85 17
45 57
55 47
72 30
100 2
91 11
8 94
83 19
84 18
1 101
13 89
96 6
68 34
71 31
23 79
16 86
62 40
69 33
54 48
21 81
40 62
22 80
70 32
2 100
28 74
92 10
81 21
74 28
49 53
66 36
14 88
872095187 37
540147582 5570
853873121 6845
109037321 2066
238002007 4311
581982855 7351
268314544 4786
663436907 9321
500795030 9927
496584180 8042
657087298 3859
740671196 9506
97355925 6045
788113843 7111
358814047 2054
124679569 2190
396617967 867
727079816 753
699082831 7095
226395268 6945
620627152 5803
107014516 5274
565427589 4546
282997645 9887
808908721 7250
325115794 3979
519632406 9919
547077025 6355
223756782 6600
319048244 1502
350517323 6763
43278017 945
156280063 4741
181092403 9594
665397166 7149
90683728 1645
380839931 7074
175940597 5697
200000 1000
308 5
9727 6
4775 2
7177 9
2446 4
8720 2
9814 10
2463 6
2617 8
2252 7
5819 5
1069 5
7983 8
2511 9
1081 6
1617 9
9556 2
3006 6
1492 7
6208 4
2826 4
2460 3
1452 7
8076 4
6734 2
950 6
1296 8
730 10
5967 3
2601 9
9905 2
2082 2
6183 2
2269 6
1807 8
2385 3
8096 10
4923 9
8139 6
9718 8
4861 8
1929 7
2212 7
3992 8
2902 5
5422 6
5568 3
1607 5
6156 2
8962 5
6047 7
2760 4
7833 2
3167 8
5867 3
1155 2
668 5
2458 4
1194 5
1119 3
6053 7
3500 10
2653 9
885 5
2609 5
1756 2
6801 3
7520 4
1700 10
2632 4
6350 4
5567 6
1444 6
9725 2
6432 9
4965 10
248 6
6913 3
7015 6
315 10
3919 4
7352 8
9997 5
3458 9
2222 6
1828 2
3484 4
7860 8
6645 10
4725 4
2395 2
5613 6
6708 2
453 2
153 8
3570 5
4051 8
5744 9
5811 7
7198 4
9474 7
7921 3
1032 5
5429 6
9648 3
3815 8
507 5
8613 4
1199 7
1349 6
9230 4
255 6
9784 7
9653 10
5697 5
1126 3
3449 2
1251 6
5647 7
1026 8
8760 10
1104 9
4747 3
9173 2
4939 2
3777 10
9678 3
7624 8
5659 6
6423 8
3889 5
9259 7
4580 9
6396 10
7360 7
6747 6
5722 9
812 5
8850 6
6761 7
3008 8
5219 4
7298 9
5348 2
5971 10
3257 4
180 8
1762 7
8146 10
928 10
4091 4
6075 7
1625 10
9472 4
8836 4
9998 1
3171 9
3302 4
9403 3
8574 3
1491 2
7692 10
9388 7
2904 6
2172 6
4285 3
9005 7
7218 8
1169 3
945 7
1059 10
8883 9
5300 7
7245 8
2093 8
7621 9
1484 4
4734 9
478 4
2143 6
309 5
7794 4
8817 3
3482 9
4354 10
9159 10
6522 6
9409 3
1572 9
7892 6
1114 7
4862 3
9880 8
243 8
9948 2
4934 4
2873 7
4536 8
5523 4
1816 7
755 2
4027 7
8948 2
8487 4
4221 4
5587 5
8253 3
2241 8
2494 2
9202 9
7040 7
3978 8
4856 5
5216 10
4219 8
2048 10
4885 6
9926 4
3719 4
641 8
4706 8
9462 4
5706 8
2001 9
9464 7
4204 6
5170 3
5881 8
9989 7
9341 9
4060 7
3965 5
8955 7
4975 10
5581 2
1047 10
6367 3
3720 10
1676 8
1033 2
3241 4
108 2
9970 3
9613 10
5181 8
7432 4
2248 4
2276 10
4487 2
2174 6
4425 2
2213 3
183 4
6671 7
2657 2
409 10
124 3
5584 6
4188 9
5725 2
9887 5
5086 5
5296 2
618 3
8387 9
8679 8
9606 2
7698 9
8235 10
6220 9
2376 3
533 4
6469 3
1750 3
9458 3
3000 8
5993 3
6856 3
6265 6
1675 9
3975 10
5166 7
7403 4
2418 8
9804 7
2328 7
4341 4
780 4
6511 6
9003 4
3534 10
2474 4
150 9
197 3
497 5
8283 3
5380 10
5236 8
3659 4
6079 9
2207 5
9786 7
787 6
2127 2
9544 4
55 5
5569 5
9783 4
6242 9
427 8
2313 2
9160 5
3427 2
8281 7
5477 10
4872 10
7658 6
5825 3
2939 3
9902 9
1490 9
9359 7
2563 9
5470 4
3394 6
621 3
5550 3
5446 9
7710 8
1018 2
8805 9
524 2
4385 2
8599 3
4608 7
4360 4
1094 2
327 7
3183 10
5148 10
2683 8
7764 8
4784 5
1786 3
3578 9
8039 2
9712 2
893 4
5649 2
9272 4
3939 2
5240 8
8390 10
9266 10
5000 6
7919 10
6089 5
8097 10
7623 8
2111 7
3158 2
3327 2
4337 4
9559 9
4108 10
57 10
7295 4
5343 8
9517 9
3596 6
9480 9
7150 2
3373 10
5464 8
1393 8
6326 8
2959 3
4654 8
5221 7
7886 9
8068 8
1074 6
9317 9
9070 6
6830 7
6808 2
4472 2
949 4
6643 10
2575 8
7596 2
2605 9
5182 10
53 5
9384 2
801 2
2454 6
1779 8
8282 9
4584 9
8230 9
9250 5
5850 6
914 8
6327 2
9045 3
3944 7
1299 4
4281 10
1545 6
4164 9
5474 7
3801 2
8770 5
2495 5
8952 4
1474 7
4109 9
6466 9
7683 3
1648 7
8775 6
8734 8
8606 2
9635 3
767 4
8927 2
9705 2
3405 9
3367 9
9881 9
3021 5
4559 10
1012 3
6201 3
4420 10
2570 9
1982 3
4606 6
8413 8
4673 5
2541 5
9382 2
5960 7
2830 6
8069 9
169 8
8719 4
1372 9
8033 7
6765 10
7028 8
2749 3
7705 2
6886 4
4782 7
8619 2
5602 4
2798 7
2268 9
8660 8
5696 4
2593 6
8259 10
224 5
986 10
1907 6
6343 3
5815 6
8424 9
4272 7
9169 4
9355 2
3798 7
8900 3
7192 9
506 4
8154 2
1656 8
5324 10
4239 6
9075 6
5592 9
2188 6
5361 5
2529 8
2014 8
4001 4
2795 10
8742 6
191 2
3709 9
5518 9
8565 4
2286 10
6784 9
7922 4
7656 8
7307 5
4356 2
4942 7
1134 10
9180 8
615 9
6353 8
1912 2
8904 7
9071 6
3984 4
2351 10
5644 7
4901 8
1468 4
4649 2
9565 3
9029 6
2577 3
6056 7
2974 7
3733 7
7727 3
3716 3
5746 7
884 9
3404 4
8106 8
2910 2
4369 2
4418 4
4548 4
8451 5
3964 2
3555 5
6863 4
6406 7
9255 8
1848 3
3783 3
1434 10
2270 4
7840 6
5437 10
670 7
1990 9
6980 4
3200 8
1957 2
2911 2
6952 7
7742 7
8193 2
516 4
8482 3
2035 8
3435 10
839 6
4615 2
8260 8
2515 9
4011 5
8657 2
517 10
2428 10
4086 6
6368 3
3326 9
2232 8
4309 3
3410 9
4679 10
5085 2
9292 2
8314 7
3035 8
389 2
1265 8
6319 2
350 5
3211 9
6929 8
7677 5
9385 8
6345 7
7688 8
7739 2
1318 5
509 6
612 6
1641 2
5814 4
2165 9
8279 7
5264 10
144 6
3800 6
7174 3
1443 6
4806 4
5828 3
434 2
4112 3
4729 10
8558 9
5301 6
4115 10
210 9
1884 2
8647 7
4411 7
3598 2
3357 4
7615 5
8354 2
9401 4
9661 5
2691 9
3279 6
3607 5
5023 5
4402 8
868 5
5357 5
1050 7
9984 10
3173 7
4222 3
419 8
6563 8
624 3
9612 4
686 9
9350 5
7156 7
6635 9
162 6
7237 8
3193 8
2125 4
7702 10
6221 3
4980 5
7984 7
7634 6
7643 10
493 3
9575 8
7226 3
7451 3
775 3
9058 9
719 3
7183 9
3829 3
4948 8
8167 3
547 6
7772 4
2966 3
890 8
9320 9
1777 7
3034 6
6756 9
386 3
8546 10
540 6
4952 3
9850 8
3639 2
6143 6
4352 6
5734 7
6943 7
8143 4
2551 3
1780 9
9198 4
9706 2
2341 4
4912 5
244 4
8337 7
2692 3
3945 5
5662 6
8929 5
7261 5
9046 4
7891 3
5530 6
1128 3
3330 8
8325 10
6492 5
4598 9
2860 10
1926 6
6535 3
174 5
3475 7
290 9
984 6
4146 8
2375 8
6493 6
1981 9
9089 10
260 6
4592 10
1015 9
7302 7
6276 3
6750 4
6195 8
8004 6
7481 9
8975 5
3554 10
495 7
5302 7
8086 2
6884 2
3455 9
7209 7
2372 10
8438 6
7651 9
9043 10
5100 7
2448 7
6033 8
6647 6
3478 4
9139 9
5434 4
4699 4
4583 9
8536 8
9756 5
5230 7
2890 4
436 2
6783 8
2195 8
321 5
3647 9
6394 2
1171 6
3901 5
5975 3
7092 6
5821 6
1368 4
6168 7
6252 5
4691 10
7359 5
1131 4
968 8
8530 4
9953 10
4339 6
4936 3
1424 9
9617 9
6846 10
4853 3
4763 5
8064 9
9711 2
3052 2
1584 5
7389 5
2695 5
7898 5
4590 8
6149 7
3333 7
1304 5
7053 9
3694 4
6464 2
4582 5
1847 9
2168 2
4261 5
3908 5
7558 4
9649 4
6003 8
2645 3
8472 4
622 3
1312 7
229 9
5701 9
2719 2
1257 8
8767 2
3958 9
9421 7
8947 2
5188 10
9293 9
23 10
3937 5
3361 7
2756 3
4268 9
6405 5
3467 8
1511 3
4441 7
7135 4
2753 4
4034 5
8138 5
1891 9
4574 10
6066 5
869 9
713 4
4704 7
782 4
9917 6
1345 8
2857 8
7578 10
8849 4
4895 3
2240 8
6471 9
7933 9
4287 5
6660 2
4708 9
2953 10
93 4
6616 4
2981 5
5556 7
6985 3
8425 8
9447 5
1680 8
4794 8
1163 2
8526 8
3766 3
4728 9
9584 3
2868 5
8899 8
5431 10
2013 2
3550 5
7408 5
6202 9
6001 5
126 9
5623 6
6876 7
5327 2
73 3
969 7
2675 9
9535 2
7308 4
3058 6
9192 7
7575 2
4394 10
2453 4
8721 7
4294 2
708 10
1482 5
6860 3
4053 6
9125 4
3565 6
9704 5
4496 6
7280 10
3498 4
2957 2
7251 4
154 4
8960 10
3997 8
2491 9
9624 8
7841 10
883 10
8364 3
9930 2
8854 3
8 7
8656 3
8604 5
3636 10
5585 7
3317 3
1618 8
3325 8
4029 7
3712 8
3083 10
8683 2
4485 5
7055 10
9832 5
5645 5
7461 6
8194 4
4041 8
8890 5
1332 3
2203 5
9761 5
2322 8
5803 5
8596 2
4701 9
4178 7
3538 5
5906 8
758 3
7205 5
1216 10
6347 9
4514 2
7937 6
2600 5
5974 8
3374 8
2444 4
9714 10
9052 9
8477 9
9290 9
6041 7
9697 4
4797 5
4347 3
975 6
5586 2
7322 8
8333 3
1582 4
7259 7
4338 4
6166 9
8682 10
9345 10
5107 2
9360 2
9694 4
5641 8
177 4
5122 3
2146 3
7552 7
2623 5
448 7
7386 2
6092 7
9603 9
9366 2
1784 7
1543 9
6777 6
2038 6
2342 7
4927 7
5255 10
1501 8
7119 4
8655 7
5120 8
5020 2
772 7
9600 4
4024 8
6438 7
4772 7
2928 5
5479 4
5847 10
187 9
7039 2
8942 3
2400 10
5830 2
7588 5
4266 10
5483 6
4283 6
831 8
2261 7
788582768 7
402585123 4587
351509078 2982
500204372 5764
460853378 6354
586304188 3303
239806277 48
175827061 8276
987428762 40
270163006 915
225024106 9681
100311115 7976
749721312 7682
245497928 1615
726027994 2604
333480973 9635
292609160 8144
671058924 7122
723092392 346
372683723 1993
741938549 4945
355149340 7503
130944264 5611
93195179 1901
167160337 112
236941802 7136
515328212 4664
471474565 2898
655938883 7269
320577997 8172
807623458 2902
701735081 4255
706744114 2164
605771014 7809
817157291 2605
187840838 4329
218516420 747
730365118 8251
364726383 8487
964168390 6465
552423736 6341
492737506 5298
616088511 4166
759699733 1859
301997761 5453
20386088 8018
855381338 132
415341299 9767
585514870 9216
200000 100
6969 9
9914 1
1082 8
3489 2
5934 8
8229 4
1910 10
9588 5
582 2
9177 6
6064 5
8630 5
7174 6
3624 7
2510 4
2749 9
3674 6
6933 9
7591 6
6192 5
4317 8
4101 9
5841 10
9317 6
8789 9
8133 7
1239 8
6852 6
6863 10
9913 5
1066 4
5911 5
4607 6
4229 6
6913 9
9704 4
6310 5
5433 7
1820 7
611 3
621 4
643 6
8526 10
508 5
7556 10
8858 5
9019 5
6385 4
7103 3
6743 6
3383 3
7603 7
2200 5
303 6
1657 3
8333 6
7927 6
1555 5
949 10
1692 2
999 9
4648 10
9833 7
129 5
3847 6
475 10
4589 5
1963 9
9909 2
5141 10
9590 2
6697 8
8847 4
1235 6
1012 9
3722 10
8559 2
9801 9
2447 2
5293 5
9049 2
9561 9
2623 5
9347 7
8727 4
3070 2
265 7
5000 5
977 2
245 5
6964 3
6551 4
1689 5
7089 10
7076 2
536 4
4549 5
772 8
9116 2
5794 3
76466662 100
13219925 6519
47231951 5469
75818133 4737
30141617 7841
38959003 4843
5381402 4857
7428160 9694
37705181 3689
38345049 6997
40230677 2344
9870745 8979
14368032 9760
30480054 6944
66325539 4553
71328617 3918
59478974 1723
25517288 6773
5695856 9271
7473447 6260
26353494 9473
561758 1646
16630500 9452
52859558 2035
21921774 2647
50572857 3838
32798855 3131
21146784 6410
2747733 8270
24181549 8054
7233007 8207
70390210 4622
1509554 6013
56250290 6196
26127191 3586
67679065 3710
34772255 9811
72306269 8266
49579295 3682
6036861 152
1850547 4712
22267121 8443
31352002 2250
28816907 8523
59899802 5435
24877599 8523
59815780 5654
24584922 2263
31753650 892
53841805 5118
60166826 9867
7239187 8034
13951016 3695
53502541 6240
61961490 2521
64796501 2417
41427563 1004
63343448 7563
49997913 1603
75651251 9530
75688925 2138
9113431 138
10420031 5577
62808708 3981
73882399 2456
28617767 4965
43111251 3094
9800894 4752
38841168 960
22531182 3198
46832588 3341
55475551 461
40651093 2651
68962147 9146
18577993 6813
46850483 1657
57606671 8744
20882442 364
12387030 6374
72861480 8116
73094535 3888
13125557 4114
19536255 8152
38191723 6826
15335808 4713
75345290 7965
26658715 3191
76311437 9590
12844572 1053
27903479 4306
28739443 6395
51763795 3477
38192823 7457
16447694 9583
48148157 8167
58953915 7371
40718164 6784
26874997 2271
33845822 4781
56278067 8654
21131563 3168
513911379 6
282989266 4479
40249892 9410
267518528 2617
46840820 5545
250658274 4522
179029983 4350
1000000000 100
12345586 92
12345613 65
12345660 18
12345625 53
12345583 95
12345675 3
12345615 63
12345641 37
12345636 42
12345626 52
12345588 90
12345610 68
12345621 57
12345623 55
12345637 41
12345662 16
12345634 44
12345616 62
12345590 88
12345600 78
12345589 89
12345633 45
12345668 10
12345653 25
12345676 2
12345624 54
12345579 99
12345609 69
12345671 7
12345593 85
12345665 13
12345635 43
12345638 40
12345612 66
12345669 9
12345596 82
12345608 70
12345592 86
12345651 27
12345663 15
12345604 74
12345606 72
12345664 14
12345659 19
12345607 71
12345632 46
12345598 80
12345673 5
12345594 84
12345661 17
12345603 75
12345630 48
12345584 94
12345645 33
12345580 98
12345605 73
12345643 35
12345602 76
12345642 36
12345595 83
12345622 56
12345578 100
12345670 8
12345658 20
12345666 12
12345631 47
12345619 59
12345620 58
12345581 97
12345585 93
12345629 49
12345577 101
12345618 60
12345639 39
12345617 61
12345591 87
12345582 96
12345657 21
12345640 38
12345646 32
12345652 26
12345667 11
12345654 24
12345650 28
12345655 23
12345601 77
12345644 34
12345599 79
12345656 22
12345597 81
12345587 91
12345648 30
12345672 6
12345649 29
12345628 50
12345611 67
12345614 64
12345674 4
12345627 51
12345647 31
657546395 32
363838706 7565
265594710 5116
607016846 7
127374208 9289
322779527 5024
622745244 3003
586432458 1648
158260659 5897
620973908 8597
109292620 8372
656099990 1878
336543696 7732
194765503 3824
69626255 5929
582771377 6641
339659636 2717
282027482 5051
119667252 9428
454399697 3338
103256959 2475
478866554 3377
111928072 7764
105300969 7357
299780122 6183
573961615 8360
385593881 4991
74912162 4502
607669483 9412
421481773 6761
162841373 8858
144578859 999
568911403 4439
120282888 10
109551840 1711
68022999 9658
23247618 4759
65112274 7402
7243362 9131
101926733 613
82262145 1611
77185905 4381
88532840 6232
108769044 656
1000000000 100
999999924 75
999999979 20
999999937 62
999999944 55
999999946 53
999999931 68
999999902 97
999999908 91
999999958 41
999999938 61
999999928 71
999999989 10
999999919 80
999999940 59
999999920 79
999999974 25
999999966 33
999999933 66
999999992 7
999999981 18
999999914 85
999999903 96
999999995 4
999999996 3
999999971 28
999999930 69
999999927 72
999999953 46
999999997 2
999999986 13
999999916 83
999999911 88
999999942 57
999999921 78
999999990 9
999999988 11
999999960 39
999999959 40
999999985 14
999999947 52
999999912 87
999999967 32
999999962 37
999999965 34
999999982 17
999999935 64
999999956 43
999999943 56
999999994 5
999999909 90
999999907 92
999999969 30
999999945 54
999999904 95
999999975 24
999999901 98
999999910 89
999999922 77
999999915 84
999999964 35
999999987 12
999999957 42
999999925 74
999999961 38
999999968 31
999999949 50
999999970 29
999999976 23
999999923 76
999999899 100
999999977 22
999999984 15
999999978 21
999999918 81
999999905 94
999999980 19
999999913 86
999999951 48
999999983 16
999999939 60
999999991 8
999999932 67
999999973 26
999999934 65
999999900 99
999999993 6
999999906 93
999999950 49
999999929 70
999999972 27
999999936 63
999999952 47
999999926 73
999999898 101
999999941 58
999999917 82
999999948 51
999999955 44
999999963 36
999999954 45
629181576 100
427401344 4640
152963389 7691
185642373 1692
320404436 9879
341564218 9609
44249599 4831
273515922 5338
510841385 7752
168030944 4975
394947148 4204
400745703 4418
282436746 4530
572992305 8729
221753518 2739
76290881 8221
598965595 232
468306660 1607
589580969 5282
145750347 1965
345075231 5211
399909963 1370
474845899 1577
545510024 4427
601118547 6984
183809867 2040
291383309 8115
498156705 5281
394024667 8271
267428492 4319
376511920 3902
582570542 527
213202307 3133
370719798 7620
285103914 3106
626530730 5673
368799841 4441
335186387 9382
523128164 9042
348020044 5644
138630747 3250
50014614 5334
265536263 9736
504899653 2794
534630813 3527
114202366 8912
276019341 2910
269356716 9315
608875154 213
14377851 7851
360293715 7259
331925049 4205
260633644 2563
292766266 2056
605769049 2816
444672399 2169
13681263 530
406003939 4706
327058143 9532
462479446 2721
336509086 9553
123425978 3589
542776000 7084
369836924 1943
592298689 213
514092953 2703
356342951 8966
68523177 5255
60979443 4524
417508892 6038
486169480 7809
64362832 2789
393666866 7406
608845187 9513
621138732 8987
406290691 8280
586303363 2695
226236597 6618
404989662 1235
369825372 9721
481945555 916
130978053 441
615206198 9672
268847284 2973
162699129 9895
280775075 3349
447857913 4924
595531567 1249
388840906 8129
257885955 1499
344159195 7004
58981694 5591
517055465 187
200637996 3413
229532443 3400
628944627 3171
469975846 8736
566259285 6988
200656275 4020
80636492 2466
94069568 8259
959663034 8
820179342 5407
713745126 407
758914908 8864
434131916 6734
929982070 3744
632944419 2902
281149578 9280
456396325 5335
578576947 25
404875313 9285
276422589 3665
12895751 2222
550427050 8907
156820879 6527
491388360 8640
91051474 1485
246767431 1749
302586595 8368
115974065 8603
253884871 1243
150540498 7617
429363910 2134
98987212 9066
71663580 8546
379233198 8292
412779769 1953
100134087 4812
228315258 194
275347654 5185
72685563 659
78858502 740
350078207 6188
468186333 6771
181754917 1888
518700549 75
286082752 784
449593394 5013
8507298 1464
178898389 3663
120870092 5088
354612240 4522
513949945 1898
224684073 5085
314405893 2211
331296022 5130
95966063 2527
164471319 5033
497690728 543
78836195 510
469655261 8905
274881502 8290
280345844 8886
52982971 5629
436516032 3459
178937420 3920
161541301 3021
481245978 4848
93046369 7670
119382856 653
192704676 6798
475196446 1127
429265864 8227
420891199 1850
473645250 6777
136093050 4477
203483100 1372
230239008 9560
402820469 2761
43012603 7548
383496686 104
438041170 4354
433807979 2389
432933855 1106
431026717 5218
444561047 3974
133813648 6379
431171350 5345
25827680 4533
318596444 6132
254941078 5299
396442520 4889
82210715 1913
215509182 5077
296714108 937
10659753 3863
128252525 5616
262619415 5547
142812873 8898
204487725 681
181800937 4953
471224435 5142
408831857 5664
39010952 6368
276985408 8493
339032438 3699
71422709 8287
345490583 3772
192084078 5876
207029661 6613
334968495 2200
345029396 2493
374812764 7984
63708517 8511
258606170 6047
406771870 3273
346473218 2763
384733914 9792
399333907 3459
457760271 807
222866297 4336
916832888 100
812796004 2579
74645209 9872
522722268 5259
875670930 7190
660436187 6113
809979196 354
126029131 955
826012867 1257
862452269 175
295289113 8014
476262510 2287
134142586 6337
770829029 3253
169747430 4717
579181375 7125
909718504 3289
704056834 8326
233206891 7966
641005508 3114
887508361 1734
181891429 8457
715591641 1499
219568989 3140
136165676 7547
480358142 8234
707773043 8467
725468949 5878
198100081 9094
45653964 6585
399848645 2506
346251824 3021
803415981 1070
469094292 5610
438401603 9308
766117463 3290
745944791 8065
784435223 8923
533242567 7065
819539650 9094
88211077 5101
905390694 5255
118813927 5600
162158301 2731
793865311 3074
6561003 1679
460574434 20
351942897 3196
685202421 1967
398574202 7453
414235873 186
582333036 7702
224656722 8844
812913225 6126
23186240 7150
383951132 6462
658327736 2836
434998222 1311
338042404 9425
211592488 6585
342721394 8076
623816618 2955
425224398 2570
812462328 405
696196604 7692
5547154 3562
882845856 2545
192851994 1874
897554987 6842
313852530 9428
296231241 593
361732525 7901
278111199 5362
573145454 2148
466034427 2611
217259092 6537
769842467 3682
249714011 4743
354686278 2570
235522262 789
568385264 4394
565208391 8449
852791710 3801
108966336 8838
675757279 7769
149904472 8807
557518715 9084
83659223 2061
67970046 7385
475148733 8121
763605649 1988
8396564 9880
712848863 8385
628764026 1422
551595877 471
580972846 8574
319563753 1498
621460080 1025
466773978 4713
745771407 2856
713018800 6209
980465152 100
538968347 8448
165285727 5980
204746213 9864
958863776 9606
944227404 5940
228790280 8947
262075136 3221
276520239 244
718845750 6568
183464684 1262
446908600 3167
720552058 9664
386012559 6314
517161414 2483
265188329 1209
123448766 4236
494431003 3458
322888889 4181
74440349 9248
648977634 3650
837711371 6002
343665452 891
563322261 9290
227570777 2116
895498875 2030
908924404 9017
435900483 8436
89437560 5965
183271385 5288
685509020 767
811092802 4174
763524592 3175
539480140 6280
461572257 3679
99719742 825
690879643 8549
172061943 44
635330886 482
370011538 168
924689656 9541
571435547 9077
394859668 7992
551472278 3830
748495966 8547
237676257 4127
630478501 5822
294485913 8311
484567676 7585
483164636 1297
906807619 7299
887503263 5135
849362174 561
191510084 3234
23025741 5662
819052848 9375
217147178 4197
760327954 218
51442102 4394
296091072 3719
925569766 8500
811005797 9253
60183301 2822
105143236 7402
948850986 5755
189398998 7226
242022097 2343
306599719 9840
901059482 9455
966024916 7701
373426842 590
687157845 9128
32504349 2902
495782224 1139
63298106 4004
962122863 3005
149100727 5491
187351033 8215
968279983 4432
117384072 2859
104797389 7235
773860056 3982
209030512 3591
369798756 604
489354666 5939
307563890 7173
173900302 4507
250389053 8331
36008775 9377
814569907 3369
699161846 5420
399780857 3791
803309319 56
159180423 9867
689170406 4670
327434324 2050
833978177 7573
590952879 8406
564016452 4872
882322449 7079
365658072 2927
200000 100
742 3
706 10
8337 8
993 3
1511 4
2504 6
600 6
8671 8
1386 5
2488 10
7213 7
1048 8
90 5
4766 6
8859 3
4187 3
810 2
1550 4
3269 6
4041 10
1776 8
2775 4
4570 8
6247 4
1762 10
8300 6
9177 2
4885 9
7301 3
1051 5
6615 5
2269 10
9669 3
9428 10
5842 3
3590 9
7620 6
7140 5
9408 2
5692 6
7053 5
210 8
9465 7
8772 7
9132 6
3393 10
8663 2
2934 5
3890 10
8092 3
9497 8
9227 4
2207 9
9299 5
5746 5
3858 4
8504 4
294 3
1629 5
5672 10
8370 5
3708 8
537 7
158 2
4234 10
9915 1
8430 4
1081 10
7022 8
9660 2
7118 4
6053 6
5697 3
9753 2
8164 10
3670 5
1851 6
6519 7
9330 6
9914 2
6541 8
9288 6
6802 8
5801 6
9343 9
144 9
1723 6
8262 5
1222 9
6126 7
6236 2
3688 6
312 3
8291 4
7031 5
6889 8
5576 4
5000 2
8235 8
6167 2
250468415 20
244237842 5695
72484458 7109
234170952 7644
94992953 809
107386915 966
228088843 9836
30133446 7512
8335230 4013
34879758 6305
247212509 6556
235421716 9524
19737549 455
195586730 6195
61684212 4125
69038741 7561
115816569 9698
17792558 3471
63080415 303
183327295 7926
103036115 4185
450815011 56
428702213 8543
444131959 8651
673605 830
217917307 7369
295967937 4450
419199428 691
220279149 8045
257185822 2340
19441213 4842
236370245 3574
26610728 1091
134240353 7193
418366092 4963
202745857 4956
90389366 9716
277908828 8384
170941455 6988
268965074 2422
16499897 9749
227628305 8917
356734188 5271
320581975 8132
128924618 8512
201061325 9866
349671701 1925
357993404 1141
360854708 4508
287114751 9845
176141955 5241
290128585 6811
429346128 9063
19493770 5654
79174314 9536
126788465 9056
321360351 5885
142707499 813
310733327 2897
332123110 4328
386664631 4501
311248662 379
308892057 8439
75594557 2189
218724455 9748
296035013 2666
234866354 7615
216262229 1491
404325306 3765
351555753 4457
138750039 4329
418886352 9868
365238007 2255
225559520 4664
281199076 9771
96517108 4881
362007081 4981
32503497 4689
372724136 4
199727930 9944
276132720 6645
20247056 1807
47762231 5532
420666580 2
254757994 4197
252539356 2430
677144616 29
320017667 8856
355668438 890
385538204 4981
456889444 9752
565832518 6044
521452159 1182
242565191 3298
111567427 6656
31398939 4720
334340716 1204
331348110 1824
536090168 3264
372732321 7727
83397953 5823
99927212 3910
170600742 1578
55017369 7155
563193901 1659
641421888 8385
428298307 2385
39200710 9041
508358124 5008
474346209 3139
233172893 6886
24290084 8560
463212094 6195
399297406 2601
410192630 5544
75915384 6583
813490722 32
126255644 4408
806961363 2867
157986325 1814
290162701 6090
541786457 6742
175231877 6432
495802290 7320
662086079 1544
443630911 6025
26260697 9042
413389023 723
141490468 5139
709528334 896
738250359 3680
159647864 9755
521424166 1632
235240849 9588
573070211 194
684455695 4236
96278661 2317
230281517 2614
681727522 2290
405550279 2741
444311885 9362
584748611 4083
532668853 2536
650785202 9269
786552576 4994
171582402 8774
139785464 8149
400942995 4664
657101590 2839
821575310 19
205831984 6871
611542482 9685
415912388 204
505220351 8655
763412924 4081
814716813 2658
686651005 8707
591359965 721
612167123 9672
796059821 7630
213707673 7814
196481409 4324
714408932 5409
270009872 8357
225090794 4413
784990080 8424
529354590 2751
817698492 7761
418261261 8841
250343432 24
38820041 9414
235763783 2294
64320871 3840
104373218 4935
226061211 7198
237297038 876
1898730 5584
188154262 6961
193773958 6239
199494789 5153
99278574 2868
133279276 6724
222197159 3928
11798322 6209
113214709 1568
154645880 7179
23762551 9034
56134687 1527
20025484 810
183246830 4648
44630337 6273
79898507 7681
92929804 8068
20849474 4109
990268750 4
68678928 6675
320233808 7886
598993242 3410
760597143 7537
770126933 6
479453055 3363
626065425 1183
91497871 6014
77553800 4977
746127533 9037
393690223 7958
200000 100
6484 6
3708 3
9932 9
2388 3
1646 8
7476 10
3114 3
2217 4
1084 7
5817 8
1757 8
4443 7
652 9
1909 5
3889 4
3613 10
9524 4
514 5
1280 4
9334 2
1212 5
9978 9
352 7
8810 8
5998 10
936 7
7567 10
8647 10
7469 5
8193 9
2940 5
7582 9
9776 2
3727 7
9501 3
6912 5
5000 5
6831 9
9569 6
1792 4
1062 10
3104 9
395 7
9979 1
4964 7
3766 10
6080 9
8565 8
2646 7
4591 8
356 3
8315 4
4514 2
4538 8
885 2
3944 9
429 7
1552 5
6818 2
4697 3
7249 4
4621 6
9845 8
36 8
8425 6
9772 5
7119 6
7442 8
5069 8
4019 6
8747 7
1083 7
3940 6
6369 5
7648 8
1975 3
228 4
1213 5
7082 8
4970 4
2475 3
3174 10
388 2
9532 7
7278 2
9541 6
8716 5
2242 10
1159 10
6803 10
2000 7
896 2
9318 8
1790 5
9962 5
554 2
5061 10
5656 4
1300 2
6544 10
536352239 100
291386278 5020
58910750 1255
152700065 5460
207996323 7179
247319106 6444
388600175 8004
81580424 2723
436047129 357
45122936 420
24388036 3382
273733103 9826
524111943 4556
470155975 2252
50553962 4504
507499296 4342
28260584 8972
468583805 9555
151171197 631
465810029 5869
378647053 6473
239912663 6928
216530207 8146
4355235 2844
500311913 9616
257256915 8879
27603447 6035
424104323 2075
307185047 6341
26598254 7618
47858085 1673
152763887 7901
31345816 1057
501898312 3111
102825219 4332
201205274 7687
13324466 1230
156014785 6220
116431541 1036
306912205 4185
107879538 6018
371850796 6422
527676569 7883
216911885 912
284096667 9896
42363858 2106
424363767 4738
133768577 9001
26409768 4496
205279781 4727
29388916 8855
220519358 5873
530791851 603
67255045 9364
172052006 3318
212080056 4685
515104763 7375
46743738 118
328869297 7829
74769001 2319
11077018 2340
56406721 7227
188276631 3541
170520375 329
450154669 4389
176531699 1836
72536948 7363
429878047 8800
20890506 6144
291808241 9498
247458944 9598
225335307 5961
191821200 4488
144001763 915
327046061 2471
7334566 2423
429532416 2513
150754858 2708
225440460 2649
89676587 6056
216768510 9067
246184074 6564
237811101 7871
448496906 18
493602889 3819
396455878 2897
476791751 6153
372262266 3442
130990787 3220
118792135 3731
88827020 20
34217181 8795
329212251 1097
474238725 6404
305431389 3028
105053313 8913
98092769 2827
281694914 9561
353147424 1559
293727633 5389
39730678 2602
1000000000 100
8500 10000
6000 333
9700 10000
5300 10000
4000 500
5800 344
8700 10000
8200 243
8000 250
6800 294
4800 416
4400 454
200 10000
4600 434
5200 384
10000 200
7400 270
7700 10000
1300 10000
3900 10000
5700 10000
6100 10000
9500 10000
8400 238
2100 10000
1400 1428
1900 10000
3700 10000
9000 222
1600 1250
4700 10000
5500 10000
2900 10000
4200 476
9400 212
2500 10000
3400 588
9200 217
300 10000
2600 769
8300 10000
4300 10000
4900 10000
1800 1111
500 10000
3200 625
2800 714
1100 10000
9900 10000
3000 666
4500 10000
7600 263
400 5000
3600 555
2300 10000
2400 833
2200 909
2700 10000
4100 10000
900 10000
5600 357
1500 10000
3100 10000
9300 10000
1700 10000
600 3333
6500 10000
5900 10000
9600 208
5100 10000
6400 312
9100 10000
7800 256
8800 227
6700 10000
6600 303
7100 10000
800 2500
100 10000
6900 10000
8600 232
6200 322
9800 204
2000 1000
1000 2000
700 10000
3800 526
5000 400
3300 10000
7000 285
8100 10000
1200 1666
5400 370
3500 10000
7200 277
8900 10000
7900 10000
7500 10000
6300 10000
7300 10000
518308320 74
266857631 7984
416127101 1293
201945878 3844
62423204 738
259462468 1946
237377522 5379
163736100 1670
483879801 9775
230544805 2897
479657220 2500
177120414 9720
252422559 8073
70586558 9356
302155779 660
169324403 4099
458306041 1952
146664925 4607
288279877 7688
36752833 8233
81488507 4461
451210350 1020
10882010 2139
441609020 1301
69961580 2367
112209983 28
113005359 8219
193809861 65
460660178 3713
278760641 6894
224280595 8293
244277506 4448
277397826 6285
452336451 1173
108901004 7779
333179445 1389
59279214 6660
230734111 3087
384747825 9326
271762611 483
473674605 5454
466454273 6836
222460644 5044
392124034 500
345845870 4206
112082255 7591
156316605 386
170928437 9326
309942028 1209
456073646 7129
492243722 4080
367747744 143
154781008 4524
398493451 9243
283816466 4157
128903771 789
304624498 1206
45586602 4595
258698228 9374
253779545 2427
237618308 5678
459723480 3288
178427027 201
4317962 3142
154830633 1544
124940429 3816
303997850 5498
306649127 5595
325264207 4863
217465476 7204
471132125 2267
227412483 755
201621726 7704
352425431 9394
11453512 8803
1000000000 100
985000000 1
963000000 1
988000000 1
957000000 1
944000000 1
901000000 1
970000000 1
929000000 1
952000000 1
994000000 1
950000000 1
934000000 1
965000000 1
960000000 1
922000000 1
936000000 1
905000000 1
911000000 1
979000000 1
937000000 1
900000000 1
992000000 1
975000000 1
918000000 1
919000000 1
967000000 1
948000000 1
974000000 1
998000000 1
916000000 1
924000000 1
981000000 1
973000000 1
976000000 1
962000000 1
954000000 1
958000000 1
951000000 1
995000000 1
920000000 1
921000000 1
997000000 1
915000000 1
983000000 1
941000000 1
939000000 1
968000000 1
917000000 1
933000000 1
927000000 1
914000000 1
907000000 1
902000000 1
977000000 1
959000000 1
940000000 1
971000000 1
980000000 1
999000000 1
904000000 1
942000000 1
955000000 1
938000000 1
972000000 1
989000000 1
964000000 1
925000000 1
978000000 1
943000000 1
986000000 1
909000000 1
910000000 1
931000000 1
935000000 1
984000000 1
947000000 1
991000000 1
913000000 1
996000000 1
932000000 1
923000000 1
926000000 1
982000000 1
993000000 1
903000000 1
945000000 1
949000000 1
990000000 1
912000000 1
956000000 1
953000000 1
930000000 1
966000000 1
906000000 1
946000000 1
987000000 1
969000000 1
961000000 1
908000000 1
928000000 1
200000 100
9311 4
9969 8
5520 3
3252 5
7271 5
8101 9
4713 9
8456 2
1658 6
5034 7
7851 9
884 4
4977 7
8324 3
3679 7
1504 8
2966 10
4630 7
3309 4
8885 6
9970 1
1335 5
5660 6
6917 2
6912 9
6752 7
7161 3
2351 6
6596 4
7219 6
5000 7
496 5
5157 6
1379 6
902 4
2304 7
3098 6
3312 2
8662 3
3465 4
745 10
5229 8
8151 7
3956 2
4203 5
5305 10
3546 2
3262 10
3863 2
7086 7
659 10
9333 3
5184 5
7564 8
9493 8
3099 6
8998 7
7714 8
9816 9
6989 4
4318 9
8951 7
3141 9
6853 10
8920 6
4050 2
2173 8
7054 8
9060 5
3363 2
6427 5
6479 7
7276 3
9097 7
8438 9
4581 3
9482 9
875 4
6089 10
2055 2
127 2
6243 4
8429 9
9373 4
6021 6
7548 2
8275 4
9052 3
398 3
6397 3
8690 3
3811 3
6042 2
8894 4
5132 3
7369 4
3224 8
9529 7
1533 2
3220 8
198599810 13
109714620 9574
44958974 448
174973576 1303
104040611 5429
94057766 7058
134857636 6898
25635633 7590
68984383 4408
71617080 4978
128875213 3711
158828713 5461
47046169 6193
81499424 5574
534298816 10
461198773 6301
374428614 9241
108143584 1367
436302329 4245
114031087 3400
442171782 7742
507723871 4109
101008482 3503
169095892 2611
185592303 1728
363782155 22
50153108 5896
198746702 1567
256947418 4040
303477785 1817
72654295 9816
246959681 7190
281645454 6942
124264146 5393
95106854 7977
37994217 6402
13191983 4200
77182613 8364
181683970 6420
13049624 7023
238603348 5381
110858646 1767
318650836 8749
198119460 4042
323853886 6762
70579956 7098
81805485 3511
213937789 1623
803262415 100
185836745 8014
566168508 9250
150542264 404
285204080 3242
140639480 9651
149659026 5275
647330697 3814
419434965 5463
792676193 7556
150013442 5917
1993587 1175
191441745 7371
330912754 7313
545849174 984
92916827 1742
673326007 9813
354342966 9152
692441319 5054
583392017 5028
407613578 8616
12411225 476
661669020 8542
714881367 1445
171196701 71
133777450 294
796558156 8479
724238631 8937
436034653 123
116105666 102
396526507 1018
249603445 1415
331521147 4040
188015949 3512
692917644 9722
71378005 1828
389237031 9638
312159249 5023
563812989 9873
402105653 9227
464860388 5755
691240176 3203
495849149 1519
142895685 4634
327333164 8931
303421467 2057
418024947 7178
15930067 3126
691663555 5171
171610589 7643
442396447 7256
601393843 8391
595190652 2421
149781602 6492
202464919 2278
90443756 3944
578521548 8249
745756860 4338
663644541 7360
334612532 2157
797760929 1523
162414629 1398
405771460 436
193211143 4970
55197184 8437
144176038 2586
485029821 2870
392783741 2278
386580023 8616
767332386 896
179807254 6804
48025002 6954
85887191 3210
663659137 4182
385133950 6563
517167616 5719
554219327 4488
536197356 8855
503492545 1551
126817560 5155
345576116 1931
759117781 7381
283264308 1343
173950364 6646
109553137 1901
73996138 2695
709936532 1587
399336266 5490
557894327 9965
745431975 3693
349321494 4214
445903511 6968
418641030 4987
272521079 9320
66264266 7091
122414719 9646
611416627 8526
628482434 2273
431518727 5847
601749595 8906
283517054 8497
756697166 27
144224139 3682
648888836 9546
213254390 3787
272498749 8449
370959086 3926
589497870 7585
613764510 8471
227449790 7667
301231555 8044
33323542 5073
88308784 9392
685705628 9385
400932190 4390
76002908 8413
523353241 6037
295428814 2400
144686527 9909
442040827 3605
199245492 3272
704041382 6234
681148700 4383
36858496 3951
61169253 7100
568813239 3551
61736659 6166
51045958 442
567263130 449
571353555 89
70720291 8131
421122178 268
160806512 7455
162101628 7290
100317585 6739
499110451 6000
352056331 3194
386518574 9630
131927217 2201
295628528 5304
505206506 5400
390615231 7965
204814589 4406
181651977 9195
369806069 7213
3837621 9064
182007250 333
78127676 5370
428776237 2179
423128516 2219
559810762 5869
239370215 7738
127648586 4207
182531976 6888
7054464 1328
383946119 1224
8749231 5309
42005680 5758
133450978 4970
82316186 2125
162516664 379
366190239 741
349371869 7141
340475817 5080
558918159 8501
238373619 8578
327952252 9221
25556517 7095
393526820 1722
9629294 834
501191891 5312
177116237 9348
272601739 7690
247294137 2350
167491896 7636
369517449 1433
319989819 3846
531805316 2174
95608519 7096
219076842 9599
273151005 2583
86890107 2111
227145127 8139
261976025 9122
487128550 4523
148231613 8975
370032096 9604
553329633 4600
311769748 263
299438634 8262
164011870 2754
550671834 4546
187497779 1880
210679267 7827
321913554 5938
133057357 6676
556656541 6356
117776740 2859
511105809 7057
516463742 6062
347775391 7101
120477708 1304
63798060 6362
502342236 9275
301909951 2908
58036595 5854
282589846 7841
206297904 8665
299810329 223
164417220 3049
419017086 9790
122883553 8850
327241116 1497
340715459 3979
310381748 1927
393524405 8776
57485589 7679
31731669 9481
24614582 6004
176215066 6
123925471 2042
85283807 7884
57386731 731
28842572 268
121879479 3615
92954147 3531
874455589 31
381764101 7050
671408580 5733
271534663 5524
852466775 1447
56002989 9557
59350081 6888
214168544 8292
531032735 613
237241876 3503
718620519 4776
468216636 8754
524072970 3903
406550476 978
108494726 475
767383479 5508
217559218 6497
275916021 1651
811331206 9387
804212323 9099
14139314 8555
306213509 3189
384615325 5719
126537838 5797
350936316 7195
760349843 4540
693755219 5085
523847500 8424
393910989 7931
474686170 9341
526846787 8014
541233923 8963
200000 100
7795 3
3341 9
5440 10
8667 5
1883 10
25 8
4113 10
7487 7
2866 8
7622 7
341 8
8797 9
2862 9
6024 4
5058 5
9050 5
197 9
2586 10
4669 5
8054 7
7866 3
642 3
6490 3
4854 7
4658 3
1913 3
7255 2
309 5
8758 3
2897 7
9996 10
9377 3
5352 6
5879 4
7826 7
6102 10
4963 5
7302 6
3070 10
1647 2
3551 4
4248 2
1102 10
9997 1
4844 8
4556 3
847 3
3032 9
889 9
1124 10
8156 5
512 8
398 7
9426 8
1265 10
2148 7
3891 2
8682 6
3365 4
9777 3
4903 2
5595 5
6682 4
1264 6
5253 3
5225 7
8016 2
5260 5
4921 6
8969 8
8056 2
829 2
9002 6
5659 8
3928 5
6048 9
6956 5
1078 9
700 6
9246 3
31 4
302 3
3511 9
308 3
6140 10
6848 7
1199 2
9160 6
9026 10
1267 6
7570 4
2114 2
176 5
4365 5
4226 10
9092 7
5000 10
2971 5
8460 10
2203 8
1000000000 100
999999984 17
999999991 10
999999902 99
999999918 83
999999923 78
999999938 63
999999998 3
999999909 92
999999929 72
999999925 76
999999989 12
999999956 45
999999901 100
999999947 54
999999999 2
999999946 55
999999949 52
999999955 46
999999978 23
999999913 88
999999988 13
999999903 98
999999985 16
999999996 5
999999943 58
999999957 44
999999961 40
999999930 71
999999993 8
999999939 62
999999979 22
999999960 41
999999990 11
999999935 66
999999977 24
999999969 32
999999986 15
999999922 79
999999914 87
999999904 97
999999959 42
999999970 31
999999948 53
999999942 59
999999975 26
999999982 19
999999908 93
999999941 60
999999926 75
999999911 90
999999954 47
999999980 21
999999973 28
999999966 35
999999928 73
999999983 18
999999964 37
999999916 85
999999945 56
999999972 29
999999997 4
999999907 94
999999963 38
999999958 43
999999921 80
999999951 50
999999919 82
999999953 48
999999906 95
999999981 20
999999932 69
999999971 30
999999952 49
999999917 84
999999927 74
999999934 67
999999967 34
999999940 61
999999910 91
999999936 65
999999994 7
999999974 27
999999924 77
999999995 6
999999965 36
999999962 39
999999937 64
999999915 86
999999944 57
999999931 70
999999912 89
999999976 25
999999905 96
999999968 33
999999950 51
999999900 101
999999920 81
999999933 68
999999992 9
999999987 14
200000 100
5090 8
7648 2
6340 3
5233 10
6013 5
5257 7
1485 2
5000 9
6478 9
2562 9
6566 9
5212 3
6326 2
5666 9
9570 5
3455 10
5460 8
8481 9
3143 4
2533 10
3682 9
5728 8
667 3
873 10
9739 1
3715 6
3282 10
7699 2
6884 5
2867 6
385 4
9579 8
4874 9
6613 7
1304 4
3653 5
8119 5
8202 3
1093 6
9631 2
1742 10
8887 5
6471 5
7746 10
3598 10
8688 10
3223 4
2424 6
390 7
7341 2
3766 7
7649 5
8664 8
7951 9
2520 8
5681 4
1546 10
2997 3
5672 8
9262 9
9680 7
4568 9
5309 5
6315 2
6834 10
6155 7
3351 3
2425 2
9036 8
8301 6
3344 5
1211 5
9137 9
5207 7
8157 5
6714 8
5875 6
949 7
9609 8
9441 10
3128 2
310 7
4110 5
5298 2
8138 3
5990 9
5306 3
532 10
6084 3
6048 8
2544 4
1449 2
3045 4
431 5
232 9
6888 5
9738 6
94 7
6830 7
3124 5
191815232 100
32485467 5951
143348941 9416
179213267 9636
56198471 1513
79815079 3565
133605143 2825
26770829 92
164289915 4901
110726156 843
81755463 8551
15983973 8091
35885989 2023
112602862 2066
112135672 7451
136609238 577
82722380 8949
47634106 7825
95474641 4191
27147379 6155
52100360 5039
14652523 2878
6654475 3419
35998972 5867
130620279 6181
4771727 874
177499780 2073
51446567 9740
153095656 2417
51968663 5493
41039534 9571
37549202 2035
79625620 9756
100345631 3814
95746354 5468
151606855 7845
133713743 6579
2602814 5700
9120261 9598
103695469 7600
71053403 5969
171599171 2098
181082747 1560
190777421 1582
130609951 4668
2114048 3409
156024824 9333
160468218 1146
38141405 5274
157217022 6958
125568103 1463
176469261 5786
772150 4518
102320055 1212
5344748 3312
20055753 7822
150483371 3661
14315313 9229
118856394 5293
142710618 7375
20350410 7396
159757111 2680
97939132 7652
116161247 284
97788381 9608
12891616 8412
45981677 6333
67180054 1422
176028743 9107
120974548 6066
22423882 1013
134696145 7392
73927130 3943
122158606 7503
139236199 4035
52656888 8837
59556058 8299
10944722 9443
54303562 9311
63991550 2545
89999732 2264
29766327 3781
95887799 160
173782018 7683
123844558 612
16287607 1856
115610176 449
28018398 1301
133807106 5657
661253 3758
5042974 483
148110359 8758
118225787 1059
159059988 8009
118524573 4001
181203791 1897
154153263 9110
154713796 2025
156294497 3103
161473587 8117
14372482 9780
708791246 30
362908106 4929
563792130 7047
370901143 6709
583494922 1634
71906409 3302
544177185 8414
579925018 2848
500148654 3389
181987092 4407
236309900 546
320033042 3507
419372522 8368
237904298 8468
441680716 3450
172042829 4708
295712448 8037
267011210 1564
183134768 1151
29264494 28
240485952 6181
392416673 9811
442588414 2998
285522514 7886
584856221 8547
173955336 9884
507945707 1426
6682303 3610
444930155 9875
416717116 1491
79343812 9765
2 1
1 1
578270031 21
414428329 9693
139862548 8159
47041106 6099
4312393 9253
100527718 6746
391813374 4864
132384572 9370
394965051 8280
18195523 3957
45158608 6166
249461913 5764
420952518 2022
250945888 4719
186698696 6544
491897284 4307
57411849 2131
79566773 276
337525412 7377
75363644 4326
523268452 499
525062894 5203
54918782 46
8861696 7919
38076472 6452
30565528 1653
5449530 7839
12371811 9853
51404050 5631
51197639 1717
16381779 4097
22237818 9205
7697348 2896
7275794 8564
26076369 3824
24479067 5731
49539208 8758
28695449 6786
24222916 9408
43084743 7498
41933449 1163
2855683 4643
20475795 4229
7863579 2603
26216612 1720
384309 405
20970662 7270
43441721 5231
16631765 1188
18757270 391
13041528 6301
32538234 5246
51400844 8063
47333383 3274
7594328 6208
24417435 7848
7910177 378
48912379 8616
17726391 3724
38849010 842
46108848 2324
30859563 5365
26103127 5421
15636926 5413
34434257 2475
793558 6656
2061743 3897
48857908 2634
36998143 165
130554923 29
38159193 3454
80314892 1488
98287967 3518
50273990 2458
4309256 645
79316489 2172
110139222 4266
99528449 7103
56975060 6867
25396948 4070
119880283 9790
8205747 2397
70229337 1595
55443653 5292
28298583 7239
11519127 4700
45226556 5472
74659352 6173
6494913 6135
6479163 518
3746511 6662
37505757 3662
32577248 9270
21039320 9349
25299315 306
107046374 3566
28204788 1705
105717586 7763
19992200 373
967684462 4
610849 7743
571338533 230
234066115 7682
463662485 7935
841536314 100
277014826 8910
490903937 917
767456729 9698
650917896 5822
509432816 3583
489357187 1171
741825099 4938
455873135 5516
474971556 7253
81010149 252
369704544 7783
727484509 1430
275660143 5318
647910891 1710
461497946 7497
567345441 2009
166933086 9478
428189919 3216
60648146 131
2226313 5015
473576981 7715
569368965 7981
262559014 6970
659043293 9624
573653426 7211
831932437 4986
584950273 4097
336486572 4889
439995249 3314
404974342 7479
203711380 1769
518067778 2654
612562388 6046
668228677 7880
784685148 5592
514723533 7417
421082761 2044
801773820 8353
770009759 127
624222862 2236
584392549 6486
797832050 5190
699488712 2743
196766587 6055
161484233 9586
554679243 5304
630151033 3658
739539019 2223
92858884 3584
343073489 4180
152906201 5867
662028131 6043
536686140 2191
77893017 3848
213433168 9859
735043777 1101
209205080 4726
550612570 9653
462723570 6016
743463546 4145
271434473 273
716870600 2406
126730962 8545
695013659 3067
112738894 4691
214756613 2760
741361151 5082
800356527 6617
225294723 3076
47455242 6595
78417173 62
499617505 9428
26869680 4028
216650148 492
639651122 2799
821408912 9182
6771013 6303
522324869 4669
320988992 4347
568794216 8807
359635392 2427
807166328 2896
16356587 7953
747721328 7461
517540294 6605
380450979 3504
321398061 5152
593177937 6009
380688272 7787
174819791 4221
311020717 4313
24369410 3868
549176166 8832
70381392 6572
48428137 3097
620688964 1725
593238623 7398
160174710 4887
219996909 8645
241424558 4513
980133284 30
634269985 5905
652895593 4542
754776653 9386
677485770 6051
917557420 9214
625515028 3077
675263260 6357
482387910 5505
845675397 5747
187452871 9320
921171355 4980
44658902 4788
615547520 5149
597100442 8199
515792972 5082
237408664 8681
690742002 661
666591010 3990
478014647 9091
714079677 883
275384375 6255
289553144 2567
299063255 6490
831761961 5193
474695690 9654
611506042 358
687225356 6965
414666829 8102
731441687 668
875992586 3600
1000000000 100
999999968 32
999999922 78
999999971 29
999999965 35
999999989 11
999999908 92
999999984 16
999999912 88
999999900 100
999999904 96
999999927 73
999999978 22
999999915 85
999999946 54
999999969 31
999999962 38
999999910 90
999999945 55
999999985 15
999999918 82
999999924 76
999999926 74
999999909 91
999999973 27
999999958 42
999999959 41
999999934 66
999999944 56
999999920 80
999999977 23
999999997 3
999999991 9
999999925 75
999999907 93
999999919 81
999999987 13
999999993 7
999999981 19
999999998 2
999999950 50
999999899 101
999999931 69
999999941 59
999999960 40
999999986 14
999999963 37
999999979 21
999999903 97
999999953 47
999999913 87
999999988 12
999999943 57
999999952 48
999999916 84
999999938 62
999999967 33
999999990 10
999999996 4
999999983 17
999999929 71
999999936 64
999999972 28
999999930 70
999999974 26
999999957 43
999999921 79
999999948 52
999999901 99
999999964 36
999999955 45
999999906 94
999999933 67
999999917 83
999999935 65
999999970 30
999999976 24
999999982 18
999999911 89
999999956 44
999999975 25
999999966 34
999999949 51
999999940 60
999999932 68
999999928 72
999999951 49
999999905 95
999999980 20
999999995 5
999999923 77
999999902 98
999999947 53
999999937 63
999999939 61
999999942 58
999999954 46
999999994 6
999999961 39
999999914 86
999999992 8
200000 100
8684 4
6671 2
6755 2
712 10
1559 5
5773 9
4961 8
4708 2
1978 7
4452 4
4872 10
5731 6
3794 2
3584 9
9835 2
5000 8
738 7
6823 2
2165 9
2598 10
5010 4
4602 9
3402 8
5032 6
4133 8
8840 5
8735 2
3870 6
2530 9
9091 3
7726 4
5429 4
501 2
4429 5
226 2
597 8
3471 6
9269 6
1042 8
2495 10
4234 10
9745 3
3220 2
7151 6
3294 9
4409 5
4296 3
3078 5
2031 2
2290 7
4030 6
593 5
6806 9
9836 1
9307 3
1936 10
3199 5
3118 3
1340 5
7226 7
7027 7
3658 2
5232 6
4701 7
1943 3
7029 8
5994 4
7393 5
7982 6
2260 10
8722 8
5322 10
8727 9
2675 3
696 9
973 10
4585 4
4675 6
4061 3
6956 4
266 4
1956 7
5146 4
807 6
7932 2
9358 6
1396 5
9364 8
5323 2
1114 8
9105 2
3050 4
6761 7
5242 4
6306 3
5430 9
3437 9
1438 8
5855 9
9087 7
824411131 13
591591516 1188
9236506 5668
217607503 8685
538529738 2841
657978046 2378
578770462 3678
708566539 4279
131397643 2381
774672119 1128
750908699 6668
770118497 95
34751805 1575
234150618 8083
301067276 22
49813720 3858
197846233 1033
184872340 6130
269299243 8727
118758413 9797
254796210 7481
207757200 6818
90959512 4529
211030715 9951
196446264 3930
297666110 8089
169058341 5814
120506114 6800
263639714 6490
218527905 3829
60741175 1222
95663374 4624
164445865 77
169700133 1125
250836838 3445
69936299 111
205908201 5772
200000 100
3786 9
9345 3
2370 3
5456 4
3435 6
5573 7
7103 9
8883 8
4597 4
8855 3
6808 2
3934 10
4109 6
2208 8
3478 3
2230 7
5998 3
6151 10
314 6
7167 9
4206 4
4460 6
5000 2
7072 8
8751 2
8732 2
181 10
8108 8
2073 3
6386 4
1985 4
583 9
6286 2
3114 7
1751 2
6360 10
295 6
2285 2
5768 2
6256 5
1982 3
2041 10
9498 6
6475 3
5356 2
5564 2
7059 10
6634 5
4683 4
6013 2
6128 4
4951 9
1359 7
6888 7
3046 8
8787 4
8953 6
2767 9
2151 4
8747 3
2885 10
4631 9
8379 9
5839 2
8773 8
4892 3
5678 2
2965 9
3459 9
6566 9
4870 6
9201 2
9738 10
9314 5
1537 6
4414 5
9083 10
8570 2
6178 4
479 5
378 6
4591 6
9739 1
8135 4
3060 6
8291 8
5797 6
6687 9
8681 3
922 10
4052 3
7675 6
4875 5
8739 7
7284 4
1619 5
7748 10
5788 7
3225 10
656 9
200000 100
4779 6
5826 9
4199 4
2679 6
9036 7
9516 5
6588 7
7970 6
2583 7
9446 6
7175 10
4684 4
5900 9
120 5
6539 9
168 5
9222 3
8826 3
4476 4
2413 4
4966 9
9177 10
8285 7
5811 10
9751 7
8717 6
4277 6
2259 6
699 10
2280 9
9976 5
894 8
1380 8
4193 8
532 8
5000 10
875 10
7300 8
989 6
3541 9
7029 3
4428 10
824 10
7064 6
7955 4
2729 6
7160 6
727 3
1321 4
6581 2
3429 10
7506 10
1343 7
1748 10
5231 6
9977 1
5569 6
275 7
6965 4
922 7
187 9
1476 5
5221 5
9404 9
4464 5
7800 8
8831 6
6727 2
5970 9
1170 8
4712 2
4230 5
7565 10
8894 4
1768 10
6936 6
9520 3
359 3
8086 9
79 6
7060 8
4024 4
5509 7
6513 6
2021 4
1584 7
6314 4
3945 2
101 5
6461 4
8042 10
2799 9
6017 4
4776 4
2367 6
3472 6
8340 2
1237 8
5695 6
7546 2
924866051 27
24231602 6747
554604451 4139
564078238 5022
710671642 9286
508105038 2978
250848919 9809
219042177 6474
756154609 5109
86660639 6562
265235401 763
915345011 1435
255672884 9802
849304016 7182
647844937 6527
174007145 5126
555649595 882
106299759 4071
742665668 782
881335815 4718
734625911 8381
166529190 935
861266633 8234
8828328 4870
762363628 8499
646371637 870
469430892 4849
794002095 7977
387225733 4
132707316 924
336055855 6631
100235741 7620
384676928 9137
12888688 9
9088667 6635
5191050 667
1037627 4429
4913216 1295
10846352 9013
8365535 8798
12812099 3466
2026551 6673
4718576 2543
310979114 100
24271889 4849
84120000 3861
20516144 4304
132560503 6744
131232773 7548
6198632 3302
232102987 267
38639492 3345
126028279 6074
206888471 349
285154764 7319
146161993 7776
147558756 6669
88178144 1868
175754746 751
148478431 3470
118505362 4912
132701908 3030
118554570 3668
3857958 843
10352213 9004
290594632 2497
51106203 3941
148677412 374
304922951 2506
294335290 9597
27915099 8571
23633161 4765
214047135 33
81159296 8870
92454806 7577
40247713 7793
304780854 5032
272041842 6751
178900706 4699
131834383 4195
231715779 6289
303093882 6716
209356383 1197
258730948 7579
71885180 2288
25889528 9088
77544762 2698
290278882 6461
76813970 9406
256589840 6801
217269988 5491
123060050 9909
36965805 8289
295384501 8538
237089967 458
124210190 3314
139918832 1139
161505617 8851
274406705 6244
157071684 1886
248283545 7828
295715907 5460
268191279 2987
33707915 3043
13945686 3795
196280293 3770
110360505 6298
36388306 3360
212391857 9005
113509654 2404
62437854 569
62761844 6242
249907796 2269
225393116 8729
271453304 7775
35599639 6159
246050053 3796
204484754 646
204170722 4460
243034819 8102
158809363 9334
5143635 5817
227443196 4259
86989711 9350
262544556 2096
18691656 7298
261752853 1170
230710438 4483
267863721 6213
81998828 5206
86538197 6453
11389350 8355
157843731 2300
200586159 3811
38110988 4170
267487928 9839
86991629 29
264631583 4436
237409214 9786
219283735 4768
213711720 8318
226463517 3564
84618484 7693
193717082 405
567105092 39
162127619 9258
526904454 3380
385830720 504
157851322 9456
437151913 7473
79536892 2216
223578431 3532
563057161 5953
220402308 8231
328510458 7078
27276564 9606
54104349 7760
210170910 8553
17041595 8546
216172794 2369
178260841 3038
11583220 3691
311715741 8391
417750032 5784
184632294 3351
406441402 2165
292467733 6667
44216128 7802
185477373 4757
484156146 6018
1683633 5512
147558226 8953
383608451 5092
103321161 7894
133870091 9892
52729849 2680
174860567 4540
494986564 7940
559023023 3019
243319102 7075
160640987 875
446247785 4405
476477100 56
188457710 3338
888570063 6
430451421 8838
554158391 7960
664347506 6349
82993770 4578
824017855 1666
175535999 4989
90368991 3
18053098 9453
18417281 6052
70661798 136
537020291 22
415867152 6031
69756769 8351
307672196 6521
286979282 6058
484412478 245
11157320 9018
145381491 1656
295689474 9448
262412199 9219
141020293 9925
34893062 5234
226372794 5744
476911719 6899
15308082 3686
194061146 1208
58746850 2392
385343963 2900
185159318 794
494789661 6798
522376794 4023
1098506 7345
127995447 2173
1000000000 1
1 10000
200653830 34
61685910 6882
32219241 8340
59915001 3717
25609014 2093
161955600 6070
137987865 6843
136595195 4150
83709119 6297
161581017 4394
85081819 2477
83354824 5487
151371587 2097
196492772 5972
116233686 9076
127006272 7541
33385165 5966
79897306 3871
135760420 9872
179388766 146
111442689 1432
28746733 4526
31970391 9630
163646552 9535
199724375 2440
91448587 4668
64698461 1746
80653512 2910
21430475 4379
189338421 8837
65503828 4296
147159696 2322
24929322 5081
193333671 299
9996377 9749
1000000000 100
944000000 10000
992000000 10000
949000000 10000
910000000 10000
937000000 10000
929000000 10000
970000000 10000
914000000 10000
909000000 10000
938000000 10000
990000000 10000
962000000 10000
965000000 10000
976000000 10000
964000000 10000
943000000 10000
922000000 10000
951000000 10000
918000000 10000
904000000 10000
959000000 10000
942000000 10000
972000000 10000
999000000 10000
967000000 10000
945000000 10000
993000000 10000
939000000 10000
998000000 10000
971000000 10000
994000000 10000
931000000 10000
958000000 10000
966000000 10000
935000000 10000
963000000 10000
979000000 10000
915000000 10000
930000000 10000
926000000 10000
960000000 10000
961000000 10000
956000000 10000
984000000 10000
908000000 10000
919000000 10000
974000000 10000
996000000 10000
936000000 10000
947000000 10000
981000000 10000
906000000 10000
983000000 10000
934000000 10000
928000000 10000
968000000 10000
977000000 10000
980000000 10000
940000000 10000
957000000 10000
948000000 10000
954000000 10000
905000000 10000
950000000 10000
975000000 10000
916000000 10000
901000000 10000
969000000 10000
995000000 10000
988000000 10000
987000000 10000
932000000 10000
913000000 10000
952000000 10000
924000000 10000
953000000 10000
900000000 10000
903000000 10000
912000000 10000
946000000 10000
917000000 10000
991000000 10000
920000000 10000
925000000 10000
927000000 10000
921000000 10000
982000000 10000
997000000 10000
907000000 10000
973000000 10000
989000000 10000
985000000 10000
923000000 10000
955000000 10000
986000000 10000
911000000 10000
902000000 10000
933000000 10000
978000000 10000
941000000 10000
294711622 8
230611491 4843
126983660 8342
105665940 606
100579292 5159
213726085 736
132387221 4372
10237445 4115
14503031 6045
232775176 43
57377258 6701
70237340 585
195406465 7514
22260977 8431
204054292 2961
229945366 293
191940970 6286
54530668 5342
36050890 719
137720267 7720
50696594 363
3747852 8840
1323748 8482
75497723 9614
96254000 4694
109314357 2006
194846167 9365
210405941 9134
37664852 8541
12589587 4772
143574246 8061
181494717 3699
104868018 5221
230668388 3110
84263026 6472
83105384 8211
92232860 6528
159034206 3506
19782530 3363
137034 2913
98864617 3408
103225875 1607
50894172 9187
216572360 853
210527260 9199
26259285 2875
177709818 7822
26361838 2255
137607082 289
192665733 973
33963487 9270
187604176 8983
127797589 2530
217926798 1000
58797291 6866
163191614 3875
142485086 947
63825042 8230
210020938 3008
27018110 5631
113707202 7282
182241469 7566
192405490 6116
143783601 6404
105822906 8581
129784199 3226
155738894 4792
31802793 6932
203866976 4383
133944819 3436
180148032 4506
201948857 3835
13946907 8622
198842118 2145
48830472 7659
46385406 8318
113929121 2010
75296499 583
48099447 4163
116011764 60
58666406 6054
124152077 9157
86681725 9144
178703720 3099
96168029 1951
15930523 5429
141774608 7639
26248602 3963
138935625 7429
87364235 6482
117331999 9009
59395130 9497
135156526 9107
120066437 3802
71056268 7384
162405145 9814
176334962 5016
52802882 5023
181816814 7393
97858552 5714
99039610 5077
10206483 6098
17517645 9271
160792711 8870
143744770 7554
60641424 612
174130640 2243
147451295 7864
32976698 7914
30736483 8150
162434065 1941
72204421 331
67642229 3902
13061360 640
12670147 3569
167618088 4391
36508358 9859
13817828 7047
54488593 9091
74843162 332
43175442 3034
144842495 8348
181998575 2151
86037717 4524
104525921 4493
156850625 4083
110039088 4184
160861616 6255
147246268 9544
203578411 5943
17547378 8663
31146593 6973
154697969 2885
205562471 6521
124513009 3837
189175299 3840
213176461 1299
119566112 99
139579275 1408
25750468 9951
121824197 7071
71036785 8567
103380714 4988
13445449 3878
183213309 1884
208704780 3410
147288403 4047
209178501 3764
151947366 7480
129407373 7440
216758997 6077
27077907 3162
185315692 5055
70026827 947
163075451 3070
152616908 3920
104874969 1287
83055857 5885
392369 8930
82609877 1426
158035734 6618
175897189 9118
211967204 5233
86286854 7800
58260162 6599
208457833 29
46735317 1561
35822162 4517
141899425 3839
10018672 9431
180649681 4317
14333904 6693
165083142 823
2098461 9781
110726001 3330
132998642 4488
212866063 936
36480090 4847
186463654 1704
160833832 9067
50457505 4245
150183481 8068
108959278 5950
153739122 3193
37060440 4351
211616610 1132
16702031 1273
175635664 7154
107215235 3850
60742913 4051
142002656 9685
99325363 2650
79925908 3594
30223330 3907
199773066 970
51352784 3795
203036461 1294
179656950 2980
33783102 9056
163025989 9169
196069960 9788
189187578 895
112995964 8296
138873996 1345
37349013 1621
133508310 3171
144502367 5995
174689031 705
119345738 8882
97152575 3983
193015858 9235
171977281 7152
104465468 3234
69249194 5427
16696435 6365
200115913 3928
52856322 7444
130188166 7773
212478689 8160
86064794 6035
6515239 2818
153072031 1857
56652102 8774
163577 561
133291055 4113
127645264 1489
38147138 5780
63803602 9423
57191375 8675
104037449 7173
86471197 5779
126773869 5205
14942471 4010
133516956 4071
162118631 1120
141057033 3377
205873428 4431
190508373 4419
179309981 5001
184559636 3910
45665050 8952
213008301 3966
166463175 6139
189499576 5787
99785476 5609
36991353 4592
187041334 8016
22145632 4156
200479607 937
10188248 8868
209786748 2645
115336520 2781
113805555 9794
115764841 7537
142879639 8085
94270749 6234
215941424 3599
43968834 1240
4046589 7315
29868518 3382
69212491 6872
180710430 9057
34864242 7681
40898515 3720
52718814 2546
134849528 9869
115593206 3594
66998624 6260
47020222 8809
77941217 7022
152179639 9651
153702750 395
176140937 8825
52525602 110
161716997 8791
28282086 4002
1429809 9848
86250390 6253
199635040 8319
94456900 5472
53322098 6718
43389660 2708
7221862 9983
28382455 785
79851363 6904
18193714 2343
212569409 8440
38759899 3745
50996217 208
136158526 7618
37734885 9911
170847088 4232
73869239 13
28217917 5137
120418110 6411
187280826 8488
105107954 8956
96543015 2582
12921536 6415
30494444 1336
48382513 7235
184109535 6167
135031370 3623
94816171 4531
178396678 5077
123837475 3265
113458345 1793
1703831 7392
181455723 85
180548969 6467
173931383 8431
23751561 3273
183993739 4825
120697801 6278
94261774 3728
197915833 1864
130014805 4659
177294025 1656
129753664 7438
97997526 3162
20951463 5790
48093134 224
217214796 4021
23246028 2302
108778699 2070
103847204 3295
26907937 3566
39455734 6386
200536673 3123
85393968 3071
203519532 2339
68516674 3000
55263189 7825
217017530 7712
98734938 3470
211273661 3233
169567001 7405
15375010 4065
33579107 5513
59740576 6932
168215167 1931
138931986 6500
203370669 2767
89535920 6226
44804485 8129
86050451 2568
196550347 6113
159795647 1558
45868655 2254
23846656 6062
29429273 2391
170728580 8737
96050837 8498
143126817 5253
113414620 8520
199554593 2959
175609478 1082
130157001 6576
16769162 2165
5234804 5528
187657800 4250
181871997 8066
43657593 6576
26060376 9252
22760250 6210
143787889 1627
162199324 1118
101116330 8385
49234288 1230
102661795 7851
51349107 7662
215869913 8031
126014324 873
49191324 1401
103131594 5579
163204782 859
67818841 6935
117857592 9838
146233216 5192
132829213 1623
97336314 570
153547910 6070
130146886 4035
130444003 6429
22529619 259
175503354 2939
74823374 9709
190824014 9819
131209455 2321
216275087 4890
44357279 6280
159561306 9554
213703443 481
165112340 2480
101483797 1072
152125555 6246
112484545 8102
194586570 8434
163817699 5460
151286779 3363
155088855 9257
24278318 6390
42232162 6118
84336244 5920
174745217 2141
54288085 6462
67212108 5312
98461383 9616
173357643 7359
59131309 6926
1889835 7069
26614476 3540
74347129 1903
176979329 8209
202118828 8240
55635698 2903
65495243 8444
135360221 4695
123119103 5920
124377646 6342
51540730 9268
74844828 2567
125948967 8615
99405436 1946
14267759 4768
6870747 6463
142151066 1356
28005302 8797
199788165 1266
104205828 2676
30511459 1742
152259142 3190
68419059 6320
172605804 980
206352168 7729
72897253 6267
70119418 3574
181462898 5354
179344903 357
185139858 1701
20258275 3842
101792128 8061
127704891 8836
23762361 8946
162358115 2196
154318201 1694
20634398 3714
68004599 3961
132623169 9919
137092381 494
566848 7489
104413392 7990
115447884 3550
167684052 5881
77471909 4171
94404983 3906
4862678 2111
88071787 2173
116267077 2067
7099590 32
204599799 435
181666537 8280
17911911 8223
196961177 3773
204890692 1963
122493640 2707
172533222 1974
146050179 3870
28271716 5168
12541034 7380
96995586 3535
183897385 6097
203590765 7240
200708434 2390
49167357 1322
99314447 715
108569307 4300
58755452 3280
202398332 530
101137276 6577
61642393 6064
110935879 1714
200386196 3076
174010040 8864
62344311 9193
7394232 5317
80495498 794
94544938 977
11430946 2195
191679417 9333
199120343 7395
99798707 9833
188915385 1079
146325684 6771
27675701 2225
266676 2115
193225927 8900
137416364 8680
93384974 2696
6438045 3354
72591249 7691
194805883 7551
17034808 3204
31899498 713
14361200 8503
195399772 8560
144771508 2584
67909935 5827
41438453 823
169248279 889
131581828 3548
102724481 6094
154330615 5922
29123626 7938
193712581 6674
55668213 6926
12476062 6991
100159389 6424
190639498 7292
29504725 4833
150400421 5922
201859878 1582
75213235 5313
199882569 3875
71169447 8019
155192545 8431
26447059 3692
25238730 3225
170036200 5959
6767162 4319
26937617 5061
39413474 9091
35732810 2466
45699076 8508
179857625 6249
157947582 1391
179011815 6555
155418030 9205
23634533 8162
213311288 8416
42429299 6580
121380793 4981
158426222 9968
1846938 2198
49492000 3817
124700175 9764
172893886 3785
156108777 987
2664 8830
65264126 7806
106063941 8352
2026047 8979
51798000 4353
138547640 4301
61722476 5608
106616895 8916
128778730 8298
204042509 9112
33450407 1586
9050663 1212
81226864 4653
121325617 1635
138009884 2595
154848903 7387
200494553 3148
123535839 6477
39463202 162
53507556 2625
121327056 217
97356383 667
51608899 7344
198049386 2280
181634616 5635
75646277 6185
18731006 8117
83420436 2839
43602949 5053
110906930 2968
113087424 6579
89930179 8947
116753900 7101
163958656 3869
38528459 7496
116562809 6790
69751820 865
188751072 3962
14117809 2575
175120882 5553
216102971 2420
115513017 4593
63449051 2797
76447045 3530
18718389 1372
180395591 3788
154261358 3090
210288205 6769
166700195 7386
72422130 5703
74737243 3613
118089107 565
108541052 9080
19169410 9849
212687159 3099
151540435 4546
163264314 1616
27283645 2330
132483976 2980
114441937 3010
211167951 7382
202565640 5446
195066325 8663
209475040 8793
45587541 8226
120569331 6582
204549530 3991
171669333 8050
124712710 9937
210437627 1313
188653821 1641
77615728 1998
124976420 6991
34168172 2800
115194299 4540
38343012 6054
214309495 3250
189435833 1184
81112902 2314
123851736 9024
205750026 6526
151522502 49
95494188 272
72510842 5986
140106775 3517
149861255 6377
112187190 3703
68611141 9546
206159237 6161
10166755 1884
104411112 359
77768799 3609
31605086 7506
47488530 5783
199063393 916
3708454 154
105532269 2594
182297731 8606
189404623 5125
19324083 4705
19534145 2399
38060196 1992
46739228 7801
154730596 372
86395869 3626
107424183 7662
60076960 5922
215730381 8650
12684457 5034
18930084 4512
66834201 1442
33812668 9855
142367924 6195
145376122 7459
183636717 5954
192556236 1269
92673991 7577
146120848 4011
8340999 8764
170345887 2834
203160871 2987
128877538 1763
141152627 5533
73650354 5624
140856535 8088
190770320 5305
62629098 5603
180429276 136
214588200 1327
154178463 1014
135273616 6316
101009700 224
59306053 6223
45904665 9640
206456533 4242
57122731 9173
87260217 1859
131876565 3909
157989739 7359
75925540 744
108312746 6682
198236867 7726
140982488 8671
172284662 2701
43724314 3734
34569277 2316
30608576 9427
28386484 2355
213699903 3748
136706528 639
131552792 9807
177446919 7674
4525509 3087
164451833 1484
111561048 8056
171218643 3705
205261470 3174
13001645 2093
42514287 8999
66446641 2563
37205492 4163
136825880 3316
83522091 5560
143474731 185
121639325 4314
47090184 7275
116372244 5339
52956208 3185
91220182 4506
13072411 7996
1001755 5397
3942861 5325
97414364 10000
57602437 2911
131214388 5837
193749166 3387
2456948 1483
172082992 6485
154604485 141
120129458 5459
200675649 6778
81000109 2527
20861385 297
124524114 5072
53238391 6981
53056417 8936
176796096 2535
119292874 8935
7522235 7824
113952813 2464
126854021 8482
70495252 8141
110742981 2826
60883052 246
162310024 7220
33694807 3821
41871335 4902
94662353 2963
97999206 2756
213330767 7711
149101236 549
178398039 689
1079548 4882
109335073 6623
14165394 5824
155869698 7406
151629317 8854
150010282 3094
186639928 8855
172355622 4480
83638530 8272
203658236 187
111655534 676
94971187 5887
215007304 848
198680514 6021
90348479 3710
168076566 7906
151981637 2035
216898366 8464
141143042 9597
59919390 6517
15347419 7238
195928307 6050
169835889 5116
33905781 9017
76709530 5182
19069312 4311
159246263 2665
38325542 5099
142194527 6892
40053975 7575
189006042 4778
178783123 6966
120958181 2362
37988101 2435
140113461 437
36192398 7648
13078044 3883
137102559 5913
170542912 5944
180113418 4585
67263796 4354
56807731 2767
28233809 3845
216318629 9639
83725615 8455
83917851 7446
166071134 9394
167476510 8907
3417401 5380
137100480 4548
99116652 8892
154824105 8353
75427927 1533
28592168 2903
158760813 8786
89859103 3294
22917468 3666
119368583 8761
35492880 7546
165248228 2393
75803156 6805
202209557 2336
5213829 7737
184839923 2283
139456256 8168
16273195 3810
62842238 6092
71658750 6087
179821800 7400
165488484 5144
30505826 525
93220175 7387
166284747 9170
149224981 1624
103272397 3850
133448675 9771
133872311 3793
148568797 8715
143295412 9845
152656709 3679
82702789 9093
97724392 6008
54906658 2283
70574958 4720
95302969 6889
55251894 1597
120200065 5532
163429718 8836
99138385 3828
37360101 369
13705434 4243
190860417 5056
89499507 6832
212100117 7417
159387515 6008
47555678 9747
214232247 7365
76235004 1483
163758420 9234
162226227 4011
14543416 7474
120972125 1495
22366705 7231
134228583 3446
100553044 3434
19529063 773
84261869 8733
119523113 9661
49058647 889
52193986 1579
59140534 7168
29513096 1850
200812739 2950
86507370 387
208011535 3876
95105521 9034
55110254 2032
160063148 4638
87588117 8100
8355279 9052
44788977 9932
85925266 3976
192673499 4553
105029697 2148
63202909 7966
193610770 137
72249152 2425
38103464 9331
111411607 270
146241244 3409
99674647 2073
109156641 6579
181090622 518
85263943 6104
90148602 5545
85813828 8986
124804548 7226
215808840 1790
40400018 3342
12435986 6850
131600729 8126
25866637 636
48551893 4773
75495095 2440
723730 7663
215799202 734
6530137 3608
104966440 9283
47638444 4516
80729345 735
87662382 257
154634967 2669
133781760 4069
2725547 2612
151485734 883
66285126 4226
135097518 9718
191361389 1308
99695238 67
181135810 9231
132515317 4832
89333184 9618
38219445 2537
35672743 6480
9511982 3263
78494668 7587
6220822 9219
71945116 4106
4597216 6564
197295803 2703
106523988 9932
207444232 9866
181481456 3410
203495406 6694
188670496 7690
206268831 3292
40056718 1903
44156768 6150
153686977 2431
68707440 9557
158678539 7713
216031746 1160
95393893 9384
191693903 421
88108413 5103
122694966 4321
217137893 9817
121806124 920
7795610 9939
120053015 5542
18459408 9630
117439684 3939
25988865 1289
92060659 3693
107731299 8930
35300283 6453
41887101 6011
104089916 3882
60423532 6225
184712507 708
29700045 5560
185973420 6402
119628796 6252
161320648 1709
163182502 1707
133604719 4611
1633111 9428
151551809 3146
206726149 9119
158071529 9457
153693264 9537
97366500 9489
132238944 1807
47082432 4488
196262255 1558
6946818 1661
67126959 7202
98571148 7359
182849778 7990
151386382 2877
151749887 5000
122282219 2382
96381376 1023
216859441 5617
136776537 2326
187007095 910
8877749 6452
30118847 3178
4827407 1851
188663321 623
170747097 8270
123458828 6097
5462090 5754
193399459 5637
70365134 5795
128053811 6337
191225216 9269
92931327 7608
39901160 2059
54978976 9929
191255966 9759
191978066 4824
28028815 7436
114479322 3161
2729999 1939
25077125 1185
71012998 1934
156524524 9321
18388208 9722
23147879 5965
118252586 9412
1654846 5199
93822537 459
127728894 7118
53727460 3514
6945480 3263
204570853 4964
153618869 3598
196032219 8462
173079626 8401
31024241 6575
124581573 1917
176793962 3690
89122360 2459
191541742 7475
167715794 4149
208030463 9659
9631824 6403
3132499 2290
18609617 2189
213110444 5140
74264864 6655
149987158 421
166514322 6561
150693527 5888
72062475 8837
85491965 3244
201258808 3071
34053172 6477
94311375 5595
97155661 595
215451974 83
117020210 1966
53091226 225
13310766 7849
47123387 3548
208970645 6904
20284471 6998
27441651 8855
151865112 7383
177224232 505
69998934 4005
74810621 5412
33872085 381
210903073 2386
122816178 1206
14470025 8385
102080229 9344
13878700 8228
102477738 6316
97760135 1453
51067915 253
19850418 8260
205314755 7453
1000000000 1
999999999 1
1000000000 1
1 1
721558130 100
653479275 741
677111600 8073
150304550 9284
557713171 6526
59587588 1333
685147750 8863
337424189 1725
586299595 4773
575579966 4793
189937275 2742
73725290 5756
576474461 9984
562585883 38
477966874 2685
276114181 3073
24812235 8119
598336405 4970
648688860 3222
490701893 3276
204029915 8461
92896854 8821
376842142 2949
426122631 9956
164594134 217
674859469 3369
168282585 9466
160625818 480
222062150 7198
590869565 1313
280730399 186
583321015 5718
112180197 4149
42011756 5710
74065105 5943
511749892 433
157458821 8043
307561726 2645
470892743 2668
60825417 8362
229774481 4084
715167779 6738
423088821 2915
608821710 5966
519988715 4143
717921169 1371
416355980 9607
697645496 295
389030868 4205
258137013 5582
655124882 9018
109064432 9013
719079447 8746
100532655 8173
681070389 4245
80017429 9343
21342257 7881
177339914 4302
363944293 8209
254236936 677
214653160 9142
355848532 2766
209364150 8523
24337174 4438
94503793 6119
31763389 3313
592006812 2011
383373447 1033
191028806 5680
471659631 643
326852714 8514
87747306 6807
283310739 9094
334664973 9146
118705069 1254
410525132 1507
633865263 1365
630859048 9727
192856721 4800
23866457 5523
495443092 3668
122736529 3972
157091736 3454
505180773 4427
426493360 5419
29996997 886
317133409 8016
189578484 5716
249274645 8844
589143411 5518
161457526 3374
452730642 5332
324146209 8394
676336470 3400
708999227 4982
527862801 8593
378278226 8403
133567225 1093
277239480 2489
78966393 2605
344163033 3944