1
3090
0.2
1197 1038.587785 0.543862 0.179530
2
3930 8017
1.7
7917 7243.820768 0.864283 0.914518
3
6414 7785 9920
3.0
1490 6651.232619 0.788233 0.502777
4
809 3783 4802 6608
8.8
666 489.918831 0.078394 0.728707
5
2406 2440 3293 3979 9485
6.9
2542 1147.987682 0.164946 0.012372
6
440 1379 3035 7319 7548 9838
3.8
7615 6700.112777 0.924922 0.879194
7
424 2032 3568 4005 5026 7051 7422
4.5
3196 1757.069702 0.414005 0.065846
8
2538 2966 5572 5774 6117 8212 9631 9995
8.4
5931 3618.743157 0.888898 0.328979
9
437 1018 1032 1289 4061 7279 9285 9286 9896
7.3
3002 5400.127257 0.783319 0.504525
10
499 1583 1937 2070 4470 4561 4940 7882 8128 9323
3.4
1040 3699.850482 0.446051 0.487362
11
156 365 526 1363 1821 3829 4932 5382 5415 5419 8254
1.3
7463 797.693262 0.809999 0.105844
12
99 222 1307 1685 2240 2480 3909 4501 5232 6039 6980 7475
7.9
975 5962.131282 0.916650 0.365445
13
298 1087 2067 2322 4021 4394 4577 4615 5935 6301 7232 8240 9131
4.9
5359 3662.153289 0.970139 0.197207
14
1260 1276 1910 3403 3871 4831 6209 6293 7071 7693 8852 9248 9307 9629
1.7
7867 3317.306876 0.657253 0.421333
15
392 1981 1991 2588 2933 3664 3871 5356 6395 6769 6999 8154 8441 8462 8470
7.8
2199 1867.127970 0.297218 0.748603
16
150 799 1076 1482 1930 2273 3005 3224 6769 7636 7791 7822 7906 8532 8665 9790
9.6
6798 3991.864634 0.991956 0.586425
17
1071 1316 2349 3405 3499 4200 4441 4985 6431 7547 7650 7817 7893 8456 8504 8716 9904
6.2
4490 3005.583834 0.554972 0.111089
18
781 1408 1668 2296 2531 2633 2764 2789 2838 3477 4941 5801 6093 7063 7306 8347 9394 9819
2.1
8691 705.458603 0.289686 0.080193
19
442 823 1009 1194 1661 1832 2176 2652 2844 3108 3377 4646 4982 7528 7902 8467 8577 8622 9753
7.5
599 2732.104400 0.297618 0.884791
20
317 839 1407 2451 2872 3061 3075 4142 4335 4518 4894 5420 5795 5946 6541 6814 7299 9778 9890 9939
8.9
1225 736.719033 0.017603 0.596105
21
88 1239 1409 1619 2046 2100 2786 3304 3717 3933 4459 4565 4861 4974 5554 6087 6983 7858 8698 8784 8891
2.9
7536 6377.826072 0.159835 0.845222
22
1024 1277 1746 2757 3102 3204 3787 4465 4603 5625 6223 6369 6516 6754 7441 7463 8531 8690 9468 9475 9912 9981
5.1
8370 4674.597621 0.354871 0.557970
23
500 569 1222 1386 1740 2806 3369 4187 4614 4925 5681 6103 6733 7574 7668 7753 8071 8145 8549 8753 9286 9549 9662
2.3
9617 567.598183 0.796577 0.058294
24
224 579 621 931 2447 4357 4439 4502 5076 5664 5684 6033 6198 6804 6924 7999 8081 8258 8428 8765 8945 8964 9119 9584
3.5
4314 1568.423972 0.046769 0.363174
25
387 1283 1503 2320 3153 3422 3734 3849 4037 4058 4550 5526 5687 5881 6454 6927 7570 7958 8004 8782 8821 9076 9297 9414 9476
3.4
4900 4719.742630 0.305838 0.963184
26
83 417 753 1233 1443 2687 2822 2865 3058 3177 3702 4200 4431 4488 5054 5208 5358 5422 5740 5948 6600 7054 7832 8053 8653 8757
8.1
428 8121.469534 0.974089 0.614284
27
186 278 347 675 1246 1423 1982 2201 2533 3202 3416 4048 4895 5142 5599 5873 6692 6890 7034 7204 7548 7558 7680 9203 9371 9774 9790
1.1
2723 2177.369891 0.122128 0.797264
28
859 1638 1739 1892 2265 2755 2880 2983 3049 3476 3568 3697 4000 4943 5025 5228 5451 5763 6041 6753 7819 8940 9176 9407 9731 9733 9765 9846
3.5
2383 1151.968213 0.124676 0.479710
29
258 470 1103 1450 1575 1877 1941 3051 3078 3104 3393 3568 3587 3747 5313 5519 5882 5997 6111 6336 6512 6648 6697 7285 8138 8786 8994 8997 9823
9.5
5585 4874.784956 0.193898 0.872506
30
36 553 1470 2968 3931 3996 4077 4114 4262 4561 4620 4962 5261 5570 6291 6319 6459 7294 7356 7438 7571 7862 8104 8146 8378 9185 9570 9624 9671 9961
4.1
904 3821.098082 0.421142 0.361306
31
579 717 757 1009 1014 1467 1807 1855 1961 2393 2765 2884 3253 3512 3638 3808 3877 3997 5563 6334 6941 7048 7322 7461 7499 7614 7840 7986 8385 8454 8870
7.4
2546 2725.089485 0.430879 0.730882
32
48 270 578 924 1125 1515 1694 1907 2128 2251 2319 2500 2555 3041 3246 3795 4281 4323 4662 4836 5752 5877 6965 7137 7146 7258 7561 7915 7954 8013 8463 9989
0.6
7593 5474.962016 0.278137 0.720150
33
414 767 797 1172 1208 2063 2169 2220 2450 2519 2911 3451 4182 4405 5038 5403 5546 5600 6069 6279 6900 7483 7587 7790 7901 7954 8099 8206 8309 8670 8723 8956 9532
9.1
7300 4856.760470 0.867030 0.664007
34
407 423 626 676 1424 1590 1631 2294 2477 2645 2687 2709 2951 3269 3523 3933 4085 4236 4643 5074 5170 5264 5607 5884 6074 6781 6792 7314 7404 8243 8473 9042 9073 9464
8.6
7434 6456.329082 0.523589 0.867926
35
18 59 357 741 803 1245 1270 1595 1708 1757 1923 2116 2168 3288 3743 3776 4452 4790 4890 5776 6063 7243 7572 7597 7784 7796 8080 8200 8410 8416 8448 8548 8693 9137 9443
6.8
4030 1971.504929 0.285282 0.487562
36
109 174 425 463 656 835 1265 1293 1686 1910 2480 3666 3669 4026 4058 4570 4614 4816 4828 4844 4974 5111 5472 6480 6703 6852 8061 8373 8447 8698 9353 9354 9489 9823 9905 9912
1.5
7438 5425.065061 0.469299 0.728959
37
1022 1035 1134 1166 1375 2219 2347 2629 2706 2768 3113 3504 3788 4009 4378 4842 5363 5683 5772 5872 5935 6263 6424 6559 6867 7050 7166 7625 7692 8714 8903 9114 9213 9627 9641 9690 9733
2.1
7274 3165.615031 0.814272 0.434504
38
151 308 341 470 478 576 1130 1171 1174 1464 2151 2850 3159 3198 3210 3908 3950 4722 4942 4999 5316 5729 5960 6139 6272 6967 7029 7415 7568 7586 7737 8286 8582 8649 8827 9518 9677 9946
0.6
6098 1453.138023 0.004302 0.237253
39
187 561 683 1127 1334 2304 2484 2492 2516 2768 3284 3987 4419 4618 4737 5049 5055 5277 6021 6270 6642 7337 7665 8116 8217 8395 8425 8427 9022 9030 9233 9339 9355 9706 9712 9714 9779 9817 9889
2.6
7151 5053.017852 0.985997 0.705715
40
34 51 453 467 562 697 794 966 1386 1418 2506 2736 3032 3051 3106 3250 3352 3435 3954 4120 4146 4174 4235 4274 4804 5464 5922 6046 6309 6490 6642 7011 7362 7652 7961 8127 8247 8653 9500 9946
9.8
1217 1761.660339 0.201837 0.638011
41
46 804 805 863 1055 1095 1934 1961 1994 2210 2409 2515 2934 3312 3681 3928 4392 4706 4849 5008 5404 5616 5755 6133 6242 6376 6380 6696 7558 8569 8606 8737 8783 9061 9173 9286 9308 9446 9607 9797 9922
9.7
1324 8374.236503 0.973569 0.313727
42
98 171 208 276 874 1006 1117 1424 1964 2337 2928 3043 3332 3546 3584 3614 3747 3887 4075 4341 4461 4555 5109 5265 5267 5761 6087 6189 6412 6764 6990 7001 7830 8126 8174 8520 8645 8708 8917 9045 9257 9998
0.5
6708 4822.443016 0.471141 0.717688
43
389 513 881 990 1263 1332 1439 1468 1761 2219 2257 2304 2762 3145 3211 3233 3265 3294 3323 4080 4241 4613 4852 5106 5405 5766 6483 6665 6964 7417 7562 7671 7805 7964 8116 8235 8249 8363 8536 8677 8774 9125 9598
0.1
4829 1983.832592 0.161514 0.410543
44
21 184 431 910 1551 1768 1878 2505 2546 2676 2728 3197 3294 3341 3575 3584 3785 3956 4046 4067 4178 4230 4655 4680 4852 4902 4988 5207 5862 6483 7218 7340 7693 7979 8167 8283 8521 8540 8863 8976 9419 9496 9520 9827
5.3
5264 1898.874048 0.363662 0.358838
45
298 313 371 418 580 940 1285 1531 2474 2751 3042 3595 3738 3822 3870 3880 4169 4205 4947 4979 5003 5175 5208 5423 5675 5800 6401 6431 6494 6885 7028 7202 7334 7401 7427 7488 7740 7851 7938 8161 8631 8709 9112 9302 9448
9.0
1446 4953.195659 0.617997 0.284430
46
64 272 758 1098 1241 1258 1352 1406 1598 1604 1677 2075 2405 2451 2810 3284 3342 3413 3707 3824 4152 4348 4956 5273 5441 5466 5477 5941 5994 6018 6257 6720 6777 6778 6950 7276 7319 7676 7944 8335 8427 8763 8859 9490 9630 9761
9.4
5335 4385.109865 0.989238 0.520801
47
165 207 573 593 657 688 696 872 1538 1722 1789 2014 2194 3006 3086 3394 3688 3729 3789 3920 3944 4155 4175 4405 4543 4727 4924 4972 5088 5424 5611 5804 6004 6759 7361 7385 7639 7731 7819 8144 8363 8715 9185 9439 9615 9685 9955
6.9
358 8907.430598 0.927482 0.485664
48
40 147 1256 1378 1394 1501 1677 1810 2157 2166 2275 3093 3444 3675 3767 3808 4086 4130 4187 4579 4895 4937 5166 5208 5212 5596 5654 5829 5878 6053 6295 6795 6840 6861 7345 7543 7845 8143 8298 8327 8348 8626 8735 9447 9502 9615 9831 9937
5.2
5293 1246.331335 0.267816 0.201657
49
203 661 692 756 871 900 1004 1017 1177 1191 1846 2022 2109 2175 2535 2859 2976 3221 3881 3906 3936 3940 4390 4396 4560 4587 4745 4777 5053 5057 5126 5363 5403 6228 6315 6854 6921 7112 7205 7476 7583 7687 8080 8389 8810 9347 9523 9684 9790
3.0
2229 6194.506383 0.818829 0.503250
50
135 143 387 1024 1096 1216 1950 1957 2042 2058 2075 2206 2375 2458 2950 3132 3429 3962 4294 4393 4740 4792 4910 4967 5023 5140 5206 5288 5491 5548 5707 6282 6760 7089 7176 7244 7479 7641 8433 8491 8598 8780 8921 8926 9227 9270 9271 9623 9732 9925
6.2
92 7893.774345 0.802115 0.943557
51
26 146 468 534 738 937 966 1364 1418 1533 1644 1728 1734 1827 2060 2265 2332 2462 2853 3017 3023 3126 3237 3316 3347 3416 3533 3658 3682 4060 4189 4206 4555 4728 4911 4937 5016 5330 5918 6347 6448 7245 8883 8984 9025 9108 9144 9581 9675 9793 9808
7.4
7977 3750.961639 0.389818 0.469763
52
130 460 752 824 1267 1411 1494 1712 1759 1800 1849 2059 2092 2317 2541 2880 2933 3153 3195 3216 3261 3313 4292 4327 4405 4488 4845 4884 5218 5542 5613 5991 6074 6139 6310 6552 6638 6865 6955 7232 7700 7762 8062 8218 8481 8497 8520 9043 9044 9088 9376 9775
9.9
6495 2052.643372 0.509032 0.315560
53
43 138 456 877 1042 1439 1786 2050 2145 2740 2760 3014 3092 3104 3778 3840 4052 4276 4297 4672 5271 5611 5634 6003 6277 6429 6753 7456 7608 7610 7629 7799 7905 8124 8165 8258 8320 8329 8407 8426 8645 8860 8898 9460 9469 9518 9519 9684 9781 9785 9832 9893 9967
2.8
821 4813.711357 0.526347 0.196426
54
179 306 562 975 1512 1586 2093 2135 2491 2641 2893 3068 3152 3255 3275 3314 3365 3420 4060 4174 4603 5550 5551 5575 5653 5874 6026 6065 6120 6244 6401 6818 6855 7136 7405 7483 7587 7902 8193 8383 8587 8789 8834 8895 9212 9233 9277 9410 9481 9545 9573 9633 9666 9937
9.0
6590 901.628869 0.164224 0.135441
55
20 169 465 825 1043 1123 1248 1387 1729 1780 1807 2070 2254 2261 2332 2354 2701 2854 2864 2869 2888 3776 4512 4733 5175 5644 5690 5741 5745 5784 5988 6574 6797 7003 7040 7204 7458 7471 7489 8017 8175 8354 8448 8636 8983 9088 9188 9255 9292 9568 9574 9592 9609 9759 9910
1.3
3120 2876.509214 0.422931 0.592486
56
84 212 429 431 719 823 1672 1725 1965 2436 2544 2743 2800 3072 3181 3216 3717 4114 4182 4740 5053 5551 5567 5711 5855 5920 6213 6583 6987 7133 7200 7300 7324 7372 7405 7468 7570 7679 7867 7922 8062 8167 8283 8295 8377 8412 8438 8526 8672 8883 8908 8912 8986 9514 9897 9977
7.1
2706 4825.613278 0.662659 0.758365
57
46 59 158 331 451 628 715 841 986 988 1193 1244 1430 1901 2457 2604 2961 3289 3477 3497 3695 3812 4529 4610 4771 5246 5282 5432 5574 5669 5684 5745 6084 6395 6496 6539 6760 6815 7043 7238 7401 7440 7472 7850 7869 7877 7941 8238 8295 8546 8943 9129 9166 9227 9255 9291 9913
1.1
7844 6872.075895 0.909145 0.875902
58
20 35 168 378 565 692 1174 1341 1398 1494 1539 1627 1863 2892 2925 2955 3157 3223 3282 3370 3485 3565 3589 3598 3630 3790 3924 4027 4245 4283 4710 4723 4831 5051 5207 5627 5707 5763 6213 6538 6873 7086 7103 7164 7357 7439 7892 8296 8561 9043 9132 9404 9597 9682 9846 9849 9863 9866
0.9
3841 1792.427274 0.296430 0.337653
59
132 454 865 977 1284 1385 1403 1406 1569 1575 2018 2137 2218 2284 2948 3019 3024 3289 3427 3574 3765 3798 4156 4174 4326 4332 4421 4619 4665 4686 4989 5587 5631 5663 5833 5913 5953 6331 6382 6644 6821 7073 7124 7252 7593 7932 8107 8174 8728 8804 8893 9061 9128 9375 9401 9591 9652 9794 9947
2.0
7973 5367.246749 0.160102 0.672985
60
61 270 1287 1468 1529 1723 2842 2967 3002 3056 3171 3322 3348 3446 3499 3568 3577 3883 4013 4105 4665 4996 5094 5674 5727 6031 6038 6065 6084 6093 6178 6339 6438 6456 6614 6644 6649 6698 6972 7080 7092 7143 7280 7476 7694 7892 7897 8169 8315 8547 8597 8718 8770 8909 9035 9223 9471 9561 9626 9899
8.6
5575 2123.954852 0.489208 0.326696
61
66 271 288 546 1191 1340 1467 1484 1504 1674 2011 2067 2215 2279 2462 2633 2782 3055 3201 3233 3270 3321 3361 3454 3496 3819 3827 4501 5092 5171 5268 5299 5432 5500 5509 5525 5794 6041 6168 6300 6329 6434 6595 6833 6927 7107 7278 7569 7600 7900 8121 8137 8494 8840 8989 9408 9526 9725 9747 9944 9982
1.2
5177 2910.187461 0.605711 0.135881
62
818 877 1011 1079 1144 1153 1522 1609 1694 2022 2121 2692 2767 3178 3272 3301 3511 3578 3688 3720 3922 4157 4349 4497 4508 4599 4838 5244 5706 5757 6045 6088 6226 6331 6395 6447 6551 6721 6822 7094 7120 7186 7340 7539 7861 8034 8041 8552 8594 8616 8913 8947 9106 9112 9329 9484 9734 9801 9825 9850 9940 9982
9.4
9119 1087.012866 0.515073 0.118429
63
433 578 644 760 777 896 1203 1389 1458 1726 2055 2492 2582 2682 2708 2730 3063 3141 3215 3711 3799 3908 4129 4165 4372 4711 4749 4848 5037 5246 5301 5627 5725 5807 5823 5924 6004 6263 6625 6910 7104 7323 7328 7330 7406 7632 7671 7776 7983 8370 8464 8898 9016 9083 9292 9326 9342 9485 9715 9781 9803 9916 9969
5.1
5930 1968.272885 0.035598 0.331697
64
211 296 591 693 739 812 1034 1115 1285 1713 1788 1820 1931 2560 3101 3140 3328 3728 3748 3930 4009 4044 4125 4155 4379 4692 4784 4966 5027 5223 5242 5333 5383 5453 5455 5895 6087 6178 6301 6349 6359 6360 6581 6639 6684 6702 6943 7102 7689 7743 7811 8129 8168 8217 8355 8401 8483 8637 8836 8848 9159 9390 9746 9873
3.6
4302 2554.160240 0.422652 0.593480
65
472 566 745 786 928 982 1058 1247 1348 1414 1486 1532 1687 1693 1729 1991 2382 2472 2589 2750 2768 2880 2940 2967 3271 3458 3587 3671 3773 3967 3990 4058 4112 4349 4406 4433 4818 5111 5388 5509 5731 5810 6006 6129 6159 6330 6382 6703 6917 6987 7607 7641 7660 7671 7995 8261 8471 8565 8579 9119 9429 9746 9779 9796 9866
9.6
7212 6687.353207 0.528917 0.926596
66
331 429 583 693 704 715 747 881 893 1434 1539 1603 1674 1698 1723 1797 1937 2101 2245 2478 2480 2895 2962 3600 3621 3742 3839 4029 4032 4163 4186 4200 4558 4573 4612 4947 4969 5501 5691 5693 5883 6068 6142 6144 6186 6240 6314 6325 6902 7331 7655 7730 7995 8027 8265 8372 8689 8735 8940 9033 9147 9167 9253 9398 9603 9979
8.4
8807 2576.381773 0.484405 0.292338
67
79 83 284 366 400 597 811 1050 1166 1240 1449 1714 1784 2007 2083 2168 2611 2885 3015 3087 3177 3643 3658 3977 4023 4055 4142 4389 4413 4591 4773 4887 4940 5088 5136 5457 5574 5576 5729 5751 5998 6150 6315 6352 6451 6583 6611 6816 6905 6970 7141 7272 7388 7443 7543 8100 8158 8260 8397 8642 8986 9323 9558 9817 9914 9962 9975
1.3
6452 5523.150832 0.499172 0.855191
68
313 329 532 533 699 725 799 826 893 987 1051 1102 1247 1302 1479 1616 1751 1802 2092 2355 2652 2818 2910 2913 3087 3330 3473 4008 4218 4394 4399 4443 4660 4791 4864 5040 5140 5168 5743 5936 6013 6057 6171 6279 6454 6652 7038 7099 7113 7136 7517 7524 7660 7703 7734 7765 7818 8055 8136 8323 8414 8523 8595 8656 9181 9199 9265 9620
6.7
5979 3590.978521 0.984164 0.164197
69
250 424 522 796 838 1167 1367 1461 1474 1532 2001 2016 2065 2292 2477 2495 2536 2574 2651 2655 2662 2803 2919 3000 3176 3237 3390 3408 3501 3524 3728 3738 3845 4126 4405 4541 4721 4975 5100 5180 5299 5345 5384 5551 5581 5697 5785 5913 5944 6037 6141 6519 6546 6615 6883 7055 7162 7283 7753 7936 8206 8569 8593 8659 8727 8901 9008 9321 9930
8.1
5148 4105.164159 0.858279 0.139830
70
55 149 287 407 461 627 676 762 764 834 1075 1092 1468 1571 1745 2501 2557 2626 2706 2973 3041 3166 3171 3181 3493 3519 3657 3744 3878 4326 4491 4536 4591 4703 4891 4893 4899 5250 5287 5300 5617 5771 5811 5892 5981 6111 6381 6396 6519 6563 6564 6836 6867 6900 6928 7099 7122 7390 7497 7749 7993 8379 8446 8479 8895 8960 9276 9397 9804 9990
1.4
1487 3648.870866 0.428528 0.244923
71
153 170 194 199 238 551 730 756 796 998 1326 1576 1679 1725 1978 2026 2329 2757 3052 3280 3312 3361 3535 3645 3711 3748 3809 3846 4464 4650 4743 4753 4780 4784 4827 4932 4959 5456 5487 5604 5660 5784 5792 5838 6609 6614 6666 6713 6886 7065 7095 7171 7410 7429 7539 7835 7860 7881 7962 8003 8007 8186 8387 8437 8450 8528 9181 9377 9522 9909 9974
0.4
6361 1217.430081 0.015517 0.190376
72
246 433 635 639 1102 1674 1865 2107 2204 2230 2313 2333 2335 2336 2382 2504 2633 2725 3367 3387 3600 3725 3775 3812 3878 4118 4150 4161 4313 4497 4534 4577 4650 4840 4992 4998 5518 5541 5762 5774 5931 5934 6005 6137 6485 6734 6937 6956 7164 7195 7337 7457 7495 7499 7525 7594 7641 7728 7783 7902 7933 8000 8595 8800 8881 9166 9294 9511 9558 9653 9928 9997
3.5
2205 5938.086029 0.760951 0.411084
73
42 139 163 733 804 919 921 956 1064 1092 1275 1314 1575 1589 1606 1769 1899 1900 1937 2984 3105 3188 3511 3664 3713 3760 3838 3921 4099 4101 4386 4492 4863 4881 5036 5149 5204 5374 5526 5674 5828 6040 6092 6341 6364 6379 6449 6631 6681 6890 7032 7062 7246 7305 7680 7832 7838 7851 7859 8035 8348 8418 8506 8509 8647 8807 8942 9263 9424 9706 9839 9905 9986
3.2
6621 2266.526941 0.507448 0.341903
74
170 185 348 410 934 1145 1203 1280 1388 1569 1665 1680 1813 1975 2214 2229 2488 2650 2667 2775 2994 3041 3143 3271 3284 3308 3743 4051 4231 4244 4247 4255 4342 4379 4391 4478 4567 4679 4772 5001 5044 5352 5595 5660 5812 5885 5920 6175 6346 6355 6657 6689 6882 6906 7339 7355 7568 7825 8011 8029 8058 8306 8458 8511 8513 8857 9051 9182 9283 9291 9452 9832 9869 9907
5.1
4398 5242.401377 0.950116 0.345494
75
358 506 680 804 1114 1217 1240 1242 1245 1280 1972 2001 2025 2052 2190 2216 2222 2293 2749 2920 3039 3413 3581 3764 3966 3969 4077 4116 4159 4297 4451 4522 4604 4609 4683 4761 4818 4840 4964 4982 5291 5309 5370 5403 5723 6071 6159 6180 6323 6364 6674 6784 7013 7071 7170 7397 7512 7515 7522 7561 7648 7683 7855 7964 8026 8028 8094 8303 8841 8912 8927 9235 9574 9721 9740
0.3
8968 4429.154615 0.532887 0.493135
76
4 333 546 827 1001 1083 1512 1525 1622 1670 1686 1838 1867 1970 2049 2071 2320 2441 2569 2629 2631 2741 2789 2984 3535 3656 3815 3859 4047 4126 4216 4271 4370 4404 4432 4647 4740 5182 5197 5286 5731 5738 5829 5840 5911 6030 6053 6374 6376 6578 6807 6865 7058 7155 7514 7515 7734 7751 7787 8061 8179 8297 8529 8553 8773 8828 9012 9171 9173 9181 9564 9588 9800 9804 9977 10000
5.2
3268 3407.168199 0.506012 0.576140
77
138 338 355 577 578 580 743 773 905 917 1179 1201 1260 1288 1336 1858 1971 2166 2182 2353 2450 2463 2606 2662 3240 3305 3575 3874 3939 3979 4086 4158 4231 4240 4307 4313 4361 4405 4416 4499 4677 4698 4830 4894 5000 5046 5131 5141 5372 5524 5613 5715 5788 6346 6552 6565 7153 7897 7922 7981 8047 8836 8900 8979 9141 9181 9320 9338 9341 9369 9420 9636 9687 9712 9828 9936 9987
9.3
4097 2275.146830 0.385051 0.484786
78
281 318 364 420 552 662 798 831 870 905 1063 1174 1476 1691 1867 2182 2246 2328 2341 2423 2441 3107 3161 3314 3395 3526 3569 3598 3603 4117 4135 4140 4192 4356 4495 4507 4526 4698 4766 4799 5398 5481 5492 5616 5626 5691 5723 5743 5755 5763 5832 5986 6088 6267 6672 7052 7079 7124 7158 7190 7207 7515 7922 7995 8004 8019 8051 8135 8217 8458 8583 8657 8734 8818 9217 9493 9540 9646
2.2
4647 1182.252180 0.171002 0.253147
79
43 189 199 634 761 861 966 1061 1093 1247 1368 1400 1521 1612 1649 1848 2173 2356 2366 2458 2553 2577 2578 2806 2885 2939 3120 3510 3548 3750 3758 3891 3954 3962 4084 4435 4603 4699 4700 5097 5100 5118 5301 5322 5497 5733 5759 5824 5849 6187 6336 6461 6479 6521 6690 7034 7079 7106 7424 7443 7601 7623 7651 7719 7923 7936 7976 8305 8385 8749 8853 8897 8909 9407 9412 9618 9917 9926 9992
6.5
5187 2542.062312 0.441548 0.488418
80
288 290 420 446 482 653 712 742 846 1060 1335 1369 1582 1707 1811 2021 2093 2174 2188 2196 2375 2540 2699 2938 3236 3296 3318 3396 3576 3585 3637 3653 3730 3786 4007 4203 4226 4259 4453 4507 4627 4762 4846 4894 5010 5037 5099 5110 5132 5229 5232 5319 5817 6153 6273 6373 6605 6631 6873 7034 7315 7374 7449 7747 7824 8085 8367 8494 8543 8654 8921 9322 9387 9514 9544 9597 9623 9627 9800 9935
0.6
4380 3522.642970 0.633863 0.743937
81
133 757 918 1149 1164 1289 1327 1398 1438 1507 1603 1760 1970 1984 2010 2127 2136 2190 2243 2301 2542 2677 2732 2956 3008 3195 3235 3368 3518 3644 3902 3962 4092 4121 4184 4345 4704 4708 4744 5019 5202 5596 5650 5660 5726 5887 6364 6391 6426 6434 6436 6811 6821 7207 7483 7575 7665 7715 7780 7835 7912 7990 8019 8049 8052 8171 8349 8400 8589 8622 8714 8829 8868 9115 9145 9166 9277 9566 9603 9704 9896
5.4
677 6710.565980 0.727964 0.221959
82
200 478 550 631 757 919 979 1182 1353 1544 1783 1895 1987 2109 2142 2143 2184 2187 2206 2247 2447 2603 2620 2634 2748 2843 2973 3166 3218 3255 3327 3412 3589 4018 4116 4216 4225 4332 4494 4553 4571 4735 4820 4836 4995 5160 5183 5649 5737 5937 6187 6283 6294 6313 6346 6431 6689 6810 7267 7361 7457 7572 7620 7675 7682 7739 7768 7774 8054 8332 8525 8666 8719 8781 8820 8985 8996 9104 9286 9332 9626 9664
3.0
3155 4403.237662 0.675820 0.462831
83
10 92 99 202 244 617 682 855 966 1187 1277 1310 1714 1783 1791 1793 2005 2098 2115 2188 2511 2604 2667 2745 2825 2900 2950 2954 3392 3462 3497 3751 3896 4051 4136 4262 4294 4314 4404 4469 4608 4710 4923 5010 5062 5275 5354 5390 5543 5569 6104 6119 6409 6410 6441 6667 6680 6737 6828 6922 6998 7161 7463 7494 7553 7689 7720 8012 8153 8432 8518 8561 8688 8790 8974 9026 9102 9104 9360 9450 9664 9752 9946
2.9
2861 3669.667870 0.516663 0.294479
84
13 28 106 135 163 178 384 457 578 696 728 807 817 932 1095 1124 1409 1480 1568 1637 1801 1918 1948 2038 2255 2308 2312 2441 2467 2608 2766 2778 3143 3351 3714 3748 3970 3995 4151 4370 4855 5169 5214 5340 5449 5576 5618 5757 5768 5820 5882 5998 6083 6185 6225 6485 6503 6599 6697 6835 6904 6911 6977 7289 7352 7524 7608 7653 7701 7906 8119 8227 8401 8435 8778 8834 8953 9014 9164 9245 9418 9525 9528 9786
8.8
3790 2451.772691 0.408544 0.406908
85
63 124 170 321 601 676 908 1101 1190 1238 1294 1368 1651 1652 1779 1809 2021 2032 2064 2118 2139 2159 2701 2728 2892 3078 3191 3267 3352 3449 3453 3544 3739 3950 3974 4372 4442 4519 4533 4869 5373 5486 5494 5506 5636 5702 5715 6132 6187 6307 6499 6511 6579 6590 6712 6794 6896 6975 6982 7015 7240 7318 7369 7393 7490 7645 8052 8138 8167 8265 8347 8355 8395 8404 8442 8543 8545 8684 8743 9116 9355 9413 9504 9646 9977
8.6
5435 3317.103684 0.730443 0.145855
86
144 380 449 470 492 518 551 715 800 848 953 1058 1256 1412 1454 1680 1950 2008 2015 2147 2382 2408 2516 2720 2939 3029 3056 3204 3260 3274 3595 3650 3692 3750 3942 3990 4330 4367 4453 4953 5004 5042 5107 5134 5223 5297 5375 5380 5493 5616 5747 5829 5928 6513 6592 6619 6877 6953 7467 7516 7938 7981 8065 8212 8284 8297 8746 8767 8801 8844 8932 9007 9039 9064 9131 9185 9420 9482 9512 9555 9677 9715 9814 9880 9962 9983
8.5
5829 1874.814789 0.366223 0.320498
87
224 290 329 436 608 673 956 1420 1450 1538 1566 1736 1872 1996 2158 2167 2182 2207 2426 2454 2736 2744 3109 3255 3492 3814 3832 3870 4192 4385 4497 4623 4722 4783 4919 4971 5204 5208 5292 5353 5397 5494 5543 5943 5968 5992 6229 6310 6425 6469 6568 6655 6795 6858 7023 7033 7180 7282 7295 7530 7632 7901 7993 8052 8222 8376 8503 8588 8603 8616 8757 8794 8842 8942 8962 9033 9066 9163 9197 9453 9485 9536 9706 9889 9917 9967 9994
8.6
9482 6956.164695 0.137324 0.733046
88
104 158 289 356 485 692 749 883 959 1017 1043 1045 1435 1513 1526 1573 1627 1878 2083 2228 2584 2589 2711 3003 3491 3548 3603 3997 4006 4047 4168 4260 4314 4846 4866 4882 4893 5005 5070 5138 5301 5433 5597 5626 5796 5923 5930 5959 5986 6226 6323 6379 6508 6527 6852 7267 7353 7534 7568 7982 8091 8174 8221 8340 8394 8460 8806 8824 8840 8858 8899 8955 8999 9049 9107 9132 9199 9328 9396 9445 9446 9547 9552 9737 9757 9795 9841 9966
9.2
2658 1713.208510 0.233343 0.590628
89
8 20 113 507 549 569 664 699 911 983 1017 1082 1449 1687 1732 1769 2289 2314 2357 2382 2655 2661 2673 2772 2793 2808 3037 3328 3469 3474 3581 3655 3696 3707 3725 4042 4128 4174 4284 4508 4625 4680 4689 4821 4848 4901 4942 5025 5179 5361 5458 5510 5632 5744 5820 5901 5940 6023 6218 6264 6552 6891 7049 7210 7273 7368 7372 7468 7756 7809 7826 7866 8455 8806 8833 8996 9335 9361 9400 9428 9461 9588 9605 9699 9761 9825 9905 9912 9928
7.7
7928 4106.332907 0.744556 0.517083
90
211 228 306 323 424 429 532 643 809 815 885 1063 1067 1148 1380 1473 1582 1688 1728 1768 1808 1830 1920 1924 2015 2073 2238 2282 2444 2576 2594 2822 2832 2999 3023 3228 3385 3407 3455 3561 3605 3749 3791 3796 3904 4046 4196 4371 4384 4515 4619 4652 4876 5079 5287 5295 5374 5853 6250 6654 6870 6949 7087 7112 7113 7122 7139 7317 7492 7619 7637 8031 8113 8299 8400 8841 8854 8902 8908 8925 9243 9321 9473 9527 9530 9653 9683 9706 9749 9778
6.6
2862 4913.463032 0.709121 0.085915
91
365 379 975 980 1050 1418 1600 1609 1685 1727 1873 1943 2014 2056 2137 2214 2249 2345 2388 2456 2459 2461 2741 2846 3033 3069 3070 3328 3346 3474 3478 3504 3533 3694 3807 3834 4021 4063 4257 4389 4545 4611 4653 4759 4884 5271 5318 5405 5632 5677 5701 5925 5940 6028 6038 6232 6250 6273 6275 6394 6531 6696 6808 7363 7404 7474 7679 7823 8111 8208 8221 8270 8494 8707 8803 8907 9085 9111 9181 9270 9349 9373 9442 9600 9718 9730 9751 9795 9887 9905 9986
0.2
851 6611.029379 0.723562 0.797037
92
108 153 194 231 260 308 485 623 701 1106 1312 1522 1595 1617 1667 1693 1700 1733 1867 2221 2466 2677 2737 2782 2875 3250 3297 3338 3341 3365 3465 3560 3591 3832 3938 4015 4076 4282 4368 4427 4508 4753 4806 4949 5155 5229 5251 5340 5584 5702 5707 5747 5764 5796 5828 5858 5919 5934 6154 6209 6304 6340 6397 6489 6643 6990 7182 7332 7560 7880 7944 7967 8071 8223 8259 8378 8404 8431 8646 8663 8707 8867 9060 9126 9141 9553 9563 9738 9739 9801 9837 9912
9.6
9822 5364.551537 0.874763 0.546061
93
111 144 210 229 436 479 523 565 612 843 1093 1175 1238 1264 1471 1476 1904 2010 2434 2548 2763 2937 3109 3222 3242 3640 3656 3672 3835 3891 4300 4477 4692 4697 4757 5074 5077 5281 5338 5401 5428 5450 5674 5724 5737 5759 5760 5762 5894 5996 6053 6063 6147 6351 6373 6434 6439 6470 6529 6590 6623 6749 6807 6830 7004 7088 7390 7517 7531 7669 8017 8044 8062 8089 8137 8166 8192 8337 8352 8443 8517 8519 8526 8547 8697 8995 9222 9274 9439 9631 9716 9872 9894
4.3
6165 4059.670136 0.152709 0.657896
94
89 249 552 728 834 991 1061 1114 1121 1148 1175 1342 1368 1418 1421 1691 1749 1779 1848 2119 2197 2318 2381 2510 2552 2658 2836 2904 2908 2947 2971 2999 3115 3119 3156 3333 3457 3757 3760 3813 3864 3887 3939 4309 4459 4513 4521 4559 4578 4589 4664 4810 4979 5036 5074 5371 5726 5850 5958 6166 6176 6278 6306 6405 6466 6486 6559 6581 6752 6804 6887 7046 7403 7721 7746 7865 7873 8077 8250 8529 8534 8587 8625 8647 8666 8788 8828 9087 9178 9212 9690 9692 9726 9791
4.3
6602 3615.889723 0.278162 0.546598
95
26 76 256 322 536 651 662 858 881 955 1074 1174 1219 1228 1258 1301 1458 1481 1761 2019 2065 2201 2425 2482 2566 2611 2637 2666 2726 3074 3172 3193 3600 3714 3861 3947 3996 4275 4730 4807 4843 4947 5099 5214 5257 5316 5320 5425 5450 5561 5642 5698 5790 6103 6236 6257 6280 6338 6466 6494 6783 6887 7036 7111 7143 7496 7795 7949 8161 8177 8200 8268 8465 8488 8503 8560 8623 8762 8878 9318 9475 9552 9582 9641 9712 9742 9757 9805 9813 9879 9932 9963 9970 9976 9985
8.7
5277 3462.028962 0.733573 0.433618
96
130 356 401 523 617 701 921 928 952 987 1089 1148 1162 1648 1748 1899 1903 2185 2374 2486 2670 2697 2850 3346 3505 3620 3702 3820 3829 3839 3930 3976 4003 4040 4199 4272 4305 4455 4457 4468 4760 4838 4987 5002 5151 5225 5263 5278 5280 5313 5413 5472 5655 5746 5768 5862 5879 5897 6055 6186 6295 6330 6433 6755 6916 7094 7274 7293 7353 7435 7543 7624 7782 7897 7900 7927 7957 8124 8359 8532 8551 8667 8730 8817 9011 9128 9220 9231 9315 9567 9589 9626 9683 9824 9855 9985
1.8
2606 5870.357098 0.794632 0.997446
97
23 111 228 310 362 402 764 822 835 897 940 1020 1439 1533 1687 1882 1918 2123 2125 2155 2389 2488 2490 2502 2521 2603 2630 2671 2810 2882 2926 2934 3071 3084 3114 3169 3180 3510 3562 3594 3663 3712 3833 3916 3971 4334 4349 4409 4507 4545 4562 4769 4776 4813 5226 5246 5678 5915 5999 6043 6089 6298 6459 6771 6805 7051 7151 7154 7627 7889 7973 8069 8097 8138 8190 8258 8446 8676 8890 8914 9073 9203 9314 9358 9495 9520 9544 9545 9669 9721 9741 9845 9856 9857 9875 9977 9980
6.6
7879 3581.661039 0.918261 0.453710
98
73 78 219 328 640 724 966 1001 1357 1394 2007 2036 2148 2223 2264 2289 2491 2534 2558 2651 2669 2895 3177 3242 3550 3679 3770 3852 4166 4193 4371 4400 4451 4471 4488 4494 4522 4549 4578 4808 4848 4870 4872 4958 4977 5002 5032 5265 5352 5454 5499 5655 5796 5924 6079 6308 6490 6497 6696 6735 6740 6784 6976 6985 7070 7118 7188 7620 7641 7743 7999 8046 8142 8145 8148 8430 8435 8501 8535 8645 8750 8754 8820 8845 8867 8966 8977 8998 9125 9313 9340 9527 9586 9683 9769 9806 9892 9950
4.2
2824 2636.960070 0.368942 0.575140
99
12 370 388 461 475 562 589 683 780 801 832 907 909 1050 1166 1263 1344 1517 1614 1621 1644 1728 1814 1839 1874 1951 2013 2222 2823 2879 2996 3215 3242 3561 3562 3827 3924 3959 4005 4074 4159 4291 4346 4396 4571 4695 4698 4837 4862 5065 5230 5369 5429 5680 5901 5930 5979 6040 6204 6238 6359 6367 6413 6454 6598 6672 6685 6710 6942 7096 7177 7247 7281 7485 7590 7637 7692 7793 7965 7985 8172 8243 8369 8410 8414 8452 8479 8540 8558 8960 9016 9051 9232 9381 9543 9727 9946 9949 9955
4.2
3247 3260.714698 0.485455 0.102050
100
7 30 92 95 134 313 545 666 796 883 891 1010 1219 1253 1434 1446 1482 1490 1538 1605 1691 1766 1883 2124 2190 2345 2409 2504 2528 2763 2908 3202 3237 3399 3478 3549 3589 3594 3684 3697 3989 4082 4138 4214 4369 4444 4569 4634 5020 5084 5132 5266 5365 5366 5521 5547 5821 5946 5966 6020 6073 6101 6156 6504 6530 6689 6779 7135 7281 7707 7728 7756 7780 7884 7962 7996 8054 8062 8114 8128 8284 8347 8467 8621 8622 8911 9033 9088 9220 9259 9277 9311 9569 9614 9686 9720 9754 9776 9874 9977
1.3
6640 1716.447998 0.512469 0.251363
0
