46
1 999966000288
1 999966000289
1 999966000290
2 999966000288
2 999966000289
2 999966000290
3 999966000288
3 999966000289
3 999966000290
4 999966000288
4 999966000289
4 999966000290
5 999966000288
5 999966000289
5 999966000290
7 999966000288
7 999966000289
7 999966000290
8 999966000288
8 999966000289
8 999966000290
9 999966000288
9 999966000289
9 999966000290
10 999966000288
10 999966000289
10 999966000290
999958000440 999966000288
999958000440 999966000289
999958000440 999966000290
999958000441 999966000288
999958000441 999966000289
999958000441 999966000290
999958000442 999966000288
999958000442 999966000289
999958000442 999966000290
999966000288 999966000288
999966000288 999966000289
999966000288 999966000290
999966000288 999999999999
999966000289 999966000289
999966000289 999966000290
999966000289 999999999999
999966000290 999966000290
999966000290 999999999999
999999999999 999999999999
